4 0.500000 0.426309 1.000000 0.794766
1 0.079167 0.065599 0.158333 0.073347
0 0.500000 0.065427 0.486111 0.034435
4 0.951042 0.065427 0.097917 0.055785
1 0.951042 0.065427 0.097917 0.055785
8 0.500000 0.119490 1.000000 0.038567
0 0.500000 0.118285 0.052778 0.026515
3 0.951042 0.118285 0.097917 0.026515
8 0.500000 0.381026 1.000000 0.684917
1 0.500000 0.301997 0.670833 0.332645
0 0.500000 0.653581 0.490278 0.044766
3 0.651042 0.175620 0.697917 0.158402
2 0.079861 0.046488 0.030556 0.014463
0 0.486806 0.169766 0.130556 0.022727
0 0.677431 0.221935 0.511806 0.081612
