3 0.068056 0.038281 0.136111 0.076563
0 0.300000 0.070898 0.308333 0.036328
3 0.941667 0.071094 0.116667 0.065625
4 0.095486 0.839063 0.122917 0.043750
4 0.228125 0.839063 0.122917 0.043750
4 0.361111 0.839063 0.123611 0.043750
1 0.494444 0.839063 0.123611 0.043750
1 0.627778 0.839063 0.123611 0.043750
1 0.761111 0.839063 0.123611 0.043750
1 0.894444 0.839063 0.123611 0.043750
5 0.500000 0.894922 0.951389 0.057031
0 0.500000 0.158984 0.922222 0.055469
0 0.165972 0.223438 0.293056 0.029687
8 0.277083 0.040430 0.534722 0.069922
4 0.267361 0.034961 0.534722 0.069922
6 0.068056 0.289453 0.077778 0.043750
1 0.048611 0.027344 0.097222 0.054688
0 0.393750 0.275000 0.054167 0.029687
0 0.393403 0.304492 0.302083 0.029297
0 0.097917 0.366797 0.156944 0.029687
8 0.461111 0.036719 0.883333 0.067969
4 0.441667 0.033984 0.883333 0.067969
0 0.557986 0.414648 0.310417 0.033203
0 0.557986 0.445898 0.302083 0.029297
8 0.461111 0.110156 0.883333 0.067969
0 0.558333 0.488086 0.244444 0.033203
0 0.557986 0.519336 0.302083 0.029297
8 0.461111 0.183594 0.883333 0.067969
0 0.558333 0.561523 0.047222 0.033203
0 0.557986 0.592773 0.302083 0.029297
