4 0.500000 0.483594 1.000000 0.901563
1 0.500000 0.075195 1.000000 0.150391
1 0.500000 0.696484 1.000000 0.410156
1 0.936458 0.072461 0.102083 0.057422
4 0.244792 0.073633 0.464583 0.058984
2 0.098958 0.054492 0.036806 0.020703
0 0.196528 0.061133 0.158333 0.025391
0 0.244444 0.086328 0.156944 0.025000
3 0.399653 0.073633 0.104861 0.036328
8 0.340278 0.041016 0.087500 0.082031
8 0.252778 0.041016 0.087500 0.082031
8 0.165278 0.041016 0.087500 0.082031
1 0.070833 0.127930 0.116667 0.026172
5 0.485417 0.900000 0.775000 0.061719
4 0.433333 0.699805 0.841667 0.315234
8 0.420833 0.006445 0.841667 0.012891
8 0.420833 0.032813 0.841667 0.039844
8 0.420833 0.070898 0.841667 0.036328
0 0.151736 0.605273 0.278472 0.022266
8 0.420833 0.131250 0.841667 0.084375
8 0.420833 0.193359 0.841667 0.039844
8 0.420833 0.244336 0.841667 0.062109
8 0.420833 0.295312 0.841667 0.039844
1 0.936806 0.821875 0.126389 0.071094
1 0.936458 0.750586 0.102083 0.057422
0 0.936806 0.706250 0.126389 0.025781
1 0.032986 0.014453 0.065972 0.028906
1 0.939236 0.900195 0.121528 0.068359
