0 0.499653 0.063086 0.502083 0.033203
1 0.509375 0.424414 0.939583 0.633203
0 0.512500 0.375586 0.856944 0.492578
0 0.496181 0.626367 0.827083 0.042578
0 0.178819 0.657617 0.197917 0.031641
0 0.419097 0.662500 0.236806 0.032813
0 0.279167 0.695703 0.402778 0.030469
1 0.489236 0.430273 0.942361 0.634766
0 0.485069 0.372070 0.857639 0.475391
0 0.502083 0.613086 0.827778 0.044141
0 0.190278 0.657813 0.198611 0.032031
0 0.397917 0.653320 0.172222 0.031641
0 0.507986 0.696289 0.828472 0.059766
1 0.505556 0.429492 0.950000 0.637891
0 0.510069 0.371094 0.863194 0.478125
0 0.490278 0.612305 0.827778 0.047266
0 0.118750 0.640430 0.091667 0.030078
0 0.305556 0.645117 0.237500 0.033984
0 0.545833 0.651563 0.198611 0.032813
0 0.483333 0.695312 0.829167 0.063281
1 0.498611 0.428320 0.900000 0.615234
0 0.498611 0.369922 0.826389 0.457031
0 0.498611 0.611328 0.826389 0.025781
0 0.170486 0.649023 0.170139 0.027734
0 0.378125 0.649023 0.196528 0.027734
0 0.498611 0.694531 0.826389 0.041406
3 0.255903 0.793750 0.439583 0.054688
3 0.744097 0.793750 0.439583 0.054688
3 0.499653 0.887891 0.364583 0.065625
