0 0.126736 0.070898 0.175694 0.036328
3 0.844444 0.071094 0.116667 0.065625
3 0.165278 0.038281 0.097222 0.065625
7 0.166667 0.032813 0.333333 0.065625
1 0.166667 0.032813 0.058333 0.032813
7 0.500000 0.032813 0.333333 0.065625
7 0.833333 0.032813 0.333333 0.065625
4 0.500000 0.554688 1.000000 0.759375
8 0.500000 0.046484 1.000000 0.092969
0 0.042361 0.188672 0.011111 0.027344
1 0.058333 0.235156 0.097222 0.054688
0 0.565625 0.235156 0.868750 0.029687
8 0.500000 0.141016 1.000000 0.092969
0 0.046528 0.283203 0.019444 0.027344
1 0.058333 0.329688 0.097222 0.054688
0 0.565625 0.329688 0.868750 0.029687
8 0.500000 0.235547 1.000000 0.092969
0 0.046875 0.377734 0.020139 0.027344
1 0.058333 0.424219 0.097222 0.054688
0 0.565625 0.424219 0.868750 0.029687
