4 0.500000 0.517559 1.000000 0.824415
8 0.500000 0.154055 1.000000 0.097408
1 0.080903 0.154055 0.121528 0.073161
0 0.250694 0.132943 0.177778 0.040134
0 0.568403 0.168478 0.813194 0.027592
0 0.920833 0.126254 0.108333 0.026756
4 0.271528 0.035117 0.502778 0.070234
1 0.068750 0.070234 0.077778 0.046823
0 0.310417 0.058319 0.386111 0.035535
0 0.185417 0.085702 0.136111 0.027592
3 0.088889 0.964883 0.177778 0.070234
3 0.284375 0.964883 0.213194 0.070234
3 0.497569 0.964883 0.213194 0.070234
3 0.710764 0.964883 0.213194 0.070234
3 0.911111 0.035117 0.177778 0.070234
