0 0.214931 0.070898 0.079861 0.036328
3 0.068056 0.038281 0.136111 0.076563
3 0.825000 0.071094 0.116667 0.065625
3 0.941667 0.071094 0.116667 0.065625
1 0.500000 0.521875 1.000000 0.825000
3 0.500000 0.484180 1.000000 0.749609
4 0.500000 0.521875 1.000000 0.825000
8 0.500000 0.065820 1.000000 0.131641
0 0.500000 0.125781 1.000000 0.032813
1 0.087500 0.191797 0.097222 0.054688
0 0.568056 0.177148 0.786111 0.033203
0 0.515625 0.211914 0.681250 0.022266
0 0.908681 0.211914 0.104861 0.018359
3 0.500000 0.032813 1.000000 0.065625
