6 0.500000 0.483594 1.000000 0.901563
1 0.500000 0.483594 1.000000 0.901563
4 0.058333 0.901563 0.077778 0.065625
4 0.941667 0.901563 0.077778 0.065625
5 0.500000 0.901563 0.766667 0.065625
8 0.500000 0.502930 1.000000 0.214453
1 0.188542 0.612305 0.315972 0.177734
0 0.445833 0.543750 0.150000 0.040625
2 0.015972 0.012109 0.031944 0.017969
0 0.469097 0.576172 0.107639 0.024219
2 0.015972 0.023047 0.031944 0.017969
0 0.433333 0.634766 0.036111 0.024219
0 0.510069 0.634766 0.117361 0.024219
0 0.644097 0.634766 0.150694 0.024219
8 0.500000 0.684766 1.000000 0.149219
0 0.500000 0.744727 0.104167 0.036328
3 0.847222 0.791016 0.077778 0.025781
0 0.870833 0.828711 0.125000 0.022266
0 0.277431 0.027148 0.204861 0.033203
3 0.068056 0.038281 0.136111 0.076563
0 0.245833 0.087695 0.141667 0.022266
4 0.941667 0.071094 0.116667 0.065625
