4 0.124306 0.035156 0.248611 0.070312
1 0.124306 0.054688 0.058333 0.032813
0 0.123958 0.083984 0.139583 0.025781
1 0.249306 0.035156 0.001389 0.053906
4 0.374306 0.035156 0.248611 0.070312
1 0.374306 0.054688 0.058333 0.032813
0 0.373958 0.083984 0.096528 0.025781
1 0.499306 0.035156 0.001389 0.053906
4 0.624653 0.035156 0.249306 0.070312
1 0.624306 0.054688 0.058333 0.032813
0 0.624653 0.083984 0.136806 0.025781
4 0.875347 0.035156 0.249306 0.070312
1 0.875000 0.054688 0.058333 0.032813
0 0.875347 0.083984 0.109028 0.025781
3 0.500000 0.486914 1.000000 0.767578
8 0.500000 0.044141 1.000000 0.088281
4 0.500000 0.146875 0.961111 0.087500
1 0.068056 0.146875 0.097222 0.054688
0 0.553472 0.146680 0.854167 0.031641
8 0.500000 0.132422 1.000000 0.088281
4 0.500000 0.235156 0.961111 0.087500
1 0.068056 0.235156 0.097222 0.054688
0 0.553472 0.234961 0.854167 0.031641
8 0.500000 0.220703 1.000000 0.088281
4 0.500000 0.323437 0.961111 0.087500
1 0.068056 0.323437 0.097222 0.054688
0 0.553472 0.323242 0.854167 0.031641
8 0.500000 0.308984 1.000000 0.088281
4 0.500000 0.411719 0.961111 0.087500
1 0.068056 0.411719 0.097222 0.054688
0 0.553472 0.411523 0.854167 0.031641
8 0.500000 0.396875 1.000000 0.087500
4 0.500000 0.500000 0.961111 0.087500
1 0.068056 0.500000 0.097222 0.054688
0 0.553472 0.499805 0.854167 0.031641
1 0.500000 0.756641 1.000000 0.021875
3 0.077778 0.902930 0.155556 0.062891
3 0.500000 0.902930 0.688889 0.062891
3 0.922222 0.902930 0.155556 0.062891
1 0.500000 0.114062 1.000000 0.021875
