0 0.471181 0.070898 0.689583 0.036328
3 0.058333 0.038281 0.116667 0.076563
3 0.048611 0.038281 0.097222 0.065625
4 0.055903 0.893164 0.072917 0.041016
4 0.944097 0.893164 0.072917 0.041016
5 0.500000 0.893164 0.766667 0.033203
8 0.500000 0.260937 1.000000 0.303125
8 0.103472 0.167578 0.109722 0.061719
8 0.274653 0.139648 0.184028 0.033203
8 0.271181 0.169141 0.177083 0.025781
8 0.500000 0.246289 0.926389 0.054297
8 0.500000 0.339648 0.926389 0.104297
8 0.500000 0.374219 1.000000 0.142187
8 0.079167 0.457031 0.109722 0.061719
8 0.250347 0.442773 0.184028 0.033203
8 0.247917 0.472266 0.179167 0.025781
8 0.946528 0.442578 0.058333 0.032813
8 0.217361 0.528125 0.386111 0.053125
3 0.500000 0.819141 1.000000 0.065625
