0 0.243056 0.045833 0.213889 0.027020
3 0.068056 0.024747 0.136111 0.049495
3 0.708333 0.045960 0.116667 0.042424
4 0.834722 0.045960 0.136111 0.049495
3 0.301389 0.024747 0.097222 0.042424
4 0.125000 0.021212 0.250000 0.042424
4 0.375000 0.021212 0.250000 0.042424
4 0.625000 0.021212 0.250000 0.042424
4 0.875000 0.021212 0.250000 0.042424
8 0.500000 0.358586 1.000000 0.490909
8 0.500000 0.113636 1.000000 0.227273
4 0.500000 0.228535 1.000000 0.216667
0 0.519444 0.279545 0.961111 0.024242
0 0.519444 0.259343 0.961111 0.016162
3 0.099653 0.316919 0.199306 0.039899
3 0.298958 0.316919 0.209028 0.039899
0 0.886111 0.316919 0.227778 0.039899
8 0.500000 0.357828 1.000000 0.261111
4 0.500000 0.472727 1.000000 0.250505
0 0.864931 0.369571 0.192361 0.015909
0 0.394097 0.369571 0.710417 0.015909
0 0.500000 0.404545 0.922222 0.046970
0 0.135417 0.447980 0.270833 0.039899
3 0.845833 0.447980 0.230556 0.025758
4 0.092361 0.508838 0.106944 0.038889
0 0.865278 0.502652 0.191667 0.015909
3 0.297917 0.504167 0.245833 0.018939
3 0.341319 0.521591 0.332639 0.015909
0 0.568056 0.541667 0.786111 0.018687
3 0.235417 0.570960 0.120833 0.039899
8 0.500000 0.618939 1.000000 0.261111
4 0.893056 0.565152 0.136111 0.049495
