0 0.322917 0.070898 0.295833 0.036328
3 0.068056 0.038281 0.136111 0.076563
3 0.825000 0.071094 0.116667 0.065625
3 0.941667 0.071094 0.116667 0.065625
8 0.500000 0.173828 1.000000 0.128906
1 0.076042 0.135352 0.072917 0.041016
3 0.481250 0.173828 0.765278 0.128906
8 0.500000 0.163086 1.000000 0.068359
3 0.773611 0.272461 0.394444 0.068359
8 0.500000 0.341406 1.000000 0.069531
1 0.076042 0.332617 0.072917 0.041016
3 0.419444 0.341406 0.641667 0.069531
8 0.500000 0.300977 1.000000 0.068359
3 0.801389 0.410352 0.338889 0.068359
8 0.500000 0.508984 1.000000 0.128906
1 0.076042 0.470508 0.072917 0.041016
3 0.481250 0.508984 0.765278 0.128906
8 0.500000 0.608984 1.000000 0.098437
3 0.481250 0.608984 0.765278 0.098437
4 0.874653 0.831250 0.225694 0.050000
0 0.829514 0.831250 0.135417 0.022656
1 0.922917 0.831055 0.051389 0.015234
5 0.404167 0.891797 0.783333 0.071094
3 0.891667 0.891797 0.191667 0.071094
