0 0.788889 0.224080 0.087500 0.026756
0 0.932986 0.210284 0.031250 0.034281
0 0.677778 0.279682 0.087500 0.026756
0 0.877431 0.265886 0.142361 0.034281
0 0.067014 0.321488 0.031250 0.034281
0 0.211111 0.335284 0.087500 0.026756
0 0.088194 0.377090 0.073611 0.034281
0 0.253472 0.390886 0.087500 0.026756
0 0.606250 0.446488 0.087500 0.026756
0 0.841667 0.432692 0.213889 0.034281
0 0.025347 0.517559 0.035417 0.107023
0 0.538194 0.515886 0.820833 0.034281
1 0.293750 0.207776 0.500000 0.401338
0 0.679861 0.980351 0.087500 0.026756
0 0.906944 0.056020 0.161111 0.026756
