4 0.500000 0.517559 1.000000 0.964883
4 0.054861 0.068144 0.109722 0.066054
0 0.500000 0.067935 0.336111 0.035535
0 0.184722 0.039925 0.344444 0.035535
5 0.500000 0.195025 0.940278 0.051421
0 0.079514 0.146112 0.134028 0.035535
5 0.500000 0.301212 0.940278 0.051421
0 0.071181 0.252299 0.117361 0.035535
3 0.500000 0.407400 0.940278 0.051421
4 0.500000 0.475334 0.940278 0.036789
0 0.099653 0.017768 0.199306 0.035535
1 0.228472 0.017559 0.048611 0.029264
1 0.337500 0.475334 0.061111 0.036789
4 0.168403 0.526756 0.277083 0.036789
0 0.095833 0.018186 0.191667 0.035535
1 0.276389 0.526756 0.061111 0.036789
3 0.500000 0.622283 0.915278 0.080686
