5 0.245833 0.070898 0.219444 0.062891
0 0.195486 0.059766 0.099306 0.029687
0 0.162153 0.085742 0.032639 0.022266
3 0.068056 0.038281 0.136111 0.076563
5 0.800694 0.071094 0.116667 0.065625
1 0.800694 0.071094 0.116667 0.065625
4 0.929514 0.071094 0.140972 0.076563
1 0.929514 0.070898 0.140972 0.035547
4 0.500000 0.521875 1.000000 0.825000
8 0.500000 0.141602 1.000000 0.283203
1 0.103472 0.168750 0.097222 0.054688
0 0.477083 0.153516 0.581944 0.024219
0 0.278819 0.177734 0.185417 0.024219
4 0.500000 0.278711 0.958333 0.126953
0 0.500000 0.237891 0.890278 0.045312
0 0.104861 0.320508 0.168056 0.043359
1 0.500000 0.342383 0.958333 0.000391
3 0.269097 0.366016 0.135417 0.027344
3 0.730903 0.366016 0.134028 0.027344
8 0.500000 0.445898 1.000000 0.325391
1 0.103472 0.451953 0.097222 0.054688
0 0.464583 0.436719 0.556944 0.024219
0 0.256597 0.460938 0.140972 0.024219
4 0.500000 0.583008 0.958333 0.169141
0 0.500000 0.542188 0.890278 0.087500
0 0.104861 0.645898 0.168056 0.043359
1 0.500000 0.667773 0.958333 0.000391
3 0.269097 0.691406 0.186806 0.027344
3 0.730903 0.691406 0.115972 0.027344
8 0.500000 0.750195 1.000000 0.283203
1 0.103472 0.777344 0.097222 0.054688
0 0.456597 0.762109 0.540972 0.024219
0 0.256597 0.786328 0.140972 0.024219
4 0.500000 0.879102 0.958333 0.110547
0 0.500000 0.846484 0.890278 0.045312
0 0.104861 0.920898 0.168056 0.026953
4 0.885417 0.757812 0.161111 0.096094
1 0.885417 0.757812 0.058333 0.032813
