4 0.500000 0.467187 1.000000 0.934375
3 0.058333 0.038281 0.116667 0.076563
1 0.941667 0.071094 0.116667 0.076563
0 0.266667 0.069336 0.261111 0.033203
1 0.065625 0.071094 0.131250 0.076563
8 0.500000 0.412500 1.000000 0.825000
4 0.500000 0.521875 1.000000 0.825000
8 0.500000 0.150586 1.000000 0.082422
1 0.097222 0.150391 0.116667 0.065625
0 0.547222 0.139063 0.705556 0.029687
0 0.547222 0.165039 0.705556 0.022266
1 0.936806 0.150391 0.048611 0.027344
8 0.500000 0.232617 1.000000 0.082422
1 0.097222 0.232422 0.116667 0.065625
0 0.547222 0.221094 0.705556 0.029687
0 0.547222 0.247070 0.705556 0.022266
1 0.936806 0.232422 0.048611 0.027344
8 0.500000 0.314648 1.000000 0.082422
1 0.097222 0.314453 0.116667 0.065625
0 0.547222 0.293750 0.705556 0.029687
0 0.547222 0.329297 0.705556 0.041406
1 0.936806 0.314453 0.048611 0.027344
8 0.500000 0.396680 1.000000 0.082422
1 0.097222 0.396484 0.116667 0.065625
0 0.547222 0.385156 0.705556 0.029687
0 0.547222 0.411133 0.705556 0.022266
1 0.936806 0.396484 0.048611 0.027344
8 0.500000 0.478711 1.000000 0.082422
1 0.097222 0.478516 0.116667 0.065625
0 0.547222 0.457813 0.705556 0.029687
0 0.547222 0.493359 0.705556 0.041406
1 0.936806 0.478516 0.048611 0.027344
8 0.500000 0.560742 1.000000 0.082422
1 0.097222 0.560547 0.116667 0.065625
0 0.547222 0.539844 0.705556 0.029687
0 0.547222 0.575391 0.705556 0.041406
1 0.936806 0.560547 0.048611 0.027344
8 0.500000 0.642773 1.000000 0.082422
1 0.097222 0.642578 0.116667 0.065625
0 0.547222 0.631250 0.705556 0.029687
0 0.547222 0.657227 0.705556 0.022266
1 0.936806 0.642578 0.048611 0.027344
