4 0.500000 0.800391 0.194444 0.109375
4 0.500000 0.500000 1.000000 1.000000
1 0.500000 0.500000 1.000000 1.000000
4 0.079514 0.044727 0.104861 0.058984
4 0.920486 0.044727 0.104861 0.058984
4 0.776736 0.044727 0.104861 0.058984
4 0.632986 0.044727 0.104861 0.058984
4 0.076389 0.880078 0.100000 0.056250
0 0.076389 0.883203 0.023611 0.035156
0 0.076736 0.913867 0.153472 0.030078
4 0.229861 0.876953 0.090278 0.050781
0 0.230208 0.913867 0.153472 0.030078
4 0.383681 0.879883 0.104861 0.058984
0 0.383681 0.913867 0.153472 0.030078
4 0.878472 0.855859 0.243056 0.136719
0 0.878125 0.913867 0.153472 0.030078
