3 0.611111 0.071094 0.116667 0.065625
3 0.727778 0.071094 0.116667 0.065625
3 0.844444 0.071094 0.116667 0.065625
3 0.398611 0.038281 0.097222 0.065625
3 0.068056 0.038281 0.136111 0.076563
8 0.500000 0.488867 1.000000 0.758984
4 0.500000 0.379492 1.000000 0.758984
8 0.500000 0.052734 1.000000 0.105469
0 0.500000 0.123828 1.000000 0.028906
1 0.068056 0.176563 0.136111 0.076563
3 0.931944 0.176563 0.120833 0.067969
8 0.500000 0.159766 1.000000 0.105469
0 0.448611 0.230859 0.897222 0.028906
3 0.948611 0.230859 0.102778 0.028906
1 0.068056 0.283594 0.136111 0.076563
3 0.931944 0.283594 0.120833 0.067969
8 0.500000 0.266797 1.000000 0.105469
0 0.500000 0.337891 1.000000 0.028906
1 0.068056 0.390625 0.136111 0.076563
3 0.931944 0.390625 0.120833 0.067969
8 0.500000 0.359375 1.000000 0.076563
1 0.068056 0.468750 0.136111 0.076563
3 0.931944 0.468750 0.120833 0.067969
4 0.124653 0.033008 0.249306 0.066016
0 0.124653 0.923242 0.249306 0.022266
4 0.374653 0.033008 0.249306 0.066016
0 0.374653 0.923242 0.249306 0.022266
4 0.624653 0.033008 0.249306 0.066016
0 0.624653 0.923242 0.249306 0.022266
4 0.875000 0.033008 0.250000 0.066016
0 0.875000 0.923242 0.250000 0.022266
