4 0.500000 0.521875 0.961111 0.825000
8 0.480556 0.032813 0.961111 0.065625
1 0.077778 0.142187 0.116667 0.065625
8 0.480556 0.100000 0.961111 0.065625
1 0.077778 0.209375 0.116667 0.065625
8 0.480556 0.167187 0.961111 0.065625
1 0.077778 0.276562 0.116667 0.065625
8 0.480556 0.234375 0.961111 0.065625
1 0.077778 0.343750 0.116667 0.065625
8 0.480556 0.301563 0.961111 0.065625
1 0.077778 0.410938 0.116667 0.065625
8 0.480556 0.368750 0.961111 0.065625
1 0.077778 0.478125 0.116667 0.065625
8 0.480556 0.435937 0.961111 0.065625
1 0.077778 0.545312 0.116667 0.065625
8 0.480556 0.503125 0.961111 0.065625
1 0.077778 0.612500 0.116667 0.065625
8 0.480556 0.570312 0.961111 0.065625
1 0.077778 0.679688 0.116667 0.065625
8 0.480556 0.637500 0.961111 0.065625
1 0.077778 0.746875 0.116667 0.065625
8 0.480556 0.704688 0.961111 0.065625
1 0.077778 0.814063 0.116667 0.065625
8 0.480556 0.771875 0.961111 0.065625
1 0.077778 0.881250 0.116667 0.065625
8 0.480556 0.839063 0.961111 0.065625
1 0.077778 0.925000 0.116667 0.018750
3 0.068056 0.038281 0.136111 0.076563
