4 0.125000 0.038281 0.250000 0.076563
4 0.375000 0.038281 0.250000 0.076563
0 0.375000 0.077344 0.105556 0.029687
4 0.625000 0.038281 0.250000 0.076563
0 0.624653 0.077344 0.054861 0.029687
0 0.694444 0.062695 0.052778 0.026172
4 0.875000 0.038281 0.250000 0.076563
0 0.874653 0.077344 0.089583 0.029687
8 0.500000 0.412500 1.000000 0.825000
8 0.500000 0.091211 1.000000 0.182422
4 0.500000 0.200586 1.000000 0.182422
3 0.500000 0.163672 0.922222 0.108594
6 0.082639 0.256250 0.087500 0.049219
0 0.140972 0.256250 0.019444 0.049219
4 0.223611 0.256250 0.087500 0.049219
0 0.281944 0.256250 0.019444 0.049219
4 0.917361 0.256250 0.087500 0.049219
8 0.500000 0.383594 1.000000 0.372656
4 0.500000 0.492969 1.000000 0.372656
0 0.876042 0.336719 0.170139 0.027344
3 0.175000 0.342578 0.272222 0.039062
0 0.500000 0.393945 0.922222 0.036328
3 0.500000 0.515625 0.922222 0.179688
6 0.082639 0.643750 0.087500 0.049219
0 0.140972 0.643750 0.019444 0.049219
4 0.223611 0.643750 0.087500 0.049219
0 0.291667 0.643750 0.038889 0.049219
4 0.917361 0.643750 0.087500 0.049219
8 0.500000 0.792383 1.000000 0.415234
4 0.500000 0.814258 1.000000 0.240234
0 0.876042 0.724219 0.170139 0.027344
3 0.127431 0.730078 0.177083 0.039062
0 0.500000 0.781445 0.922222 0.036328
3 0.500000 0.873828 0.922222 0.121094
4 0.893056 0.874219 0.136111 0.076563
