0 0.281250 0.059665 0.212500 0.027942
4 0.068056 0.032216 0.136111 0.064431
7 0.100000 0.027613 0.200000 0.055227
1 0.100000 0.119658 0.059722 0.024326
7 0.300000 0.027613 0.200000 0.055227
1 0.300000 0.119494 0.037500 0.021368
7 0.500000 0.027613 0.200000 0.055227
1 0.499653 0.119494 0.045139 0.020710
7 0.700000 0.027613 0.200000 0.055227
1 0.699653 0.119494 0.054861 0.022025
7 0.900000 0.027613 0.200000 0.055227
1 0.900000 0.119494 0.056944 0.020053
7 0.166667 0.020217 0.333333 0.040434
0 0.166319 0.020217 0.095139 0.023340
7 0.500000 0.020217 0.333333 0.040434
0 0.166319 0.020217 0.081250 0.023340
7 0.833333 0.020217 0.333333 0.040434
0 0.833333 0.167488 0.275000 0.023340
0 0.499653 0.487015 0.478472 0.023340
4 0.500000 0.347140 1.000000 0.694280
8 0.500000 0.500000 1.000000 1.000000
7 0.166667 0.027613 0.333333 0.055227
0 0.166319 0.027449 0.079861 0.023340
7 0.500000 0.027613 0.333333 0.055227
0 0.166319 0.027449 0.115972 0.023340
7 0.833333 0.027613 0.333333 0.055227
0 0.166319 0.027449 0.131250 0.023340
0 0.279861 0.177350 0.481944 0.023340
0 0.144097 0.218277 0.210417 0.058514
8 0.099653 0.286489 0.121528 0.057528
8 0.242708 0.286489 0.121528 0.057528
8 0.385764 0.286489 0.121528 0.057528
8 0.528819 0.286489 0.121528 0.057528
8 0.671875 0.286489 0.121528 0.057528
8 0.814931 0.286489 0.121528 0.057528
8 0.929167 0.286489 0.063889 0.057528
0 0.166319 0.027449 0.199306 0.023340
0 0.166667 0.027449 0.115278 0.023340
0 0.166667 0.027449 0.206944 0.023340
0 0.098264 0.444280 0.118750 0.027942
0 0.139931 0.470579 0.202083 0.024655
0 0.500000 0.561473 0.922222 0.157133
0 0.499653 0.702827 0.453472 0.051940
0 0.499653 0.741124 0.371528 0.024655
0 0.396528 0.781394 0.618056 0.009862
4 0.829514 0.775641 0.222917 0.021368
