1 0.500000 0.149247 0.145833 0.087793
0 0.500000 0.214047 1.000000 0.035117
3 0.514583 0.242057 0.151389 0.035117
3 0.499653 0.287625 0.315972 0.048495
1 0.260417 0.474080 0.436111 0.262542
4 0.605556 0.393813 0.169444 0.102007
0 0.744792 0.401129 0.060417 0.116639
4 0.605208 0.510242 0.168750 0.101589
0 0.747222 0.517768 0.066667 0.116639
2 0.534375 0.590719 0.027083 0.023411
0 0.660069 0.590510 0.199306 0.023829
0 0.070139 0.655100 0.140278 0.048495
1 0.061111 0.035117 0.048611 0.029264
0 0.542708 0.719273 0.914583 0.068144
0 0.169097 0.792433 0.167361 0.068144
0 0.542708 0.865594 0.914583 0.068144
0 0.091667 0.926003 0.183333 0.048495
4 0.500000 0.978052 1.000000 0.043896
0 0.542708 0.978052 0.914583 0.043896
3 0.091319 0.035117 0.182639 0.070234
1 0.091319 0.070234 0.182639 0.070234
2 0.182292 0.070443 0.000694 0.000418
4 0.795833 0.070234 0.136111 0.070234
1 0.795833 0.070234 0.136111 0.052676
3 0.204167 0.035117 0.136111 0.070234
