1 0.500000 0.038281 0.412500 0.076563
3 0.939583 0.038281 0.120833 0.053125
8 0.500000 0.054102 0.951389 0.080859
1 0.063194 0.148828 0.077778 0.044531
0 0.520139 0.130664 0.729167 0.048047
8 0.500000 0.137109 0.951389 0.058594
1 0.063194 0.220703 0.077778 0.044531
0 0.493056 0.213672 0.675000 0.025781
8 0.500000 0.220117 0.951389 0.080859
0 0.543056 0.296680 0.729167 0.048047
8 0.500000 0.314258 0.951389 0.080859
1 0.063194 0.408984 0.077778 0.044531
0 0.520139 0.390820 0.729167 0.048047
8 0.500000 0.530664 0.951389 0.325391
0 0.669097 0.473828 0.554861 0.025781
4 0.656944 0.535937 0.540278 0.043750
1 0.452778 0.535937 0.077778 0.043750
0 0.695833 0.535937 0.408333 0.029687
4 0.656944 0.601562 0.540278 0.043750
1 0.452778 0.601562 0.077778 0.043750
0 0.695833 0.601562 0.408333 0.029687
4 0.656944 0.667188 0.540278 0.043750
1 0.452778 0.667188 0.077778 0.043750
0 0.695833 0.667188 0.408333 0.029687
3 0.656944 0.724023 0.559722 0.048047
8 0.500000 0.853320 0.951389 0.293359
3 0.261458 0.909570 0.474306 0.022266
3 0.738542 0.909570 0.474306 0.022266
