3 0.908681 0.071697 0.157639 0.073161
3 0.195486 0.071697 0.390972 0.073161
3 0.586111 0.071697 0.390278 0.073161
8 0.500000 0.445861 1.000000 0.891722
0 0.500000 0.128763 1.000000 0.040970
0 0.050694 0.185619 0.052778 0.031773
5 0.225000 0.185619 0.243056 0.027592
4 0.500000 0.488712 1.000000 0.530936
8 0.500000 0.066263 1.000000 0.132525
1 0.072917 0.311873 0.097222 0.058528
0 0.242708 0.311873 0.193750 0.031773
8 0.500000 0.176839 1.000000 0.088629
1 0.072917 0.400502 0.097222 0.058528
0 0.278472 0.400502 0.265278 0.031773
8 0.500000 0.287416 1.000000 0.132525
0 0.500000 0.466764 1.000000 0.044732
1 0.072917 0.533027 0.097222 0.058528
0 0.178819 0.520903 0.065972 0.031773
0 0.281250 0.548704 0.270833 0.023829
8 0.500000 0.397993 1.000000 0.088629
1 0.072917 0.621656 0.097222 0.058528
0 0.178819 0.609532 0.065972 0.031773
0 0.276042 0.637333 0.260417 0.023829
8 0.500000 0.486622 1.000000 0.088629
1 0.072917 0.710284 0.097222 0.058528
0 0.178819 0.698161 0.065972 0.031773
0 0.288542 0.725962 0.285417 0.023829
