4 0.098958 0.882227 0.197917 0.095703
1 0.098611 0.032813 0.097222 0.054688
0 0.098611 0.909375 0.104167 0.029687
4 0.297222 0.882227 0.198611 0.095703
1 0.099306 0.032813 0.097222 0.054688
0 0.296875 0.909375 0.175694 0.029687
4 0.495833 0.882227 0.198611 0.095703
1 0.495139 0.867188 0.097222 0.054688
0 0.495139 0.909375 0.090278 0.029687
4 0.694444 0.882227 0.198611 0.095703
1 0.688194 0.867188 0.097222 0.054688
0 0.694097 0.909375 0.079861 0.029687
4 0.893056 0.882031 0.198611 0.082031
1 0.099306 0.027344 0.097222 0.054688
0 0.893056 0.909375 0.173611 0.027344
1 0.044792 0.064648 0.064583 0.036328
0 0.499653 0.069336 0.124306 0.045703
8 0.500000 0.364258 1.000000 0.728516
4 0.500000 0.470117 1.000000 0.728516
8 0.503819 0.042188 0.992361 0.057031
0 0.503819 0.148047 0.992361 0.057031
8 0.503819 0.112109 0.992361 0.082812
0 0.503819 0.217969 0.992361 0.082812
8 0.503819 0.182031 0.992361 0.057031
0 0.503819 0.287891 0.992361 0.057031
8 0.503819 0.266992 0.992361 0.112891
1 0.110069 0.366992 0.170139 0.095703
0 0.318056 0.351953 0.220833 0.029687
0 0.523264 0.381641 0.631250 0.029687
0 0.917014 0.366797 0.156250 0.029687
