1 0.500000 0.483594 1.000000 0.901563
4 0.500000 0.304492 1.000000 0.412109
8 0.500000 0.091992 1.000000 0.183984
1 0.053472 0.118555 0.087500 0.040234
4 0.195833 0.096484 0.391667 0.192969
3 0.302778 0.190430 0.391667 0.183984
0 0.551042 0.273242 0.104861 0.018359
8 0.500000 0.266406 1.000000 0.165625
0 0.675694 0.413086 0.063889 0.018359
0 0.655208 0.431445 0.104861 0.018359
4 0.135069 0.079297 0.270139 0.158594
3 0.852431 0.368359 0.270139 0.158594
8 0.500000 0.380469 1.000000 0.063281
1 0.053472 0.478906 0.087500 0.049219
3 0.368750 0.479687 0.523611 0.050781
0 0.682986 0.495898 0.104861 0.018359
1 0.046181 0.544727 0.082639 0.068359
5 0.480556 0.544727 0.786111 0.068359
3 0.936806 0.544727 0.126389 0.068359
1 0.936806 0.544727 0.126389 0.068359
4 0.500000 0.726562 1.000000 0.293750
8 0.105903 0.048633 0.172917 0.097266
8 0.302431 0.048633 0.172917 0.097266
8 0.498958 0.048633 0.172917 0.097266
8 0.695486 0.048633 0.172917 0.097266
8 0.892014 0.048633 0.172917 0.097266
8 0.105903 0.145898 0.172917 0.097266
8 0.302431 0.145898 0.172917 0.097266
8 0.498958 0.145898 0.172917 0.097266
8 0.695486 0.145898 0.172917 0.097266
8 0.892014 0.145898 0.172917 0.097266
8 0.105903 0.243164 0.172917 0.097266
8 0.302431 0.243164 0.172917 0.097266
8 0.498958 0.243164 0.172917 0.097266
8 0.695486 0.243164 0.172917 0.097266
8 0.892014 0.243164 0.172917 0.097266
8 0.105903 0.340430 0.172917 0.097266
8 0.302431 0.340430 0.172917 0.097266
8 0.498958 0.340430 0.172917 0.097266
8 0.695486 0.340430 0.172917 0.097266
8 0.892014 0.340430 0.172917 0.097266
1 0.062153 0.904297 0.124306 0.060156
8 0.067014 0.030078 0.134028 0.060156
1 0.190972 0.904297 0.106944 0.050781
8 0.201042 0.030078 0.134028 0.060156
1 0.325000 0.904297 0.106944 0.050781
8 0.335069 0.030078 0.134028 0.060156
1 0.459028 0.904297 0.106944 0.050781
8 0.469097 0.030078 0.134028 0.060156
1 0.593056 0.904297 0.106944 0.050781
8 0.603125 0.030078 0.134028 0.060156
1 0.727083 0.904297 0.106944 0.050781
8 0.737153 0.030078 0.134028 0.060156
1 0.861111 0.904297 0.106944 0.050781
8 0.871181 0.030078 0.134028 0.060156
1 0.970833 0.904297 0.058333 0.050781
4 0.402778 0.065625 0.727778 0.065625
1 0.062847 0.065625 0.047917 0.065625
0 0.219792 0.065430 0.265972 0.033203
3 0.825000 0.065625 0.116667 0.065625
1 0.825000 0.065625 0.116667 0.065625
3 0.941667 0.065625 0.116667 0.065625
1 0.941667 0.065625 0.116667 0.065625
1 0.500000 0.100195 1.000000 0.003516
