4 0.071875 0.070898 0.065972 0.041016
1 0.062153 0.070898 0.046528 0.026172
1 0.386806 0.070898 0.486111 0.019922
3 0.048611 0.038281 0.097222 0.065625
7 0.166667 0.032813 0.333333 0.065625
0 0.166319 0.142187 0.136806 0.025781
7 0.500000 0.032813 0.333333 0.065625
0 0.499653 0.142187 0.132639 0.025781
7 0.833333 0.032813 0.333333 0.065625
0 0.832986 0.142187 0.172917 0.039844
8 0.500000 0.379688 1.000000 0.759375
0 0.500000 0.564258 0.922222 0.030078
3 0.500000 0.623047 0.844444 0.065625
0 0.548958 0.874023 0.318750 0.030078
0 0.766667 0.874219 0.038889 0.120313
3 0.893056 0.874219 0.136111 0.076563
