1 0.500000 0.794141 1.000000 0.061719
5 0.505903 0.903516 0.768750 0.061719
1 0.945139 0.903516 0.109722 0.061719
4 0.500000 0.491016 1.000000 0.763281
8 0.500000 0.503906 1.000000 0.300781
0 0.598958 0.613281 0.607639 0.281250
1 0.953472 0.725000 0.093056 0.052344
8 0.500000 0.708594 1.000000 0.109375
0 0.500000 0.785937 0.086111 0.025781
0 0.171181 0.834375 0.147917 0.057031
1 0.046528 0.833984 0.093056 0.052344
1 0.054861 0.903516 0.109722 0.061719
0 0.187153 0.038281 0.296528 0.029687
3 0.941667 0.071094 0.116667 0.065625
