3 0.068056 0.038281 0.136111 0.076563
3 0.048611 0.038281 0.097222 0.065625
8 0.500000 0.131250 1.000000 0.043750
0 0.500347 0.133789 0.139583 0.022266
3 0.955208 0.133789 0.089583 0.022266
3 0.500000 0.543750 1.000000 0.781250
8 0.480556 0.065039 0.961111 0.130078
1 0.480556 0.038281 0.883333 0.054688
3 0.164236 0.191406 0.250694 0.054688
3 0.418056 0.191406 0.251389 0.054688
3 0.672222 0.191406 0.251389 0.054688
4 0.861458 0.191406 0.121528 0.054688
5 0.534028 0.252344 0.776389 0.045312
4 0.077778 0.251563 0.077778 0.043750
8 0.480556 0.168359 0.961111 0.076563
0 0.548611 0.321484 0.747222 0.025781
1 0.893056 0.038281 0.058333 0.032813
8 0.480556 0.244922 0.961111 0.076563
0 0.548611 0.398047 0.747222 0.025781
8 0.480556 0.321484 0.961111 0.076563
0 0.548611 0.474609 0.747222 0.025781
8 0.480556 0.398047 0.961111 0.076563
0 0.548611 0.551172 0.747222 0.025781
