8 0.500000 0.299830 1.000000 0.558973
8 0.461111 0.015984 0.844444 0.031969
0 0.461111 0.036328 0.844444 0.031969
8 0.461111 0.070719 0.844444 0.070719
0 0.461111 0.091063 0.844444 0.070719
8 0.500000 0.134899 0.922222 0.040688
0 0.736111 0.155243 0.450000 0.038750
8 0.461111 0.199080 0.844444 0.070719
0 0.461111 0.219424 0.844444 0.070719
8 0.325347 0.258174 0.572917 0.040688
0 0.325347 0.278518 0.572917 0.040688
8 0.500000 0.307338 0.922222 0.040688
0 0.767361 0.327682 0.387500 0.038750
8 0.395139 0.356503 0.712500 0.040688
0 0.395139 0.376847 0.712500 0.040688
8 0.490278 0.450836 0.902778 0.100509
3 0.450694 0.443933 0.823611 0.086704
1 0.450694 0.443933 0.823611 0.086704
1 0.908333 0.443933 0.066667 0.021313
0 0.126042 0.494187 0.174306 0.013805
3 0.411806 0.541051 0.294444 0.040688
3 0.660069 0.541051 0.152083 0.040688
