3 0.500000 0.885156 0.825000 0.049219
8 0.412500 0.004492 0.825000 0.008984
8 0.412500 0.050195 0.825000 0.082422
0 0.500000 0.137695 0.825000 0.082422
8 0.412500 0.124414 0.825000 0.066016
0 0.500000 0.211914 0.825000 0.066016
8 0.412500 0.198633 0.825000 0.082422
0 0.500000 0.286133 0.825000 0.082422
8 0.412500 0.272852 0.825000 0.066016
0 0.500000 0.360352 0.825000 0.066016
8 0.412500 0.347070 0.825000 0.082422
0 0.500000 0.434570 0.825000 0.082422
8 0.412500 0.421289 0.825000 0.066016
0 0.500000 0.508789 0.825000 0.066016
8 0.412500 0.495508 0.825000 0.082422
0 0.500000 0.583008 0.825000 0.082422
8 0.412500 0.569727 0.825000 0.066016
0 0.500000 0.657227 0.825000 0.066016
8 0.412500 0.643945 0.825000 0.082422
0 0.500000 0.731445 0.825000 0.082422
8 0.412500 0.718164 0.825000 0.066016
0 0.500000 0.805664 0.825000 0.066016
