1 0.500000 0.467187 1.000000 0.934375
0 0.323611 0.070898 0.355556 0.036328
3 0.068056 0.071094 0.136111 0.076563
5 0.500000 0.830469 1.000000 0.065625
4 0.917361 0.830469 0.116667 0.065625
4 0.500000 0.035547 1.000000 0.071094
4 0.500000 0.453516 1.000000 0.688281
8 0.500000 0.186133 1.000000 0.153516
3 0.199306 0.126953 0.320833 0.029687
0 0.500000 0.182422 0.922222 0.070312
1 0.897917 0.131250 0.068056 0.038281
0 0.861458 0.123242 0.170139 0.022266
8 0.500000 0.326953 1.000000 0.128125
3 0.140625 0.299609 0.203472 0.029687
0 0.194444 0.332813 0.311111 0.025781
1 0.897917 0.303906 0.068056 0.038281
0 0.861458 0.295898 0.170139 0.022266
8 0.500000 0.455078 1.000000 0.128125
3 0.200000 0.427734 0.322222 0.029687
0 0.365278 0.460938 0.652778 0.025781
1 0.897917 0.432031 0.068056 0.038281
0 0.869792 0.424023 0.153472 0.022266
8 0.500000 0.594336 1.000000 0.150391
3 0.195833 0.555859 0.313889 0.029687
0 0.500000 0.600195 0.922222 0.048047
1 0.897917 0.560156 0.068056 0.038281
0 0.869792 0.552148 0.153472 0.022266
8 0.500000 0.733594 1.000000 0.128125
3 0.131597 0.706250 0.185417 0.029687
0 0.145486 0.739453 0.213194 0.025781
1 0.897917 0.710547 0.068056 0.038281
0 0.869792 0.702539 0.153472 0.022266
