3 0.611111 0.071094 0.116667 0.065625
3 0.727778 0.071094 0.116667 0.065625
3 0.844444 0.071094 0.116667 0.065625
3 0.398611 0.038281 0.097222 0.065625
3 0.068056 0.038281 0.136111 0.076563
8 0.500000 0.488867 1.000000 0.758984
3 0.107986 0.142187 0.215972 0.065625
3 0.275000 0.142187 0.116667 0.065625
4 0.166667 0.456055 0.333333 0.562109
8 0.166667 0.032813 0.333333 0.065625
8 0.166667 0.100000 0.333333 0.065625
8 0.166667 0.167187 0.333333 0.065625
8 0.166667 0.234375 0.333333 0.065625
8 0.166667 0.301563 0.333333 0.065625
8 0.166667 0.368750 0.333333 0.065625
8 0.166667 0.435937 0.333333 0.065625
8 0.166667 0.503125 0.333333 0.065625
8 0.166667 0.570312 0.333333 0.065625
3 0.107986 0.769922 0.215972 0.065625
3 0.275000 0.769922 0.116667 0.065625
3 0.107986 0.835547 0.215972 0.065625
3 0.275000 0.835547 0.116667 0.065625
4 0.666667 0.146484 0.666667 0.074219
1 0.391667 0.144531 0.116667 0.070312
3 0.725347 0.144531 0.549306 0.070312
4 0.124653 0.033008 0.249306 0.066016
0 0.124653 0.923242 0.249306 0.022266
4 0.374653 0.033008 0.249306 0.066016
0 0.374653 0.923242 0.249306 0.022266
4 0.624653 0.033008 0.249306 0.066016
0 0.624653 0.923242 0.249306 0.022266
4 0.875000 0.033008 0.250000 0.066016
0 0.875000 0.923242 0.250000 0.022266
