3 0.166667 0.025781 0.333333 0.051562
1 0.166667 0.058594 0.333333 0.032813
3 0.500000 0.025781 0.333333 0.051562
1 0.500000 0.058594 0.333333 0.032813
3 0.833333 0.025781 0.333333 0.051562
1 0.833333 0.058594 0.333333 0.032813
8 0.500000 0.390820 1.000000 0.781641
8 0.500000 0.475195 1.000000 0.781641
8 0.500000 0.050586 1.000000 0.101172
4 0.089931 0.134961 0.156250 0.087891
0 0.548958 0.134766 0.736806 0.031250
8 0.970833 0.475195 0.058333 0.781641
4 0.500000 0.900195 1.000000 0.068359
3 0.142361 0.900195 0.284722 0.068359
3 0.500000 0.900195 0.284722 0.068359
3 0.818750 0.900195 0.206944 0.068359
3 0.961111 0.900195 0.077778 0.068359
