0 0.232292 0.070898 0.172917 0.036328
3 0.068056 0.038281 0.136111 0.076563
5 0.941667 0.071094 0.116667 0.065625
1 0.941667 0.071094 0.116667 0.065625
4 0.500000 0.521875 1.000000 0.825000
8 0.500000 0.131055 1.000000 0.262109
1 0.103472 0.168750 0.097222 0.054688
0 0.363889 0.153516 0.355556 0.024219
0 0.278125 0.177734 0.184028 0.024219
4 0.500000 0.268164 0.958333 0.105859
0 0.500000 0.227344 0.890278 0.024219
0 0.096528 0.299414 0.151389 0.043359
1 0.500000 0.321289 0.958333 0.000391
3 0.269097 0.344922 0.135417 0.027344
3 0.730903 0.344922 0.134028 0.027344
8 0.500000 0.382031 1.000000 0.239844
1 0.103472 0.430859 0.097222 0.054688
0 0.371528 0.415625 0.370833 0.024219
0 0.295486 0.439844 0.218750 0.024219
4 0.500000 0.519141 0.958333 0.083594
0 0.500000 0.500000 0.890278 0.045312
1 0.500000 0.561133 0.958333 0.000391
3 0.269097 0.584766 0.135417 0.027344
3 0.730903 0.584766 0.115972 0.027344
8 0.500000 0.611328 1.000000 0.218750
1 0.103472 0.670703 0.097222 0.054688
0 0.359722 0.655469 0.347222 0.024219
0 0.295486 0.679688 0.218750 0.024219
4 0.500000 0.748437 0.958333 0.062500
0 0.500000 0.729297 0.890278 0.024219
1 0.500000 0.779883 0.958333 0.000391
3 0.269097 0.803516 0.135417 0.027344
3 0.730903 0.803516 0.115972 0.027344
8 0.500000 0.860352 1.000000 0.279297
1 0.103472 0.889453 0.097222 0.054688
0 0.342014 0.874219 0.311806 0.024219
0 0.269792 0.898438 0.167361 0.024219
4 0.885417 0.757812 0.161111 0.096094
1 0.885417 0.757812 0.058333 0.032813
