3 0.611111 0.071094 0.116667 0.065625
3 0.727778 0.071094 0.116667 0.065625
3 0.844444 0.071094 0.116667 0.065625
3 0.398611 0.038281 0.097222 0.065625
3 0.068056 0.038281 0.136111 0.076563
8 0.500000 0.488867 1.000000 0.758984
3 0.107986 0.142187 0.215972 0.065625
3 0.275000 0.142187 0.116667 0.065625
3 0.166667 0.207813 0.333333 0.065625
3 0.166667 0.835547 0.333333 0.065625
4 0.333333 0.379492 0.666667 0.758984
8 0.333333 0.052734 0.666667 0.105469
0 0.666667 0.123828 0.666667 0.028906
3 0.931944 0.176563 0.120833 0.067969
8 0.333333 0.145313 0.666667 0.076563
3 0.931944 0.254688 0.120833 0.067969
8 0.333333 0.223438 0.666667 0.076563
3 0.931944 0.332813 0.120833 0.067969
4 0.124653 0.033008 0.249306 0.066016
0 0.124653 0.923242 0.249306 0.022266
4 0.374653 0.033008 0.249306 0.066016
0 0.374653 0.923242 0.249306 0.022266
4 0.624653 0.033008 0.249306 0.066016
0 0.624653 0.923242 0.249306 0.022266
4 0.875000 0.033008 0.250000 0.066016
0 0.875000 0.923242 0.250000 0.022266
