4 0.500000 0.467187 1.000000 0.934375
4 0.125000 0.071094 0.250000 0.076563
1 0.124653 0.070898 0.063194 0.035547
4 0.375000 0.071094 0.250000 0.076563
1 0.374653 0.071094 0.063194 0.034375
4 0.625000 0.071094 0.250000 0.076563
1 0.625000 0.071094 0.061111 0.034375
4 0.875000 0.071094 0.250000 0.076563
1 0.875000 0.071094 0.090278 0.010937
8 0.500000 0.412500 1.000000 0.825000
4 0.500000 0.412500 1.000000 0.825000
1 0.499653 0.212891 0.364583 0.125000
0 0.500000 0.330469 0.805556 0.055469
3 0.500000 0.407617 0.379167 0.041016
4 0.500000 0.901563 1.000000 0.065625
4 0.935417 0.901563 0.126389 0.064062
3 0.430556 0.901563 0.858333 0.064062
