4 0.461111 0.070898 0.650000 0.075391
1 0.203125 0.070898 0.120139 0.067578
0 0.316667 0.070898 0.054167 0.036328
3 0.068056 0.038281 0.136111 0.076563
3 0.844444 0.071094 0.116667 0.065625
3 0.165278 0.038281 0.097222 0.065625
5 0.395139 0.444922 0.790278 0.043750
3 0.832986 0.445117 0.085417 0.058984
3 0.062153 0.502734 0.124306 0.056250
3 0.186458 0.501367 0.124306 0.037109
8 0.052431 0.028125 0.104861 0.056250
8 0.157292 0.028125 0.104861 0.056250
8 0.262153 0.028125 0.104861 0.056250
8 0.367014 0.028125 0.104861 0.056250
8 0.471875 0.028125 0.104861 0.056250
8 0.500000 0.201758 1.000000 0.403516
4 0.500000 0.732617 1.000000 0.403516
8 0.125000 0.047852 0.250000 0.079297
1 0.124653 0.039648 0.140972 0.079297
8 0.375000 0.047852 0.250000 0.079297
8 0.625000 0.047852 0.250000 0.079297
8 0.875000 0.047852 0.250000 0.079297
8 0.125000 0.143555 0.250000 0.079297
8 0.375000 0.143555 0.250000 0.079297
8 0.625000 0.143555 0.250000 0.079297
8 0.875000 0.143555 0.250000 0.079297
8 0.125000 0.239258 0.250000 0.079297
8 0.375000 0.239258 0.250000 0.079297
8 0.625000 0.239258 0.250000 0.079297
8 0.875000 0.239258 0.250000 0.079297
8 0.125000 0.334961 0.250000 0.079297
8 0.375000 0.334961 0.250000 0.079297
8 0.625000 0.334961 0.250000 0.079297
8 0.875000 0.334961 0.250000 0.079297
8 0.125000 0.430664 0.250000 0.079297
8 0.375000 0.430664 0.250000 0.079297
8 0.625000 0.430664 0.250000 0.079297
8 0.875000 0.430664 0.250000 0.079297
3 0.913889 0.579297 0.098611 0.055469
