4 0.500000 0.467187 1.000000 0.934375
4 0.125000 0.071094 0.250000 0.076563
1 0.124653 0.070898 0.063194 0.035547
4 0.375000 0.071094 0.250000 0.076563
1 0.374653 0.071094 0.063194 0.034375
4 0.625000 0.071094 0.250000 0.076563
1 0.625000 0.071094 0.061111 0.034375
4 0.875000 0.071094 0.250000 0.076563
1 0.875000 0.071094 0.090278 0.010937
8 0.500000 0.412500 1.000000 0.825000
8 0.500000 0.379688 1.000000 0.759375
4 0.500000 0.489063 1.000000 0.759375
8 0.500000 0.032813 1.000000 0.065625
8 0.500000 0.195508 1.000000 0.260547
4 0.500000 0.258203 1.000000 0.167187
1 0.109375 0.258008 0.140972 0.079297
1 0.924653 0.203320 0.102083 0.057422
0 0.546181 0.203125 0.654861 0.029687
0 0.546181 0.253125 0.654861 0.070312
0 0.418056 0.314844 0.398611 0.025781
4 0.500000 0.388477 1.000000 0.093359
2 0.950000 0.388281 0.022222 0.021875
1 0.097222 0.388281 0.116667 0.065625
0 0.390972 0.388281 0.393056 0.029687
8 0.500000 0.452734 1.000000 0.035937
0 0.138542 0.456836 0.199306 0.022266
8 0.500000 0.401953 1.000000 0.082031
1 0.097222 0.511328 0.116667 0.065625
0 0.577778 0.511328 0.766667 0.029687
8 0.500000 0.582227 1.000000 0.060547
0 0.156597 0.585352 0.235417 0.022266
6 0.868403 0.586523 0.140972 0.030078
8 0.500000 0.535547 1.000000 0.065625
0 0.529167 0.644922 0.863889 0.051562
2 0.054861 0.631641 0.031944 0.016406
8 0.500000 0.699609 1.000000 0.044531
0 0.048958 0.708008 0.020139 0.022266
8 0.500000 0.653125 1.000000 0.082031
1 0.097222 0.762500 0.116667 0.065625
0 0.577778 0.762500 0.766667 0.029687
8 0.500000 0.743555 1.000000 0.099609
0 0.500000 0.826953 0.961111 0.025781
3 0.499653 0.859766 0.413194 0.017969
3 0.156250 0.142187 0.312500 0.065625
3 0.500000 0.142187 0.375000 0.065625
3 0.843750 0.142187 0.312500 0.065625
4 0.500000 0.901563 1.000000 0.065625
3 0.067014 0.901953 0.131250 0.064844
3 0.926736 0.901953 0.143750 0.064844
