0 0.253472 0.070898 0.156944 0.036328
3 0.068056 0.038281 0.136111 0.076563
3 0.931944 0.071094 0.136111 0.065625
3 0.125000 0.138086 0.250000 0.057422
3 0.375000 0.138086 0.250000 0.057422
3 0.625000 0.138086 0.250000 0.057422
3 0.875000 0.138086 0.250000 0.057422
8 0.500000 0.079687 1.000000 0.159375
0 0.500000 0.184961 1.000000 0.033203
1 0.109375 0.263086 0.209028 0.117578
0 0.482639 0.226758 0.537500 0.036328
0 0.260764 0.266992 0.093750 0.022266
0 0.551736 0.308008 0.675694 0.027734
8 0.500000 0.222070 1.000000 0.126172
1 0.109375 0.388867 0.209028 0.117578
0 0.393056 0.352539 0.358333 0.036328
0 0.260764 0.392773 0.093750 0.022266
0 0.328125 0.433789 0.228472 0.027734
8 0.500000 0.364453 1.000000 0.159375
0 0.500000 0.469727 1.000000 0.033203
1 0.109375 0.547852 0.209028 0.117578
0 0.442361 0.511523 0.456944 0.036328
0 0.260764 0.551758 0.093750 0.022266
0 0.444097 0.592773 0.460417 0.027734
8 0.500000 0.506836 1.000000 0.126172
1 0.109375 0.673633 0.209028 0.117578
0 0.350694 0.637305 0.273611 0.036328
0 0.260764 0.677539 0.093750 0.022266
0 0.375347 0.718555 0.322917 0.027734
8 0.500000 0.632617 1.000000 0.126172
1 0.109375 0.799414 0.209028 0.117578
0 0.254167 0.763086 0.080556 0.036328
0 0.252431 0.803320 0.077083 0.022266
0 0.243750 0.844336 0.059722 0.027734
8 0.500000 0.758398 1.000000 0.126172
1 0.109375 0.900391 0.209028 0.067969
0 0.582292 0.888867 0.736806 0.036328
0 0.252431 0.926172 0.077083 0.016406
4 0.907639 0.882422 0.106944 0.060156
