8 0.500000 0.379688 1.000000 0.759375
8 0.500000 0.025977 1.000000 0.051953
0 0.182639 0.200977 0.287500 0.051953
8 0.500000 0.387891 1.000000 0.201563
1 0.500000 0.058203 0.206944 0.116406
0 0.499653 0.467969 0.559028 0.041406
8 0.500000 0.399805 1.000000 0.051953
0 0.182292 0.574805 0.286806 0.051953
8 0.500000 0.466992 1.000000 0.082422
2 0.053472 0.626172 0.029167 0.016406
2 0.946528 0.626172 0.029167 0.016406
0 0.196875 0.626367 0.238194 0.029297
0 0.500000 0.659375 0.922222 0.025781
8 0.500000 0.549414 1.000000 0.082422
2 0.053472 0.708594 0.029167 0.016406
0 0.196528 0.708789 0.237500 0.029297
0 0.500000 0.741797 0.922222 0.025781
8 0.500000 0.631836 1.000000 0.082422
2 0.053472 0.791016 0.029167 0.016406
0 0.219792 0.791211 0.284028 0.029297
0 0.500000 0.824219 0.922222 0.025781
8 0.500000 0.714258 1.000000 0.082422
2 0.053472 0.873437 0.029167 0.016406
0 0.195833 0.873633 0.236111 0.029297
0 0.500000 0.906641 0.922222 0.025781
8 0.500000 0.796680 1.000000 0.082422
4 0.893056 0.874219 0.136111 0.076563
0 0.099306 0.070898 0.120833 0.036328
3 0.839583 0.071094 0.126389 0.065625
3 0.175000 0.038281 0.097222 0.065625
7 0.166667 0.032813 0.333333 0.065625
0 0.166319 0.142187 0.207639 0.025781
7 0.500000 0.032813 0.333333 0.065625
0 0.500000 0.142187 0.116667 0.025781
7 0.833333 0.032813 0.333333 0.065625
0 0.832986 0.142187 0.172917 0.025781
