6 0.718056 0.071094 0.058333 0.032813
3 0.068056 0.038281 0.136111 0.076563
3 0.844444 0.071094 0.116667 0.065625
3 0.165278 0.038281 0.097222 0.065625
8 0.500000 0.521875 1.000000 0.825000
4 0.500000 0.488867 1.000000 0.758984
8 0.500000 0.327734 1.000000 0.436719
4 0.500000 0.267578 1.000000 0.316406
1 0.500000 0.267578 1.000000 0.316406
3 0.473264 0.460742 0.868750 0.022266
0 0.944097 0.460742 0.072917 0.022266
0 0.500000 0.507227 0.922222 0.033203
8 0.500000 0.511328 1.000000 0.149219
3 0.097222 0.592969 0.116667 0.065625
3 0.311458 0.584961 0.253472 0.033203
0 0.954514 0.584961 0.032639 0.022266
3 0.580208 0.621875 0.790972 0.029687
4 0.204167 0.660547 0.038889 0.021875
4 0.340278 0.660547 0.038889 0.021875
4 0.476389 0.660547 0.038889 0.025781
8 0.500000 0.654883 1.000000 0.137891
3 0.111806 0.733594 0.087500 0.049219
3 0.235764 0.728320 0.102083 0.022266
0 0.954514 0.728320 0.032639 0.022266
3 0.580208 0.759766 0.790972 0.029687
4 0.204167 0.798438 0.038889 0.021875
4 0.340278 0.798438 0.038889 0.021875
4 0.476389 0.798438 0.038889 0.025781
8 0.500000 0.798438 1.000000 0.149219
3 0.097222 0.857812 0.116667 0.021094
3 0.311458 0.861914 0.253472 0.012891
0 0.954514 0.864648 0.032639 0.007422
4 0.500000 0.033008 1.000000 0.066016
1 0.058333 0.901563 0.116667 0.065625
5 0.492708 0.901563 0.752083 0.049219
4 0.941667 0.901563 0.116667 0.065625
