0 0.126736 0.070898 0.175694 0.036328
3 0.941667 0.071094 0.116667 0.065625
7 0.166667 0.032813 0.333333 0.065625
1 0.166667 0.032813 0.058333 0.032813
7 0.500000 0.032813 0.333333 0.065625
7 0.833333 0.032813 0.333333 0.065625
8 0.500000 0.379688 1.000000 0.759375
4 0.500000 0.554688 1.000000 0.759375
8 0.500000 0.229687 0.970833 0.103906
4 0.500000 0.229687 0.970833 0.103906
4 0.106944 0.229687 0.145833 0.082031
1 0.106944 0.229687 0.145833 0.082031
0 0.155556 0.202344 0.027778 0.027344
0 0.340278 0.208008 0.272222 0.033203
0 0.238194 0.229883 0.068056 0.020703
0 0.472917 0.253125 0.537500 0.025781
8 0.500000 0.348828 0.970833 0.123438
4 0.500000 0.348828 0.970833 0.123438
4 0.106944 0.348828 0.145833 0.082031
1 0.106944 0.348828 0.145833 0.082031
0 0.328819 0.317383 0.249306 0.033203
0 0.238194 0.339258 0.068056 0.020703
0 0.369097 0.373242 0.329861 0.047266
8 0.500000 0.467969 0.970833 0.103906
4 0.500000 0.467969 0.970833 0.103906
4 0.106944 0.467969 0.145833 0.082031
1 0.106944 0.467969 0.145833 0.082031
1 0.935069 0.467969 0.081250 0.082031
0 0.366319 0.446289 0.324306 0.033203
0 0.238194 0.468164 0.068056 0.020703
0 0.303819 0.491406 0.199306 0.025781
8 0.500000 0.577344 0.970833 0.103906
4 0.500000 0.577344 0.970833 0.103906
4 0.106944 0.577344 0.145833 0.082031
1 0.106944 0.577344 0.145833 0.082031
1 0.935069 0.577344 0.081250 0.082031
0 0.227778 0.555664 0.047222 0.033203
0 0.279861 0.577539 0.151389 0.020703
0 0.303819 0.600781 0.199306 0.025781
4 0.900000 0.875391 0.161111 0.096094
