4 0.388889 0.034180 0.777778 0.068359
4 0.263542 0.313867 0.472917 0.241797
1 0.263194 0.295703 0.116667 0.065625
0 0.263194 0.346680 0.218056 0.025391
4 0.736458 0.313867 0.472917 0.241797
1 0.736111 0.295703 0.116667 0.065625
0 0.736458 0.346680 0.213194 0.025391
4 0.184722 0.555859 0.315278 0.242188
1 0.184722 0.537500 0.116667 0.065625
0 0.184375 0.588477 0.104861 0.025391
4 0.500000 0.555859 0.315278 0.242188
1 0.500000 0.537500 0.116667 0.065625
0 0.500000 0.588477 0.076389 0.025391
4 0.815278 0.555859 0.315278 0.242188
1 0.815278 0.537500 0.116667 0.065625
0 0.814931 0.588477 0.102083 0.025391
4 0.263542 0.798047 0.472917 0.242188
1 0.263194 0.779687 0.116667 0.065625
0 0.263542 0.830664 0.168750 0.025391
4 0.736458 0.798047 0.472917 0.242188
1 0.736111 0.779687 0.116667 0.065625
0 0.736111 0.830664 0.133333 0.025391
0 0.201042 0.070898 0.110417 0.036328
3 0.068056 0.038281 0.136111 0.076563
