4 0.500000 0.483594 1.000000 0.901563
4 0.166667 0.038281 0.333333 0.076563
1 0.166667 0.071094 0.077778 0.043750
4 0.500000 0.038281 0.333333 0.076563
1 0.500000 0.071094 0.077778 0.043750
4 0.833333 0.038281 0.333333 0.076563
1 0.833333 0.071094 0.077778 0.043750
8 0.998611 0.412500 0.002778 0.825000
1 0.155556 0.191602 0.204167 0.188672
1 0.340278 0.076563 0.272222 0.153125
0 0.501389 0.598242 0.680556 0.051953
4 0.501389 0.148438 0.997222 0.078125
1 0.070833 0.147656 0.058333 0.032813
0 0.269792 0.148438 0.184028 0.078125
