4 0.500000 0.483594 1.000000 0.901563
8 0.500000 0.191406 1.000000 0.098437
1 0.105903 0.224023 0.134028 0.075391
0 0.327083 0.202734 0.234722 0.033594
0 0.899653 0.201367 0.122917 0.025391
0 0.554861 0.233203 0.690278 0.029687
8 0.500000 0.294922 1.000000 0.108594
1 0.105903 0.327539 0.134028 0.075391
0 0.303819 0.301172 0.188194 0.033594
0 0.899653 0.299805 0.122917 0.025391
0 0.934028 0.329688 0.054167 0.027344
0 0.549653 0.349414 0.679861 0.065234
4 0.500000 0.065625 1.000000 0.065625
0 0.103819 0.065430 0.129861 0.033203
3 0.708333 0.065625 0.116667 0.065625
1 0.708333 0.065625 0.116667 0.065625
3 0.825000 0.065625 0.116667 0.065625
1 0.825000 0.065625 0.116667 0.065625
2 0.850000 0.054297 0.041667 0.023438
3 0.941667 0.065625 0.116667 0.065625
1 0.941667 0.065625 0.116667 0.065625
3 0.100000 0.038281 0.200000 0.076563
1 0.100000 0.136523 0.097222 0.048047
3 0.300000 0.038281 0.200000 0.076563
1 0.300000 0.136523 0.097222 0.048047
0 0.345139 0.125000 0.041667 0.022656
3 0.500000 0.038281 0.200000 0.076563
1 0.500000 0.136523 0.097222 0.048047
3 0.700000 0.038281 0.200000 0.076563
1 0.700000 0.136523 0.097222 0.048047
3 0.900000 0.038281 0.200000 0.076563
1 0.900000 0.136523 0.097222 0.048047
1 0.500000 0.176758 1.000000 0.003516
