4 0.500000 0.558528 1.000000 0.882943
8 0.500000 0.060828 1.000000 0.121656
1 0.087500 0.169732 0.145833 0.087793
0 0.580208 0.146739 0.810417 0.041806
0 0.580208 0.197324 0.810417 0.044314
8 0.500000 0.176003 1.000000 0.105351
1 0.087500 0.293060 0.145833 0.087793
0 0.580208 0.270067 0.810417 0.041806
0 0.580208 0.310410 0.810417 0.023829
8 0.500000 0.291179 1.000000 0.121656
1 0.087500 0.400084 0.145833 0.087793
0 0.580208 0.377090 0.810417 0.041806
0 0.580208 0.427676 0.810417 0.044314
8 0.500000 0.414507 1.000000 0.121656
1 0.087500 0.523411 0.145833 0.087793
0 0.580208 0.500418 0.810417 0.041806
0 0.580208 0.551003 0.810417 0.044314
8 0.500000 0.529682 1.000000 0.105351
1 0.087500 0.646739 0.145833 0.087793
0 0.580208 0.623746 0.810417 0.041806
0 0.580208 0.664089 0.810417 0.023829
8 0.500000 0.636706 1.000000 0.105351
1 0.087500 0.753763 0.145833 0.087793
0 0.580208 0.730769 0.810417 0.041806
0 0.580208 0.771112 0.810417 0.023829
0 0.247917 0.075878 0.418056 0.038880
