4 0.068056 0.038281 0.136111 0.076563
1 0.068056 0.071094 0.136111 0.076563
1 0.203472 0.070703 0.097222 0.055469
0 0.437847 0.071094 0.331250 0.076563
4 0.055208 0.038281 0.110417 0.076563
2 0.054861 0.028906 0.038889 0.021875
0 0.933333 0.081836 0.056944 0.018359
4 0.500000 0.457031 1.000000 0.693750
8 0.500000 0.123828 1.000000 0.027344
8 0.500000 0.420898 1.000000 0.787109
0 0.500000 0.172070 1.000000 0.060547
0 0.499653 0.233008 0.327083 0.044141
1 0.072917 0.286719 0.097222 0.054688
3 0.326736 0.289453 0.313194 0.029687
3 0.531597 0.554102 0.722917 0.499609
4 0.068056 0.844336 0.048611 0.041016
4 0.175000 0.844336 0.068056 0.041016
4 0.281944 0.844336 0.106944 0.041016
4 0.388889 0.844336 0.106944 0.041016
4 0.495833 0.844336 0.106944 0.041016
4 0.602778 0.844336 0.106944 0.041016
5 0.439236 0.900977 0.849306 0.066797
4 0.924653 0.894727 0.121528 0.068359
