3 0.068056 0.038281 0.136111 0.076563
3 0.048611 0.038281 0.097222 0.065625
8 0.500000 0.178320 1.000000 0.137891
3 0.266667 0.123633 0.455556 0.028516
3 0.087500 0.187109 0.097222 0.054688
0 0.285069 0.174609 0.220139 0.029687
0 0.367708 0.200000 0.385417 0.025781
8 0.500000 0.167969 1.000000 0.060156
4 0.500000 0.277344 1.000000 0.060156
0 0.137500 0.277344 0.236111 0.047656
0 0.316667 0.277344 0.122222 0.047656
0 0.443056 0.277344 0.130556 0.047656
0 0.634028 0.277344 0.251389 0.047656
0 0.862153 0.277344 0.204861 0.047656
0 0.982292 0.277344 0.035417 0.047656
8 0.500000 0.278516 0.922222 0.139063
3 0.087500 0.345703 0.097222 0.054688
0 0.262847 0.343164 0.135417 0.022266
0 0.305903 0.366992 0.221528 0.022266
3 0.240278 0.398438 0.090278 0.029687
3 0.246528 0.430078 0.120833 0.043750
8 0.500000 0.439453 0.922222 0.139063
3 0.087500 0.506641 0.097222 0.054688
0 0.238889 0.504102 0.087500 0.022266
0 0.314236 0.527930 0.238194 0.022266
3 0.417708 0.559375 0.445139 0.029687
3 0.228472 0.591016 0.084722 0.043750
8 0.500000 0.626172 0.922222 0.190625
3 0.087500 0.667578 0.097222 0.054688
0 0.396181 0.665039 0.402083 0.022266
0 0.305903 0.688867 0.221528 0.022266
3 0.514931 0.746094 0.639583 0.081250
3 0.246528 0.803516 0.120833 0.043750
5 0.509722 0.903711 0.941667 0.061328
