0 0.121181 0.070898 0.164583 0.036328
3 0.941667 0.071094 0.116667 0.065625
7 0.250000 0.032813 0.500000 0.065625
0 0.250000 0.142187 0.097222 0.025781
7 0.750000 0.032813 0.500000 0.065625
0 0.749653 0.142187 0.174306 0.025781
3 0.180208 0.312695 0.278472 0.112891
3 0.499653 0.312695 0.278472 0.112891
3 0.819097 0.312695 0.278472 0.112891
3 0.180208 0.506836 0.278472 0.112891
3 0.499653 0.506836 0.278472 0.112891
3 0.819097 0.506836 0.278472 0.112891
3 0.180208 0.700977 0.278472 0.112891
8 0.500000 0.878711 1.000000 0.080078
