8 0.500000 0.293713 1.000000 0.547568
1 0.500000 0.056346 1.000000 0.072835
8 0.500000 0.167378 0.975000 0.140688
4 0.302778 0.167378 0.580556 0.140688
1 0.302778 0.167378 0.580556 0.140688
1 0.290278 0.070344 0.580556 0.140688
0 0.105903 0.215540 0.138194 0.027758
4 0.796528 0.167378 0.381944 0.140688
1 0.796528 0.167378 0.381944 0.140688
1 0.190972 0.070344 0.381944 0.140688
0 0.739236 0.215540 0.218750 0.027758
8 0.500000 0.312100 0.975000 0.140688
4 0.500000 0.312100 0.975000 0.140688
1 0.500000 0.312100 0.975000 0.140688
1 0.487500 0.070344 0.975000 0.140688
0 0.229514 0.360261 0.385417 0.027758
8 0.500000 0.456821 0.975000 0.140688
4 0.203819 0.456821 0.382639 0.140688
1 0.203819 0.456821 0.382639 0.140688
1 0.191319 0.070344 0.382639 0.140688
0 0.153472 0.504982 0.233333 0.027758
4 0.697569 0.456821 0.579861 0.140688
1 0.697569 0.456821 0.579861 0.140688
1 0.289931 0.070344 0.579861 0.140688
0 0.528819 0.504982 0.193750 0.027758
0 0.447569 0.475445 0.031250 0.009490
0 0.569097 0.473784 0.186806 0.018031
7 0.100000 0.018268 0.200000 0.036536
0 0.099653 0.543654 0.065972 0.016845
0 0.099653 0.557651 0.065972 0.011151
7 0.300000 0.018268 0.200000 0.036536
0 0.300000 0.543654 0.061111 0.016845
0 0.300000 0.557651 0.061111 0.011151
7 0.500000 0.018268 0.200000 0.036536
0 0.499653 0.543654 0.099306 0.016845
0 0.499653 0.557651 0.099306 0.011151
7 0.700000 0.018268 0.200000 0.036536
0 0.700000 0.543654 0.047222 0.016845
0 0.700000 0.557651 0.047222 0.011151
7 0.900000 0.018268 0.200000 0.036536
0 0.900000 0.543654 0.088889 0.016845
0 0.900000 0.557651 0.088889 0.011151
