3 0.068056 0.038281 0.136111 0.076563
3 0.941667 0.071094 0.116667 0.065625
8 0.500000 0.109375 0.961111 0.196875
3 0.480556 0.098437 0.961111 0.196875
1 0.136111 0.188672 0.175000 0.082031
3 0.817708 0.273438 0.267361 0.065625
8 0.254861 0.257031 0.470833 0.076563
1 0.082986 0.366211 0.127083 0.037109
8 0.745139 0.257031 0.470833 0.076563
1 0.573264 0.366211 0.127083 0.037109
8 0.254861 0.344531 0.470833 0.076563
1 0.082986 0.453711 0.127083 0.037109
8 0.745139 0.344531 0.470833 0.076563
1 0.573264 0.453711 0.127083 0.037109
8 0.254861 0.432031 0.470833 0.076563
1 0.082986 0.541211 0.127083 0.037109
8 0.745139 0.432031 0.470833 0.076563
1 0.569444 0.541406 0.119444 0.032813
8 0.254861 0.519531 0.470833 0.076563
1 0.079167 0.628906 0.119444 0.032813
8 0.745139 0.519531 0.470833 0.076563
1 0.569444 0.628906 0.119444 0.032813
8 0.254861 0.607031 0.470833 0.076563
1 0.079167 0.716406 0.119444 0.032813
8 0.745139 0.607031 0.470833 0.076563
1 0.235417 0.038281 0.058333 0.032813
8 0.500000 0.806250 0.961111 0.081250
1 0.082639 0.806250 0.058333 0.032813
4 0.917361 0.806250 0.126389 0.032813
1 0.063194 0.016406 0.058333 0.032813
4 0.500000 0.034180 1.000000 0.068359
