0 0.303472 0.071094 0.256944 0.039844
3 0.068056 0.038281 0.136111 0.076563
3 0.844444 0.071094 0.116667 0.065625
3 0.165278 0.038281 0.097222 0.065625
4 0.499653 0.032813 0.349306 0.065625
8 0.500000 0.554688 1.000000 0.759375
8 0.500000 0.399609 1.000000 0.405469
1 0.500000 0.347656 0.902778 0.285156
4 0.870833 0.485938 0.122222 0.074219
0 0.412500 0.531445 0.650000 0.027734
0 0.412500 0.560156 0.650000 0.024219
3 0.863889 0.544922 0.097222 0.054688
8 0.500000 0.768359 1.000000 0.332031
1 0.500000 0.753516 0.902778 0.285938
4 0.870833 0.892188 0.122222 0.074219
0 0.412500 0.929102 0.650000 0.010547
3 0.863889 0.929102 0.097222 0.010547
