4 0.500000 0.483594 1.000000 0.901563
8 0.500000 0.170898 1.000000 0.341797
1 0.500000 0.203711 1.000000 0.341797
8 0.500000 0.534180 1.000000 0.319922
0 0.500000 0.392188 0.176389 0.035937
4 0.252431 0.552148 0.485417 0.273047
1 0.252431 0.552148 0.485417 0.273047
3 0.122569 0.640625 0.206250 0.029687
0 0.252431 0.669336 0.465972 0.027734
4 0.747569 0.552148 0.485417 0.273047
1 0.747569 0.552148 0.485417 0.273047
3 0.575694 0.668359 0.122222 0.029687
8 0.500000 0.814063 1.000000 0.240625
4 0.252431 0.814063 0.485417 0.240625
1 0.252431 0.814063 0.485417 0.240625
3 0.086458 0.918750 0.134028 0.029687
0 0.252431 0.933984 0.465972 0.000781
4 0.747569 0.814063 0.485417 0.240625
1 0.747569 0.814063 0.485417 0.240625
3 0.565972 0.918750 0.102778 0.029687
0 0.747569 0.933984 0.465972 0.000781
4 0.072917 0.074609 0.087500 0.054688
4 0.936111 0.074609 0.088889 0.061719
4 0.900000 0.842578 0.161111 0.096094
1 0.900000 0.842578 0.145833 0.082031
