4 0.500000 0.264214 1.000000 0.294314
1 0.500000 0.227634 1.000000 0.221154
0 0.500000 0.374791 1.000000 0.073161
4 0.250000 0.558528 0.500000 0.294314
1 0.250000 0.521948 0.500000 0.221154
0 0.250000 0.669105 0.500000 0.073161
4 0.750000 0.558528 0.500000 0.294314
1 0.750000 0.521948 0.500000 0.221154
0 0.750000 0.669105 0.500000 0.073161
4 0.250000 0.852843 0.500000 0.294314
1 0.250000 0.816263 0.500000 0.221154
0 0.250000 0.963420 0.500000 0.073161
4 0.750000 0.852843 0.500000 0.294314
1 0.750000 0.816263 0.500000 0.221154
0 0.750000 0.963420 0.500000 0.073161
4 0.092361 0.076087 0.106944 0.081940
4 0.931944 0.076087 0.058333 0.081940
