0 0.201736 0.064172 0.364583 0.048913
0 0.500000 0.115594 1.000000 0.043896
1 0.182639 0.249164 0.291667 0.152174
1 0.499653 0.249164 0.292361 0.152174
1 0.817014 0.249164 0.292361 0.152174
1 0.182639 0.442726 0.291667 0.152174
1 0.499653 0.442726 0.292361 0.152174
1 0.817014 0.442726 0.292361 0.152174
1 0.182639 0.636288 0.291667 0.152174
1 0.499653 0.636288 0.292361 0.152174
1 0.817014 0.636288 0.292361 0.152174
1 0.182639 0.829849 0.291667 0.152174
1 0.499653 0.829849 0.292361 0.152174
1 0.817014 0.829849 0.292361 0.152174
1 0.099306 0.970736 0.188889 0.058528
1 0.298958 0.970736 0.188194 0.058528
1 0.499653 0.970736 0.188194 0.058528
1 0.700347 0.970736 0.188194 0.058528
1 0.901042 0.970736 0.188194 0.058528
