8 0.500000 0.483594 1.000000 0.901563
0 0.130556 0.404492 0.158333 0.027734
4 0.256250 0.175781 0.477778 0.110937
1 0.081944 0.212109 0.129167 0.038281
0 0.402083 0.199414 0.137500 0.036328
4 0.743750 0.175781 0.477778 0.110937
1 0.584028 0.205859 0.158333 0.050781
0 0.887153 0.199414 0.142361 0.036328
4 0.256250 0.289453 0.477778 0.110937
1 0.094097 0.327344 0.153472 0.035156
0 0.421528 0.313086 0.098611 0.036328
4 0.743750 0.289453 0.477778 0.110937
1 0.564236 0.321289 0.118750 0.047266
0 0.862153 0.313086 0.192361 0.036328
4 0.088889 0.038281 0.177778 0.076563
0 0.118056 0.071094 0.090278 0.076563
4 0.316667 0.038281 0.277778 0.076563
0 0.345833 0.071094 0.190278 0.076563
3 0.068056 0.038281 0.136111 0.076563
