0 0.265972 0.018551 0.240278 0.009505
3 0.068056 0.010016 0.136111 0.020033
4 0.844444 0.018602 0.116667 0.017171
3 0.165278 0.010016 0.097222 0.017171
4 0.240625 0.008943 0.481250 0.017886
1 0.060764 0.008943 0.121528 0.017886
0 0.313889 0.039350 0.359722 0.008177
4 0.734375 0.008943 0.481250 0.017886
0 0.807639 0.039350 0.359722 0.008177
0 0.313889 0.059076 0.359722 0.008177
0 0.807639 0.059076 0.359722 0.008177
0 0.313889 0.078802 0.359722 0.008177
0 0.807639 0.078802 0.359722 0.008177
4 0.253125 0.098579 0.481250 0.017886
1 0.073264 0.098579 0.121528 0.017886
0 0.313889 0.098528 0.359722 0.008177
4 0.746875 0.098579 0.481250 0.017886
0 0.807639 0.098528 0.359722 0.007155
4 0.253125 0.118305 0.481250 0.017886
0 0.313889 0.118254 0.359722 0.008177
0 0.807639 0.118254 0.359722 0.008177
4 0.253125 0.138031 0.481250 0.017886
0 0.313889 0.137980 0.359722 0.008177
4 0.746875 0.138031 0.481250 0.017886
0 0.807639 0.137980 0.359722 0.008177
4 0.500000 0.162766 0.975000 0.027903
1 0.085764 0.012623 0.121528 0.017886
0 0.579514 0.162715 0.777083 0.021464
4 0.500000 0.193837 0.965278 0.025450
1 0.102778 0.193786 0.097222 0.014309
0 0.578125 0.190004 0.760417 0.007768
0 0.578125 0.198641 0.760417 0.005826
0 0.422222 0.226237 0.819444 0.008688
3 0.909722 0.226237 0.155556 0.008688
8 0.450000 0.237531 0.900000 0.013900
1 0.450000 0.240239 0.833333 0.008483
8 0.950000 0.237531 0.100000 0.013900
1 0.966667 0.240239 0.066667 0.008483
