4 0.500000 0.071094 1.000000 0.076563
3 0.068056 0.038281 0.136111 0.076563
3 0.825000 0.071094 0.116667 0.065625
3 0.941667 0.071094 0.116667 0.065625
0 0.318056 0.070898 0.344444 0.036328
7 0.113194 0.032813 0.226389 0.065625
0 0.113194 0.142187 0.168056 0.025781
7 0.313889 0.032813 0.175000 0.065625
0 0.313889 0.142187 0.094444 0.025781
7 0.513542 0.032813 0.224306 0.065625
0 0.513542 0.142187 0.165972 0.025781
7 0.807986 0.032813 0.364583 0.065625
0 0.807986 0.142187 0.306250 0.025781
8 0.500000 0.554688 1.000000 0.759375
8 0.500000 0.435937 0.980556 0.510938
3 0.183681 0.210352 0.309028 0.027734
4 0.386806 0.202344 0.077778 0.043750
0 0.092708 0.236328 0.127083 0.024219
0 0.568403 0.236328 0.804861 0.024219
1 0.500000 0.430273 0.729167 0.341797
1 0.193750 0.568359 0.097222 0.054688
0 0.236111 0.628516 0.201389 0.024219
3 0.395139 0.628516 0.077778 0.043750
3 0.482639 0.628516 0.077778 0.043750
3 0.825694 0.628516 0.077778 0.043750
2 0.051042 0.668164 0.043750 0.024609
0 0.275347 0.667969 0.385417 0.024219
0 0.719444 0.667969 0.502778 0.024219
8 0.500000 0.818359 0.980556 0.232031
3 0.200000 0.732227 0.341667 0.027734
4 0.419444 0.724219 0.077778 0.043750
0 0.902778 0.758203 0.136111 0.024219
1 0.500000 0.857812 0.729167 0.153125
4 0.893056 0.874219 0.136111 0.076563
0 0.500000 0.697070 0.922222 0.036328
3 0.086458 0.776367 0.095139 0.067578
