4 0.500000 0.450781 1.000000 0.901563
1 0.312500 0.070898 0.304167 0.059766
3 0.068056 0.038281 0.136111 0.076563
1 0.500000 0.521875 1.000000 0.825000
4 0.189583 0.790625 0.206944 0.108594
1 0.189583 0.774609 0.136111 0.076563
0 0.189236 0.828906 0.127083 0.032031
4 0.396528 0.790625 0.206944 0.108594
1 0.396528 0.774609 0.136111 0.076563
0 0.396528 0.828906 0.120833 0.032031
4 0.603472 0.790625 0.206944 0.108594
1 0.603472 0.774609 0.136111 0.076563
0 0.603125 0.828906 0.085417 0.032031
4 0.810417 0.790625 0.206944 0.108594
1 0.810417 0.774609 0.136111 0.076563
0 0.810069 0.828906 0.161806 0.032031
4 0.500000 0.904687 1.000000 0.032031
1 0.326389 0.904687 0.069444 0.032031
0 0.534375 0.904687 0.346528 0.024219
