0 0.500000 0.156055 1.000000 0.115234
1 0.499653 0.316211 0.364583 0.205078
0 0.499653 0.399609 0.364583 0.038281
0 0.500000 0.462109 0.922222 0.058594
0 0.254861 0.620508 0.490278 0.051172
0 0.254861 0.666016 0.490278 0.025781
0 0.745139 0.620508 0.490278 0.051172
0 0.745139 0.666016 0.490278 0.025781
4 0.156250 0.800000 0.155556 0.087500
3 0.156250 0.864844 0.236111 0.025781
4 0.499306 0.798047 0.233333 0.131250
3 0.499306 0.886719 0.233333 0.029687
4 0.843056 0.800000 0.155556 0.087500
3 0.843056 0.864844 0.159722 0.025781
