0 0.174306 0.070898 0.270833 0.036328
3 0.825000 0.071094 0.116667 0.065625
4 0.941667 0.071094 0.116667 0.065625
0 0.166667 0.143555 0.333333 0.068359
1 0.166667 0.176367 0.333333 0.002734
0 0.500000 0.143555 0.333333 0.068359
1 0.500000 0.176367 0.333333 0.002734
0 0.833333 0.143555 0.333333 0.068359
1 0.833333 0.176367 0.333333 0.002734
8 0.500000 0.521875 1.000000 0.688281
4 0.500000 0.521875 1.000000 0.688281
8 0.747222 0.319141 0.488889 0.275000
8 0.251389 0.598047 0.488889 0.275000
8 0.747222 0.598047 0.488889 0.275000
8 0.251389 0.802734 0.488889 0.126562
8 0.747222 0.802734 0.488889 0.126562
4 0.500000 0.034180 1.000000 0.068359
