8 0.500000 0.455469 1.000000 0.530469
3 0.109722 0.467578 0.097222 0.054688
3 0.310764 0.467578 0.279861 0.054688
0 0.500000 0.548828 0.877778 0.066406
0 0.079861 0.638672 0.111111 0.066406
4 0.500000 0.638672 0.172222 0.034375
0 0.444444 0.638672 0.061111 0.034375
0 0.530556 0.638672 0.091667 0.034375
3 0.916319 0.638672 0.118750 0.068750
8 0.500000 0.775586 1.000000 0.448828
0 0.150000 0.749023 0.202778 0.029297
4 0.500000 0.821680 0.902778 0.088672
0 0.175000 0.821680 0.252778 0.088672
1 0.842014 0.821680 0.218750 0.088672
1 0.251736 0.073828 0.231250 0.082031
3 0.798958 0.073828 0.134028 0.082031
1 0.798958 0.062500 0.134028 0.050781
0 0.798611 0.098633 0.061111 0.021484
4 0.932986 0.073828 0.134028 0.082031
1 0.932639 0.063281 0.077778 0.043750
0 0.932639 0.098633 0.022222 0.021484
3 0.068056 0.038281 0.136111 0.076563
4 0.500000 0.142187 1.000000 0.054688
0 0.140972 0.141992 0.184722 0.023047
0 0.665972 0.142187 0.434722 0.054688
1 0.048264 0.027148 0.063194 0.035547
4 0.388889 0.034180 0.777778 0.068359
1 0.975694 0.876367 0.048611 0.020703
