6 0.451389 0.071094 0.630556 0.076563
3 0.235069 0.071094 0.197917 0.076563
3 0.068056 0.038281 0.136111 0.076563
3 0.825000 0.071094 0.116667 0.065625
3 0.941667 0.071094 0.116667 0.065625
8 0.500000 0.185938 1.000000 0.371875
1 0.500000 0.295312 1.000000 0.371875
0 0.093403 0.266016 0.109028 0.025000
0 0.500000 0.379883 1.000000 0.202734
8 0.500000 0.477344 1.000000 0.210938
0 0.200347 0.515625 0.322917 0.025000
0 0.333333 0.588867 0.588889 0.099609
1 0.813889 0.585938 0.294444 0.165625
8 0.500000 0.791406 1.000000 0.417187
0 0.089583 0.726562 0.101389 0.025000
8 0.500000 0.847656 0.922222 0.173437
8 0.990278 0.847656 0.019444 0.173437
