4 0.820139 0.076563 0.126389 0.076563
1 0.820139 0.076563 0.077778 0.043750
3 0.941667 0.076563 0.116667 0.065625
1 0.187153 0.043555 0.296528 0.030078
6 0.100000 0.157227 0.200000 0.073828
6 0.300000 0.157227 0.200000 0.073828
6 0.500000 0.157227 0.200000 0.073828
6 0.700000 0.157227 0.200000 0.073828
6 0.900000 0.157227 0.200000 0.073828
4 0.258681 0.307422 0.482639 0.207031
0 0.159028 0.236914 0.219444 0.033203
0 0.070139 0.287500 0.041667 0.024219
0 0.202778 0.287500 0.131944 0.024219
0 0.069444 0.328125 0.040278 0.024219
0 0.202778 0.328125 0.131944 0.024219
0 0.084722 0.368750 0.070833 0.024219
0 0.202778 0.368750 0.131944 0.024219
4 0.878472 0.866016 0.136111 0.076563
