3 0.068056 0.038281 0.136111 0.076563
3 0.302778 0.070898 0.313889 0.036328
3 0.825000 0.071094 0.116667 0.065625
3 0.941667 0.071094 0.116667 0.065625
3 0.076736 0.032813 0.153472 0.065625
3 0.257639 0.032813 0.208333 0.065625
3 0.480903 0.032813 0.238194 0.065625
3 0.697917 0.032813 0.195833 0.065625
0 0.500000 0.564063 1.000000 0.157031
4 0.388889 0.034180 0.777778 0.068359
6 0.127778 0.216016 0.230556 0.047656
1 0.322569 0.216211 0.121528 0.068359
1 0.322569 0.216211 0.072917 0.041016
0 0.499306 0.216211 0.194444 0.048047
1 0.676042 0.216211 0.121528 0.068359
1 0.676042 0.216211 0.072917 0.041016
6 0.871875 0.216016 0.231250 0.047656
