4 0.500000 0.069531 0.544444 0.049219
2 0.728472 0.069336 0.038889 0.020703
5 0.468403 0.069336 0.481250 0.046484
1 0.286111 0.069336 0.116667 0.046484
0 0.479167 0.069336 0.269444 0.046484
1 0.920833 0.069531 0.061111 0.023438
3 0.068056 0.038086 0.136111 0.073828
3 0.376042 0.132617 0.727083 0.037891
0 0.202083 0.168359 0.379167 0.033594
3 0.861111 0.141016 0.243056 0.049219
8 0.500000 0.448633 0.984722 0.512891
1 0.506250 0.335938 0.486111 0.273438
0 0.146528 0.497656 0.202778 0.035937
0 0.129514 0.553125 0.168750 0.043750
0 0.407639 0.616602 0.725000 0.041797
0 0.375694 0.674414 0.077778 0.029297
8 0.500000 0.824023 0.984722 0.220703
1 0.506250 0.827539 0.486111 0.213672
