4 0.402910 0.450781 0.805820 0.901563
4 0.402910 0.063672 0.805820 0.061719
4 0.132065 0.063672 0.264130 0.049219
1 0.040291 0.063672 0.060436 0.035156
1 0.167320 0.063672 0.173475 0.034375
4 0.402910 0.050195 0.805820 0.100391
1 0.034975 0.050195 0.058758 0.041016
0 0.432289 0.050195 0.735870 0.092578
4 0.402910 0.564648 0.805820 0.739453
8 0.402910 0.087500 0.805820 0.175000
1 0.397874 0.282422 0.795747 0.175000
8 0.402910 0.262500 0.805820 0.175000
1 0.397874 0.457422 0.795747 0.175000
8 0.402910 0.437500 0.805820 0.175000
1 0.397874 0.632422 0.795747 0.175000
8 0.402910 0.612500 0.805820 0.175000
1 0.397874 0.807422 0.795747 0.175000
8 0.402910 0.787500 0.805820 0.175000
1 0.397874 0.914648 0.795747 0.039453
