4 0.500000 0.071094 1.000000 0.076563
3 0.068056 0.038281 0.136111 0.076563
3 0.688889 0.071094 0.116667 0.065625
4 0.815278 0.071094 0.136111 0.076563
1 0.815278 0.071094 0.077778 0.043750
3 0.311111 0.038281 0.116667 0.065625
3 0.243056 0.071094 0.213889 0.076563
8 0.500000 0.155273 1.000000 0.310547
4 0.500000 0.264648 1.000000 0.310547
1 0.499653 0.195312 0.561806 0.054688
0 0.500000 0.256250 0.926389 0.025781
4 0.500000 0.335938 0.926389 0.050781
0 0.500000 0.335938 0.906944 0.039844
8 0.500000 0.396875 1.000000 0.172656
4 0.500000 0.503516 1.000000 0.167187
1 0.163194 0.503516 0.194444 0.109375
0 0.615625 0.487891 0.632639 0.055469
0 0.615625 0.534766 0.632639 0.024219
8 0.500000 0.534961 1.000000 0.103516
4 0.500000 0.643750 1.000000 0.093750
1 0.087500 0.643359 0.097222 0.054688
0 0.568056 0.630859 0.786111 0.029687
0 0.568056 0.658594 0.786111 0.025781
8 0.500000 0.680469 1.000000 0.187500
4 0.500000 0.789258 1.000000 0.177734
1 0.087500 0.746875 0.097222 0.054688
0 0.568056 0.734375 0.786111 0.029687
0 0.568056 0.773242 0.786111 0.048047
3 0.165278 0.842578 0.291667 0.060156
8 0.500000 0.887109 1.000000 0.225781
0 0.500000 0.913867 0.902778 0.041016
3 0.871528 0.861914 0.179167 0.101172
