0 0.143403 0.070898 0.131250 0.036328
3 0.941667 0.071094 0.116667 0.065625
8 0.500000 0.181250 1.000000 0.225781
0 0.500000 0.224023 0.927778 0.027734
0 0.500000 0.274219 0.927778 0.045312
3 0.274653 0.340820 0.418750 0.055078
3 0.725347 0.340820 0.418750 0.055078
8 0.500000 0.624023 1.000000 0.659766
3 0.463542 0.439063 0.849306 0.025781
1 0.931944 0.439063 0.087500 0.049219
1 0.500000 0.642578 1.000000 0.276562
3 0.500000 0.642578 1.000000 0.276562
1 0.087500 0.843164 0.097222 0.027734
4 0.371528 0.841797 0.441667 0.030469
0 0.207986 0.844531 0.095139 0.025000
3 0.249653 0.143555 0.499306 0.068359
3 0.750347 0.143555 0.499306 0.068359
4 0.100000 0.038281 0.200000 0.076563
1 0.100000 0.882422 0.058333 0.032813
0 0.100000 0.911719 0.091667 0.025781
4 0.300000 0.038281 0.200000 0.076563
1 0.300000 0.896094 0.058333 0.032813
4 0.500000 0.038281 0.200000 0.076563
1 0.500000 0.896094 0.058333 0.032813
4 0.700000 0.038281 0.200000 0.076563
1 0.700000 0.896094 0.058333 0.032813
4 0.900000 0.038281 0.200000 0.076563
1 0.900000 0.896094 0.058333 0.032813
