1 0.121528 0.095109 0.243056 0.061455
1 0.121528 0.156564 0.243056 0.061455
1 0.121528 0.218018 0.243056 0.061455
1 0.121528 0.279473 0.243056 0.061455
1 0.121528 0.340928 0.243056 0.061455
1 0.121528 0.402383 0.243056 0.061455
1 0.121528 0.463838 0.243056 0.061455
1 0.121528 0.525293 0.243056 0.061455
1 0.121528 0.586747 0.243056 0.061455
1 0.121528 0.648202 0.243056 0.061455
1 0.121528 0.709657 0.243056 0.061455
1 0.121528 0.771112 0.243056 0.061455
1 0.121528 0.832567 0.243056 0.061455
4 0.621528 0.517559 0.756944 0.964883
0 0.621528 0.251881 0.387500 0.021321
1 0.621181 0.528219 0.347917 0.531355
