8 0.500000 0.197316 1.000000 0.394631
1 0.500000 0.113587 1.000000 0.075968
4 0.500000 0.020270 1.000000 0.040541
1 0.058333 0.173302 0.068056 0.017896
0 0.514583 0.162893 0.795833 0.020088
0 0.514583 0.183802 0.795833 0.017714
2 0.956250 0.173119 0.038889 0.010226
4 0.500000 0.060811 1.000000 0.040541
1 0.058333 0.213842 0.068056 0.017896
0 0.514583 0.203433 0.795833 0.020088
0 0.514583 0.224343 0.795833 0.017714
2 0.956250 0.213660 0.038889 0.010226
4 0.500000 0.101351 1.000000 0.040541
1 0.058333 0.254383 0.068056 0.017896
0 0.514583 0.243974 0.795833 0.020088
0 0.514583 0.264883 0.795833 0.017714
2 0.956250 0.254200 0.038889 0.010226
4 0.500000 0.146457 1.000000 0.049671
1 0.058333 0.294923 0.068056 0.017896
0 0.514583 0.284514 0.795833 0.020088
0 0.514583 0.310354 0.795833 0.027575
2 0.956250 0.299306 0.038889 0.010226
0 0.500000 0.337473 1.000000 0.026662
4 0.500000 0.393809 1.000000 0.086012
8 0.250000 0.028762 0.500000 0.057524
1 0.250000 0.379565 0.500000 0.057524
0 0.250000 0.379565 0.500000 0.017714
8 0.750000 0.028762 0.500000 0.057524
1 0.751042 0.379565 0.497917 0.057524
0 0.751042 0.379565 0.497917 0.017714
8 0.250000 0.086560 0.500000 0.058072
1 0.250000 0.422845 0.500000 0.027940
0 0.250000 0.432798 0.500000 0.008035
8 0.750000 0.086560 0.500000 0.058072
1 0.751042 0.422845 0.497917 0.027940
0 0.751042 0.432798 0.497917 0.008035
4 0.834375 0.030679 0.063194 0.017896
1 0.031597 0.008948 0.063194 0.017896
1 0.711458 0.030679 0.085417 0.023009
1 0.058333 0.030679 0.058333 0.015340
0 0.378125 0.030588 0.542361 0.015522
3 0.048611 0.015340 0.097222 0.030679
7 0.125000 0.013422 0.250000 0.026844
1 0.125000 0.013331 0.058333 0.015340
7 0.375000 0.013422 0.250000 0.026844
7 0.625000 0.013422 0.250000 0.026844
7 0.875000 0.013422 0.250000 0.026844
