0 0.568056 0.070898 0.863889 0.033203
3 0.068056 0.038281 0.136111 0.076563
0 0.500000 0.521875 1.000000 0.825000
4 0.340278 0.076563 0.680556 0.065625
0 0.340278 0.153125 0.602778 0.065625
4 0.340278 0.165625 0.680556 0.065625
0 0.340278 0.242188 0.602778 0.065625
4 0.340278 0.231250 0.680556 0.065625
0 0.340278 0.307812 0.602778 0.065625
4 0.340278 0.296875 0.680556 0.065625
0 0.340278 0.373437 0.602778 0.065625
4 0.340278 0.362500 0.680556 0.065625
0 0.340278 0.439063 0.602778 0.065625
4 0.340278 0.451562 0.680556 0.065625
0 0.340278 0.528125 0.602778 0.065625
4 0.340278 0.517188 0.680556 0.065625
0 0.340278 0.593750 0.602778 0.065625
4 0.340278 0.606250 0.680556 0.065625
0 0.340278 0.682813 0.602778 0.065625
4 0.340278 0.671875 0.680556 0.065625
0 0.340278 0.748437 0.602778 0.065625
4 0.340278 0.737500 0.680556 0.065625
0 0.340278 0.814063 0.602778 0.065625
