0 0.500000 0.174805 1.000000 0.036328
1 0.500000 0.343359 0.951389 0.273438
1 0.500000 0.335938 0.011111 0.258594
0 0.500000 0.530469 1.000000 0.072656
0 0.500000 0.581641 1.000000 0.029687
0 0.500000 0.692187 1.000000 0.054688
0 0.500000 0.774219 0.145833 0.082031
0 0.500000 0.874414 0.570833 0.036328
0 0.880556 0.876563 0.190278 0.029687
0 0.119444 0.929883 0.190278 0.008984
0 0.500000 0.927148 0.570833 0.014453
0 0.880556 0.929883 0.190278 0.008984
4 0.519444 0.058789 0.961111 0.051953
3 0.085417 0.058789 0.093056 0.051953
4 0.941667 0.058789 0.116667 0.051953
4 0.281250 0.025977 0.437500 0.051953
0 0.218750 0.025977 0.052778 0.022266
4 0.718750 0.025977 0.437500 0.051953
0 0.218403 0.025977 0.109028 0.022266
