0 0.325694 0.070898 0.301389 0.036328
3 0.068056 0.038281 0.136111 0.076563
3 0.941667 0.071094 0.116667 0.065625
3 0.227778 0.178320 0.243056 0.137891
3 0.500000 0.178320 0.243056 0.137891
3 0.772222 0.178320 0.243056 0.137891
8 0.500000 0.438477 0.961111 0.789453
0 0.292361 0.329492 0.506944 0.033203
3 0.894097 0.332227 0.134028 0.038672
4 0.254861 0.558203 0.470833 0.355469
1 0.254861 0.558203 0.470833 0.355469
0 0.151736 0.692383 0.186806 0.033203
4 0.745139 0.558203 0.470833 0.355469
1 0.745139 0.558203 0.470833 0.355469
0 0.686806 0.692383 0.276389 0.033203
4 0.254861 0.840625 0.470833 0.187500
1 0.254861 0.840625 0.470833 0.187500
4 0.745139 0.840625 0.470833 0.187500
1 0.745139 0.840625 0.470833 0.187500
