0 0.335069 0.045512 0.378472 0.023320
3 0.068056 0.024574 0.136111 0.049147
7 0.166667 0.021063 0.333333 0.042126
0 0.166319 0.091274 0.127083 0.016550
7 0.500000 0.021063 0.333333 0.042126
0 0.500000 0.091274 0.123611 0.016550
7 0.833333 0.021063 0.333333 0.042126
0 0.832986 0.091274 0.115972 0.016550
8 0.500000 0.243731 1.000000 0.487462
4 0.269444 0.452357 0.461111 0.070211
6 0.269444 0.452357 0.188889 0.070211
4 0.730556 0.452357 0.461111 0.070211
6 0.730556 0.452357 0.220833 0.070211
3 0.499653 0.510281 0.443750 0.031595
