3 0.500000 0.076714 0.951389 0.124164
1 0.092361 0.182065 0.136111 0.124164
0 0.288194 0.138378 0.230556 0.036789
0 0.555903 0.170987 0.765972 0.027592
2 0.951042 0.176839 0.024306 0.025084
3 0.500000 0.202132 0.951389 0.124164
1 0.092361 0.307483 0.136111 0.124164
0 0.275347 0.263796 0.204861 0.036789
0 0.555903 0.296405 0.765972 0.027592
2 0.951042 0.302258 0.024306 0.025084
3 0.500000 0.327550 0.951389 0.124164
1 0.092361 0.432901 0.136111 0.124164
0 0.290278 0.389214 0.234722 0.036789
0 0.555903 0.421823 0.765972 0.027592
2 0.951042 0.427676 0.024306 0.025084
3 0.500000 0.452968 0.951389 0.124164
1 0.092361 0.558319 0.136111 0.124164
0 0.290625 0.514632 0.235417 0.036789
0 0.555903 0.547241 0.765972 0.027592
2 0.951042 0.553094 0.024306 0.025084
3 0.127083 0.035117 0.254167 0.070234
2 0.019444 0.070234 0.038889 0.023411
1 0.068750 0.070234 0.077778 0.046823
0 0.176042 0.070025 0.117361 0.035535
3 0.931944 0.070234 0.136111 0.070234
