1 0.166667 0.222408 0.155556 0.093645
0 0.166319 0.295151 0.124306 0.028428
3 0.166667 0.242475 0.333333 0.145485
1 0.500000 0.222408 0.155556 0.093645
0 0.500000 0.295151 0.172222 0.028428
3 0.500000 0.242475 0.333333 0.145485
1 0.833333 0.222408 0.155556 0.093645
0 0.833333 0.295151 0.202778 0.028428
3 0.833333 0.242475 0.333333 0.145485
1 0.166667 0.497074 0.155556 0.093645
0 0.166667 0.569816 0.204167 0.028428
3 0.166667 0.517140 0.333333 0.145485
1 0.500000 0.497074 0.155556 0.093645
0 0.499653 0.569816 0.186806 0.028428
3 0.500000 0.517140 0.333333 0.145485
1 0.833333 0.497074 0.155556 0.093645
0 0.833333 0.569816 0.165278 0.028428
3 0.833333 0.517140 0.333333 0.145485
1 0.166667 0.772157 0.155556 0.093645
0 0.166667 0.844900 0.091667 0.028428
3 0.166667 0.792224 0.333333 0.145485
1 0.500000 0.772157 0.155556 0.093645
0 0.499653 0.844900 0.163194 0.028428
3 0.500000 0.792224 0.333333 0.145485
1 0.833333 0.772993 0.155556 0.093645
0 0.832986 0.855978 0.164583 0.048913
3 0.833333 0.803303 0.333333 0.165970
3 0.500000 0.964883 1.000000 0.070234
3 0.065972 0.035117 0.131944 0.070234
1 0.025347 0.070234 0.050694 0.023411
1 0.081944 0.070234 0.080556 0.040970
1 0.393750 0.034908 0.787500 0.039716
