3 0.060764 0.059961 0.072917 0.041016
3 0.939236 0.059961 0.072917 0.041016
0 0.500000 0.059961 0.133333 0.033203
4 0.499653 0.325781 0.607639 0.121875
1 0.108333 0.060937 0.168056 0.094531
0 0.607986 0.325781 0.342361 0.094531
0 0.414236 0.416211 0.390972 0.048047
3 0.706944 0.416211 0.145833 0.048047
4 0.341667 0.540430 0.291667 0.162109
1 0.145833 0.060937 0.168056 0.094531
0 0.341319 0.591211 0.164583 0.033203
4 0.657639 0.540430 0.291667 0.162109
0 0.657292 0.591211 0.146528 0.033203
0 0.281597 0.819922 0.188194 0.054688
0 0.585069 0.810742 0.368750 0.036328
0 0.606250 0.838086 0.411111 0.018359
3 0.100000 0.894336 0.200000 0.080078
3 0.300000 0.894336 0.200000 0.080078
3 0.500000 0.894336 0.200000 0.080078
3 0.700000 0.894336 0.200000 0.080078
3 0.900000 0.894336 0.200000 0.080078
