1 0.500000 0.521875 1.000000 0.825000
4 0.124653 0.761523 0.249306 0.206641
1 0.124306 0.763281 0.116667 0.065625
0 0.124653 0.819531 0.249306 0.046875
4 0.374653 0.761523 0.249306 0.206641
1 0.124306 0.105078 0.116667 0.065625
0 0.374653 0.819531 0.249306 0.046875
4 0.624653 0.761523 0.249306 0.206641
0 0.624653 0.819531 0.249306 0.046875
4 0.875000 0.761523 0.250000 0.206641
1 0.125000 0.105078 0.116667 0.065625
0 0.875000 0.819531 0.250000 0.046875
3 0.500000 0.899609 1.000000 0.069531
1 0.500000 0.658203 0.233333 0.131250
3 0.068056 0.038281 0.136111 0.076563
3 0.708333 0.071094 0.116667 0.065625
3 0.825000 0.071094 0.116667 0.065625
3 0.941667 0.071094 0.116667 0.065625
