3 0.656587 0.071094 0.090713 0.065625
3 0.128510 0.038281 0.075594 0.065625
7 0.087473 0.032813 0.174946 0.065625
7 0.272678 0.032813 0.195464 0.065625
7 0.450594 0.032813 0.160367 0.065625
7 0.642819 0.032813 0.224082 0.065625
7 0.877430 0.032813 0.245140 0.065625
8 0.388769 0.417969 0.777538 0.835938
8 0.388769 0.332031 0.777538 0.664062
1 0.388769 0.457813 0.769978 0.557031
1 0.102052 0.785547 0.151188 0.054688
3 0.487041 0.785547 0.528078 0.065625
8 0.388769 0.832031 0.777538 0.335938
1 0.388769 0.888867 0.769978 0.091016
4 0.720842 0.881641 0.075594 0.054688
