0 0.092014 0.070898 0.106250 0.036328
3 0.795833 0.071094 0.136111 0.065625
3 0.931944 0.071094 0.136111 0.065625
7 0.125000 0.032813 0.250000 0.065625
1 0.125000 0.142187 0.087500 0.043750
7 0.375000 0.032813 0.250000 0.065625
1 0.375000 0.142187 0.087500 0.043750
7 0.625000 0.032813 0.250000 0.065625
1 0.625000 0.142187 0.087500 0.043750
0 0.649306 0.131250 0.038889 0.021875
7 0.875000 0.032813 0.250000 0.065625
1 0.875000 0.142187 0.087500 0.043750
8 0.500000 0.554688 1.000000 0.759375
4 0.500000 0.202344 1.000000 0.054688
0 0.500000 0.201563 0.058333 0.053125
2 0.568056 0.202344 0.038889 0.021875
8 0.500000 0.241797 0.961111 0.024219
0 0.137500 0.233594 0.236111 0.007812
4 0.731944 0.239063 0.113889 0.018750
0 0.751389 0.233594 0.036111 0.007812
4 0.913889 0.239063 0.133333 0.018750
0 0.943056 0.233594 0.075000 0.007812
8 0.500000 0.478125 0.961111 0.426563
4 0.500000 0.478125 0.961111 0.426563
4 0.097222 0.306250 0.077778 0.043750
0 0.487153 0.295117 0.663194 0.022266
0 0.206250 0.317383 0.101389 0.022266
1 0.935069 0.301367 0.090972 0.034766
4 0.500000 0.411914 0.883333 0.133984
0 0.390625 0.386133 0.625694 0.060547
0 0.168056 0.438477 0.180556 0.022266
4 0.822569 0.411914 0.199306 0.112109
3 0.822569 0.411914 0.199306 0.112109
0 0.500000 0.558984 0.883333 0.132812
4 0.731944 0.658398 0.113889 0.066016
2 0.713889 0.658203 0.038889 0.021875
0 0.751389 0.658398 0.036111 0.044141
4 0.913889 0.658398 0.133333 0.066016
2 0.886111 0.658203 0.038889 0.021875
0 0.943056 0.658398 0.075000 0.044141
8 0.500000 0.818359 0.961111 0.232031
4 0.097222 0.746484 0.077778 0.043750
0 0.365625 0.735352 0.420139 0.022266
0 0.237847 0.757617 0.164583 0.022266
1 0.935069 0.741602 0.090972 0.034766
0 0.500000 0.829297 0.883333 0.055469
4 0.057292 0.019336 0.114583 0.038672
0 0.110764 0.900977 0.104861 0.027734
4 0.264583 0.019336 0.300000 0.038672
0 0.318056 0.900977 0.290278 0.027734
