8 0.250000 0.173437 0.500000 0.281250
1 0.250000 0.173437 0.500000 0.281250
0 0.196528 0.272461 0.344444 0.028516
0 0.196528 0.298047 0.344444 0.022656
1 0.446528 0.283984 0.106944 0.060156
8 0.750000 0.173437 0.500000 0.281250
1 0.750000 0.173437 0.500000 0.281250
0 0.696528 0.272461 0.344444 0.028516
0 0.696528 0.298047 0.344444 0.022656
1 0.946528 0.283984 0.106944 0.060156
8 0.250000 0.454688 0.500000 0.281250
1 0.250000 0.454688 0.500000 0.281250
0 0.196528 0.553711 0.344444 0.028516
0 0.196528 0.579297 0.344444 0.022656
1 0.446528 0.565234 0.106944 0.060156
8 0.750000 0.454688 0.500000 0.281250
1 0.750000 0.454688 0.500000 0.281250
0 0.696528 0.553711 0.344444 0.028516
0 0.696528 0.579297 0.344444 0.022656
1 0.946528 0.565234 0.106944 0.060156
8 0.250000 0.735938 0.500000 0.281250
1 0.250000 0.735938 0.500000 0.281250
0 0.196528 0.834961 0.344444 0.028516
0 0.196528 0.860547 0.344444 0.022656
1 0.446528 0.846484 0.106944 0.060156
8 0.750000 0.735938 0.500000 0.281250
1 0.750000 0.735938 0.500000 0.281250
0 0.696528 0.834961 0.344444 0.028516
0 0.696528 0.860547 0.344444 0.022656
1 0.946528 0.846484 0.106944 0.060156
8 0.250000 0.905469 0.500000 0.057813
1 0.250000 0.905469 0.500000 0.057813
8 0.750000 0.905469 0.500000 0.057813
1 0.750000 0.905469 0.500000 0.057813
3 0.893056 0.874219 0.136111 0.076563
