3 0.068056 0.038281 0.136111 0.076563
4 0.825000 0.071094 0.116667 0.076563
1 0.825000 0.071094 0.077778 0.043750
4 0.941667 0.071094 0.116667 0.076563
1 0.941667 0.071094 0.058333 0.032813
0 0.193056 0.070898 0.094444 0.036328
4 0.500000 0.522266 1.000000 0.824219
8 0.500000 0.138086 1.000000 0.276172
1 0.500000 0.246875 1.000000 0.273438
4 0.074653 0.034961 0.129861 0.058984
1 0.801042 0.337695 0.104861 0.058984
0 0.801042 0.337695 0.104861 0.058984
4 0.201736 0.034961 0.124306 0.058984
8 0.500000 0.403906 1.000000 0.233594
4 0.114931 0.450586 0.140972 0.079297
1 0.114931 0.450586 0.140972 0.079297
0 0.114931 0.450586 0.140972 0.079297
0 0.379167 0.439453 0.358333 0.029687
0 0.344792 0.465430 0.221528 0.022266
0 0.577778 0.525391 0.755556 0.037500
4 0.264583 0.594922 0.440278 0.053906
4 0.735069 0.594922 0.440972 0.053906
8 0.500000 0.718164 1.000000 0.373047
1 0.472917 0.107031 0.945833 0.214062
0 0.500000 0.753125 0.905556 0.072656
0 0.500000 0.897266 0.945833 0.074219
4 0.100000 0.900977 0.200000 0.066797
4 0.300000 0.900977 0.200000 0.066797
4 0.500000 0.900977 0.200000 0.066797
4 0.700000 0.900977 0.200000 0.066797
4 0.900000 0.900977 0.200000 0.066797
