0 0.326736 0.072461 0.303472 0.036328
3 0.068056 0.038281 0.136111 0.076563
3 0.931944 0.071094 0.136111 0.065625
8 0.500000 0.123828 1.000000 0.023438
0 0.548611 0.123828 0.902778 0.023438
1 0.068056 0.123828 0.058333 0.023438
8 0.500000 0.169531 1.000000 0.067969
0 0.548611 0.169531 0.902778 0.067969
1 0.068056 0.169531 0.058333 0.067969
8 0.500000 0.237500 1.000000 0.067969
0 0.548611 0.237500 0.902778 0.067969
1 0.068056 0.237500 0.058333 0.067969
8 0.500000 0.318359 1.000000 0.093750
0 0.548611 0.318359 0.902778 0.093750
1 0.068056 0.318359 0.058333 0.093750
8 0.500000 0.412109 1.000000 0.093750
0 0.548611 0.412109 0.902778 0.093750
1 0.068056 0.412109 0.058333 0.093750
8 0.500000 0.407617 1.000000 0.121484
4 0.269444 0.519727 0.461111 0.077734
1 0.269444 0.505469 0.087500 0.049219
0 0.269444 0.544336 0.461111 0.028516
4 0.730556 0.519727 0.461111 0.077734
1 0.730556 0.505469 0.087500 0.049219
0 0.730556 0.544336 0.461111 0.028516
8 0.500000 0.506641 1.000000 0.076563
0 0.500000 0.618750 1.000000 0.076563
8 0.500000 0.772461 1.000000 0.455078
0 0.500000 0.795703 1.000000 0.277344
4 0.500000 0.840430 1.000000 0.187891
1 0.500000 0.840430 1.000000 0.187891
