1 0.170833 0.038281 0.263889 0.039844
3 0.727778 0.071094 0.116667 0.065625
3 0.844444 0.071094 0.116667 0.065625
3 0.281944 0.038281 0.097222 0.065625
4 0.071181 0.034180 0.142361 0.068359
1 0.070833 0.033984 0.058333 0.032813
4 0.213542 0.034180 0.142361 0.068359
4 0.356250 0.034180 0.143056 0.068359
1 0.071528 0.033984 0.058333 0.032813
4 0.499306 0.034180 0.143056 0.068359
4 0.642361 0.034180 0.143056 0.068359
4 0.785417 0.034180 0.143056 0.068359
4 0.928472 0.034180 0.143056 0.068359
8 0.166667 0.271484 0.333333 0.187500
8 0.500000 0.271484 0.333333 0.187500
8 0.833333 0.271484 0.333333 0.187500
8 0.166667 0.458984 0.333333 0.187500
8 0.500000 0.458984 0.333333 0.187500
8 0.833333 0.458984 0.333333 0.187500
8 0.166667 0.646484 0.333333 0.187500
8 0.500000 0.646484 0.333333 0.187500
8 0.833333 0.646484 0.333333 0.187500
8 0.166667 0.833984 0.333333 0.187500
8 0.500000 0.833984 0.333333 0.187500
8 0.833333 0.833984 0.333333 0.187500
8 0.166667 0.931055 0.333333 0.006641
8 0.500000 0.931055 0.333333 0.006641
8 0.833333 0.931055 0.333333 0.006641
