4 0.246875 0.218855 0.493750 0.437709
0 0.246875 0.157609 0.493750 0.081104
1 0.246528 0.335702 0.137500 0.085284
0 0.246875 0.498746 0.493750 0.112040
3 0.753125 0.190426 0.445139 0.053094
0 0.246875 0.602843 0.493750 0.081104
1 0.246875 0.218855 0.161806 0.097408
0 0.246875 0.943980 0.493750 0.112040
4 0.753125 0.218855 0.493750 0.437709
0 0.753125 0.602843 0.493750 0.081104
1 0.246875 0.218855 0.161806 0.082358
0 0.753125 0.943980 0.493750 0.112040
0 0.457639 0.060410 0.234722 0.038880
3 0.068056 0.040970 0.136111 0.081940
1 0.257639 0.040970 0.165278 0.070234
0 0.392708 0.095527 0.104861 0.031355
