1 0.257195 0.071094 0.153005 0.065625
1 0.434973 0.071094 0.045902 0.049219
3 0.486157 0.070898 0.041166 0.043359
3 0.035701 0.038281 0.071403 0.076563
4 0.045902 0.032813 0.091803 0.065625
0 0.045902 0.142187 0.051002 0.025781
4 0.137705 0.032813 0.091803 0.065625
0 0.137705 0.142187 0.049545 0.025781
4 0.242259 0.032813 0.117304 0.065625
0 0.242259 0.142187 0.086703 0.025781
4 0.346812 0.032813 0.091803 0.065625
0 0.346812 0.142187 0.051002 0.025781
4 0.495446 0.032813 0.205464 0.065625
0 0.466302 0.142187 0.116576 0.025781
8 0.262295 0.345508 0.524590 0.691016
8 0.262295 0.383984 0.524590 0.417969
1 0.262295 0.314063 0.524590 0.278125
0 0.262295 0.501758 0.524590 0.097266
0 0.036976 0.561328 0.028051 0.019531
0 0.067031 0.560742 0.032058 0.020703
8 0.262295 0.661328 0.524590 0.136719
1 0.096903 0.661328 0.147905 0.109375
0 0.330419 0.626953 0.280510 0.040625
0 0.204007 0.658203 0.027687 0.019531
0 0.233880 0.657617 0.032058 0.020703
8 0.262295 0.797852 0.524590 0.136328
1 0.096903 0.798047 0.147905 0.109375
0 0.345902 0.775195 0.311475 0.063672
0 0.204189 0.817969 0.028051 0.019531
0 0.234244 0.817383 0.032058 0.020703
4 0.262295 0.203516 0.524590 0.057031
0 0.262295 0.203516 0.478689 0.024219
2 0.491439 0.202344 0.020401 0.021875
4 0.204007 0.034180 0.408015 0.068359
