8 0.500000 0.482812 1.000000 0.530469
0 0.861458 0.230078 0.228472 0.025000
0 0.500000 0.559375 0.877778 0.100000
4 0.500000 0.666016 0.172222 0.034375
0 0.444444 0.666016 0.061111 0.034375
0 0.530556 0.666016 0.091667 0.034375
3 0.916319 0.666016 0.118750 0.068750
8 0.500000 0.775586 1.000000 0.448828
0 0.182292 0.776367 0.267361 0.029297
4 0.500000 0.835352 0.902778 0.061328
0 0.175000 0.835352 0.252778 0.061328
1 0.842014 0.835352 0.218750 0.061328
1 0.251736 0.073828 0.231250 0.082031
3 0.798958 0.073828 0.134028 0.082031
1 0.798958 0.062500 0.134028 0.050781
0 0.798611 0.098633 0.058333 0.021484
4 0.932986 0.073828 0.134028 0.082031
1 0.932639 0.063281 0.077778 0.043750
0 0.932639 0.098633 0.022222 0.021484
3 0.068056 0.038281 0.136111 0.076563
4 0.500000 0.041016 1.000000 0.082031
0 0.320139 0.138477 0.543056 0.023047
0 0.320139 0.173633 0.543056 0.023047
0 0.665972 0.155664 0.148611 0.023047
1 0.031597 0.017773 0.063194 0.035547
1 0.975694 0.876367 0.048611 0.020703
