4 0.917361 0.083612 0.087500 0.052676
1 0.261458 0.083612 0.522917 0.070234
0 0.054167 0.040134 0.058333 0.058528
1 0.091667 0.040970 0.002778 0.060201
0 0.129167 0.040134 0.058333 0.058528
1 0.166667 0.040970 0.002778 0.060201
0 0.204167 0.040134 0.058333 0.058528
1 0.241667 0.040970 0.002778 0.060201
0 0.279167 0.040134 0.058333 0.058528
1 0.316667 0.040970 0.002778 0.060201
0 0.354167 0.040134 0.058333 0.058528
1 0.391667 0.040970 0.002778 0.060201
0 0.429167 0.040134 0.058333 0.058528
1 0.466667 0.040970 0.002778 0.060201
0 0.499653 0.286580 0.609028 0.035535
1 0.159722 0.816681 0.245833 0.366639
3 0.563889 0.905309 0.513889 0.043060
1 0.404861 0.511079 0.712500 0.174331
