8 0.500000 0.521875 1.000000 0.825000
8 0.500000 0.043164 1.000000 0.086328
3 0.254861 0.147656 0.470833 0.054688
3 0.745139 0.147656 0.470833 0.054688
8 0.500000 0.289258 1.000000 0.405859
3 0.900694 0.225977 0.120833 0.038672
0 0.211458 0.225977 0.345139 0.033203
4 0.172917 0.421289 0.306944 0.319141
4 0.499306 0.421289 0.306944 0.319141
4 0.825694 0.421289 0.306944 0.319141
8 0.500000 0.695117 1.000000 0.405859
3 0.900694 0.631836 0.120833 0.038672
0 0.207292 0.631836 0.336806 0.033203
4 0.172917 0.800977 0.306944 0.266797
4 0.499306 0.800977 0.306944 0.266797
4 0.825694 0.800977 0.306944 0.266797
4 0.500000 0.045117 1.000000 0.090234
1 0.063194 0.038281 0.126389 0.076563
1 0.189583 0.038281 0.126389 0.076563
1 0.315972 0.038281 0.126389 0.076563
3 0.810417 0.071094 0.116667 0.065625
3 0.927083 0.071094 0.116667 0.065625
