0 0.500000 0.127717 1.000000 0.044732
4 0.500000 0.578804 0.975000 0.842391
8 0.487500 0.058946 0.975000 0.117893
1 0.110069 0.216346 0.170139 0.102425
0 0.591319 0.190844 0.767361 0.051421
0 0.591319 0.249791 0.767361 0.051421
8 0.487500 0.154473 0.975000 0.073161
1 0.051389 0.312082 0.048611 0.073161
0 0.420139 0.311873 0.673611 0.064381
8 0.487500 0.227634 0.975000 0.073161
1 0.051389 0.385242 0.048611 0.073161
0 0.432292 0.385033 0.697917 0.064381
8 0.487500 0.300794 0.975000 0.073161
1 0.051389 0.458403 0.048611 0.073161
0 0.519792 0.458403 0.872917 0.073161
8 0.487500 0.403219 0.975000 0.131689
1 0.085069 0.051212 0.170139 0.102425
0 0.563889 0.051212 0.772222 0.099080
1 0.490278 0.070234 0.525000 0.070234
3 0.058681 0.035117 0.117361 0.070234
2 0.019444 0.070234 0.038889 0.023411
1 0.068750 0.070234 0.077778 0.046823
3 0.931944 0.070234 0.136111 0.070234
