0 0.078472 0.059961 0.108333 0.037891
3 0.712847 0.060156 0.121528 0.054688
3 0.880556 0.060156 0.213889 0.054688
4 0.100000 0.032031 0.200000 0.060156
1 0.099306 0.119531 0.061111 0.034375
4 0.300000 0.032031 0.200000 0.060156
1 0.299306 0.119531 0.061111 0.034375
4 0.500000 0.032031 0.200000 0.060156
1 0.499306 0.119531 0.061111 0.034375
4 0.700000 0.032031 0.200000 0.060156
1 0.699306 0.119531 0.061111 0.034375
4 0.900000 0.030078 0.200000 0.060156
1 0.899306 0.117578 0.061111 0.034375
0 0.929167 0.104688 0.048611 0.027344
8 0.500000 0.541016 1.000000 0.786719
3 0.500000 0.541016 1.000000 0.786719
8 0.500000 0.072070 1.000000 0.144141
4 0.500000 0.219727 0.951389 0.108203
0 0.500000 0.219727 0.902778 0.080859
8 0.500000 0.571875 1.000000 0.856250
1 0.069444 0.347656 0.109722 0.061719
1 0.054861 0.030859 0.109722 0.061719
3 0.249306 0.339062 0.230556 0.033594
0 0.160069 0.365039 0.052083 0.018359
3 0.500000 0.403516 0.951389 0.033594
1 0.500000 0.684180 1.000000 0.500391
