0 0.500000 0.448828 0.922222 0.043750
0 0.500000 0.521680 0.922222 0.036328
4 0.388194 0.071094 0.737500 0.054688
2 0.080208 0.070898 0.043750 0.024609
0 0.429514 0.071094 0.654861 0.025781
4 0.842014 0.071094 0.092361 0.076563
1 0.046181 0.038086 0.053472 0.030078
3 0.944097 0.071094 0.111806 0.076563
1 0.934375 0.071094 0.053472 0.076563
7 0.125000 0.032813 0.250000 0.065625
0 0.125000 0.141992 0.083333 0.022266
7 0.375000 0.032813 0.250000 0.065625
0 0.375000 0.141992 0.147222 0.022266
7 0.625000 0.032813 0.250000 0.065625
0 0.624653 0.141992 0.106250 0.022266
7 0.875000 0.032813 0.250000 0.065625
0 0.875000 0.141992 0.080556 0.022266
