4 0.072917 0.066992 0.145833 0.068359
1 0.072917 0.034180 0.145833 0.068359
3 0.504861 0.066992 0.718056 0.068359
1 0.504861 0.066992 0.708333 0.062891
1 0.220139 0.233203 0.194444 0.109375
1 0.500000 0.233203 0.194444 0.109375
1 0.779861 0.233203 0.194444 0.109375
0 0.500000 0.327344 0.926389 0.037500
3 0.500000 0.510547 0.902778 0.246094
0 0.241667 0.655273 0.386111 0.043359
0 0.238194 0.698633 0.379167 0.043359
6 0.125694 0.749805 0.115278 0.037109
3 0.500000 0.854492 0.708333 0.068359
1 0.500000 0.071875 1.000000 0.007031
