4 0.500000 0.071094 1.000000 0.076563
0 0.180556 0.071094 0.283333 0.029687
1 0.263889 0.071094 0.116667 0.065625
3 0.825000 0.071094 0.116667 0.065625
3 0.941667 0.071094 0.116667 0.065625
4 0.500000 0.521875 1.000000 0.825000
1 0.500000 0.412500 1.000000 0.825000
1 0.334028 0.107227 0.629167 0.214453
0 0.499653 0.505859 0.668750 0.135156
0 0.499653 0.633398 0.668750 0.087109
0 0.499653 0.737695 0.668750 0.077734
1 0.100000 0.896094 0.200000 0.076563
4 0.300000 0.896094 0.200000 0.076563
2 0.299653 0.895898 0.043750 0.024609
1 0.500000 0.896094 0.200000 0.076563
4 0.700000 0.896094 0.200000 0.076563
1 0.700000 0.896094 0.058333 0.032813
1 0.900000 0.896094 0.200000 0.076563
