7 0.100000 0.032813 0.200000 0.065625
1 0.100000 0.065625 0.077778 0.043750
7 0.300000 0.032813 0.200000 0.065625
1 0.300000 0.065625 0.077778 0.043750
7 0.500000 0.032813 0.200000 0.065625
1 0.500000 0.065625 0.077778 0.043750
7 0.700000 0.032813 0.200000 0.065625
1 0.700000 0.065625 0.077778 0.043750
7 0.900000 0.032813 0.200000 0.065625
1 0.900000 0.065625 0.077778 0.043750
8 0.500000 0.516406 1.000000 0.835938
8 0.500000 0.361133 0.961111 0.525391
4 0.500000 0.115625 0.961111 0.034375
3 0.441667 0.114844 0.786111 0.032813
1 0.922222 0.114844 0.116667 0.032813
1 0.500000 0.276953 0.898611 0.264062
4 0.500000 0.459180 0.898611 0.098047
0 0.441667 0.447656 0.743056 0.053125
0 0.223611 0.485742 0.306944 0.023047
3 0.890972 0.442969 0.116667 0.065625
3 0.500000 0.541797 0.961111 0.042969
3 0.179514 0.594336 0.320139 0.058984
0 0.218056 0.594141 0.062500 0.026562
3 0.499653 0.594336 0.320139 0.058984
1 0.413194 0.594141 0.058333 0.032813
0 0.538194 0.594141 0.152778 0.026562
3 0.820139 0.594336 0.320833 0.058984
1 0.765972 0.594141 0.058333 0.032813
0 0.859028 0.594141 0.088889 0.026562
8 0.500000 0.784570 0.961111 0.299609
4 0.500000 0.668359 0.961111 0.067187
3 0.441667 0.667578 0.786111 0.065625
1 0.922222 0.667578 0.116667 0.065625
1 0.500000 0.824219 0.898611 0.220312
