4 0.500000 0.552676 0.926389 0.894649
8 0.463194 0.011079 0.926389 0.022157
8 0.500000 0.165970 0.926389 0.076087
1 0.063194 0.038043 0.077778 0.046823
0 0.500000 0.165970 0.673611 0.031773
1 0.863194 0.038043 0.077778 0.046823
8 0.500000 0.242475 0.926389 0.076087
0 0.500000 0.242475 0.673611 0.031773
8 0.500000 0.318980 0.926389 0.076087
0 0.500000 0.318980 0.673611 0.031773
8 0.463194 0.263169 0.926389 0.022157
8 0.463194 0.292224 0.926389 0.035117
1 0.029167 0.017559 0.058333 0.035117
0 0.211458 0.017349 0.257639 0.029682
8 0.463194 0.313963 0.926389 0.007525
8 0.500000 0.451923 0.926389 0.056856
0 0.500000 0.451923 0.877778 0.027592
8 0.463194 0.386497 0.926389 0.022157
8 0.463194 0.415552 0.926389 0.035117
0 0.207639 0.017349 0.250000 0.029682
8 0.463194 0.437291 0.926389 0.007525
8 0.500000 0.575251 0.926389 0.056856
0 0.500000 0.575251 0.877778 0.027592
8 0.463194 0.509824 0.926389 0.022157
8 0.463194 0.590928 0.926389 0.139214
8 0.463194 0.672032 0.926389 0.022157
4 0.190972 0.867893 0.308333 0.064381
1 0.104167 0.032191 0.058333 0.035117
0 0.232292 0.867684 0.075694 0.023829
4 0.500000 0.867893 0.308333 0.064381
1 0.111806 0.032191 0.058333 0.035117
0 0.540972 0.867684 0.059722 0.023829
4 0.809028 0.867893 0.308333 0.064381
1 0.090972 0.032191 0.058333 0.035117
0 0.850347 0.867684 0.102083 0.023829
4 0.500000 0.930811 0.926389 0.060619
0 0.499653 0.920987 0.204861 0.031773
0 0.500000 0.946697 0.259722 0.019649
0 0.500000 0.980560 0.443056 0.023829
1 0.075694 0.070234 0.077778 0.046823
3 0.348611 0.070025 0.394444 0.038880
1 0.841667 0.034908 0.243056 0.049749
