0 0.257639 0.070898 0.223611 0.036328
3 0.068056 0.038281 0.136111 0.076563
1 0.500000 0.257812 1.000000 0.296875
0 0.499653 0.427930 0.557639 0.043359
0 0.499653 0.471484 0.060417 0.029687
0 0.499653 0.515039 0.585417 0.043359
4 0.500000 0.061719 0.951389 0.096094
1 0.121528 0.598437 0.145833 0.082031
0 0.423611 0.598242 0.384722 0.040234
4 0.500000 0.164844 0.951389 0.096094
1 0.121528 0.701562 0.145833 0.082031
0 0.504167 0.701367 0.545833 0.040234
4 0.500000 0.275000 0.951389 0.096094
1 0.121528 0.811719 0.145833 0.082031
0 0.388889 0.811523 0.315278 0.040234
3 0.230556 0.897266 0.090278 0.025781
0 0.298264 0.897266 0.045139 0.025781
3 0.375694 0.897266 0.109722 0.025781
0 0.453125 0.897266 0.045139 0.025781
3 0.541667 0.897266 0.131944 0.025781
0 0.630208 0.897266 0.045139 0.025781
3 0.733333 0.897266 0.161111 0.025781
0 0.344444 0.927734 0.301389 0.013281
3 0.656944 0.927734 0.298611 0.013281
