0 0.092014 0.070898 0.106250 0.036328
3 0.795833 0.071094 0.136111 0.065625
3 0.931944 0.071094 0.136111 0.065625
7 0.125000 0.032813 0.250000 0.065625
1 0.125000 0.142187 0.087500 0.043750
7 0.375000 0.032813 0.250000 0.065625
1 0.375000 0.142187 0.087500 0.043750
7 0.625000 0.032813 0.250000 0.065625
1 0.625000 0.142187 0.087500 0.043750
0 0.649306 0.131250 0.038889 0.021875
7 0.875000 0.032813 0.250000 0.065625
1 0.875000 0.142187 0.087500 0.043750
8 0.500000 0.554688 1.000000 0.759375
4 0.500000 0.202344 1.000000 0.054688
0 0.500000 0.201563 0.058333 0.053125
2 0.568056 0.202344 0.038889 0.021875
8 0.500000 0.111133 0.961111 0.222266
4 0.116667 0.267969 0.116667 0.065625
2 0.155903 0.290625 0.038194 0.020313
3 0.311806 0.248047 0.215278 0.025781
3 0.305903 0.273633 0.203472 0.022266
0 0.307639 0.298242 0.206944 0.018359
1 0.725347 0.271094 0.150694 0.054688
1 0.876042 0.271094 0.150694 0.054688
4 0.116667 0.355078 0.116667 0.065625
2 0.155903 0.377734 0.038194 0.020313
3 0.307639 0.335156 0.206944 0.025781
3 0.305556 0.360742 0.202778 0.022266
0 0.307639 0.385352 0.206944 0.018359
1 0.725347 0.358203 0.150694 0.054688
1 0.876042 0.358203 0.150694 0.054688
3 0.499653 0.427148 0.188194 0.049609
8 0.500000 0.698633 0.961111 0.471484
4 0.097222 0.507031 0.077778 0.043750
2 0.123611 0.522266 0.025000 0.013281
0 0.323958 0.495898 0.336806 0.022266
0 0.206250 0.518164 0.101389 0.022266
1 0.935069 0.502148 0.090972 0.034766
0 0.312153 0.576953 0.507639 0.029687
4 0.073264 0.019336 0.146528 0.038672
0 0.126736 0.898242 0.136806 0.027734
4 0.715278 0.934180 0.113889 0.000391
4 0.905556 0.934180 0.150000 0.000391
