1 0.178819 0.022316 0.279861 0.012589
3 0.048611 0.022431 0.097222 0.038453
3 0.125000 0.019341 0.250000 0.038682
3 0.375000 0.083429 0.250000 0.038682
3 0.625000 0.083429 0.250000 0.038682
3 0.875000 0.083429 0.250000 0.038682
8 0.500000 0.325132 1.000000 0.444724
1 0.058333 0.019112 0.077778 0.033646
0 0.499653 0.133211 0.536806 0.017395
4 0.500000 0.218242 1.000000 0.287709
0 0.153472 0.196727 0.184722 0.016251
1 0.920139 0.197757 0.086111 0.028382
8 0.475694 0.124170 0.951389 0.248341
4 0.500000 0.540055 1.000000 0.355917
1 0.092014 0.489700 0.086806 0.028611
0 0.334722 0.489929 0.358333 0.037308
1 0.427083 0.080224 0.854167 0.160449
