1 0.500000 0.483594 1.000000 0.901563
0 0.509722 0.071094 0.747222 0.039844
3 0.068056 0.038281 0.136111 0.076563
4 0.941667 0.071094 0.116667 0.076563
4 0.250000 0.159766 0.500000 0.100781
0 0.250000 0.122266 0.500000 0.025781
0 0.250000 0.172656 0.500000 0.075000
4 0.750000 0.159766 0.500000 0.100781
0 0.750000 0.122266 0.500000 0.025781
0 0.750000 0.172656 0.500000 0.075000
8 0.500000 0.300781 1.000000 0.601562
4 0.148264 0.265430 0.171528 0.096484
1 0.148264 0.265430 0.093750 0.052734
0 0.148264 0.324805 0.171528 0.022266
4 0.382292 0.265430 0.171528 0.096484
1 0.382292 0.265430 0.093750 0.052734
0 0.382292 0.324805 0.171528 0.022266
4 0.616319 0.265430 0.171528 0.096484
1 0.616319 0.265430 0.093750 0.052734
0 0.616319 0.324805 0.171528 0.022266
4 0.850347 0.265430 0.171528 0.096484
1 0.850347 0.265430 0.093750 0.052734
0 0.850347 0.322070 0.171528 0.016797
4 0.148264 0.419336 0.171528 0.096484
1 0.148264 0.419336 0.093750 0.052734
0 0.148264 0.478711 0.171528 0.022266
4 0.382292 0.419336 0.171528 0.096484
1 0.382292 0.419336 0.093750 0.052734
0 0.382292 0.478711 0.171528 0.022266
4 0.616319 0.419336 0.171528 0.096484
1 0.616319 0.419336 0.093750 0.052734
0 0.616319 0.478711 0.171528 0.022266
4 0.850347 0.419336 0.171528 0.096484
1 0.850347 0.419336 0.093750 0.052734
0 0.850347 0.478711 0.171528 0.022266
4 0.148264 0.573242 0.171528 0.096484
1 0.148264 0.573242 0.093750 0.052734
0 0.148264 0.632617 0.171528 0.022266
4 0.382292 0.573242 0.171528 0.096484
1 0.382292 0.573242 0.093750 0.052734
0 0.382292 0.632617 0.171528 0.022266
4 0.616319 0.573242 0.171528 0.096484
1 0.616319 0.573242 0.093750 0.052734
0 0.616319 0.632617 0.171528 0.022266
4 0.850347 0.573242 0.171528 0.096484
1 0.850347 0.573242 0.093750 0.052734
0 0.850347 0.632617 0.171528 0.022266
4 0.148264 0.727148 0.171528 0.096484
1 0.148264 0.727148 0.093750 0.052734
0 0.148264 0.786523 0.171528 0.022266
4 0.382292 0.727148 0.171528 0.096484
1 0.382292 0.727148 0.093750 0.052734
0 0.382292 0.786523 0.171528 0.022266
4 0.616319 0.727148 0.171528 0.096484
1 0.616319 0.727148 0.093750 0.052734
0 0.616319 0.786523 0.171528 0.022266
4 0.850347 0.727148 0.171528 0.096484
1 0.850347 0.727148 0.093750 0.052734
0 0.850347 0.783789 0.171528 0.016797
4 0.500000 0.887891 1.000000 0.092969
1 0.067361 0.888281 0.061111 0.034375
0 0.506250 0.888477 0.816667 0.036328
1 0.938889 0.888281 0.048611 0.034375
0 0.500000 0.917773 0.926389 0.022266
3 0.500000 0.450781 1.000000 0.901563
0 0.720486 0.129492 0.079861 0.036328
0 0.720486 0.160547 0.309028 0.025781
