1 0.500000 0.035117 1.000000 0.070234
1 0.068056 0.035953 0.136111 0.070234
1 0.931944 0.035953 0.136111 0.070234
4 0.125000 0.140468 0.250000 0.070234
1 0.124653 0.034908 0.065972 0.039716
4 0.375000 0.140468 0.250000 0.070234
4 0.625000 0.140468 0.250000 0.070234
4 0.875000 0.140468 0.250000 0.070234
1 0.500000 0.278010 1.000000 0.204849
0 0.500000 0.209657 1.000000 0.068144
1 0.500000 0.484532 1.000000 0.204849
0 0.500000 0.416179 1.000000 0.068144
1 0.500000 0.691054 1.000000 0.204849
0 0.500000 0.622701 1.000000 0.068144
1 0.500000 0.897575 1.000000 0.204849
0 0.500000 0.829222 1.000000 0.068144
