8 0.233312 0.586719 0.466623 0.571875
8 0.233312 0.092773 0.466623 0.185547
1 0.052657 0.332617 0.029488 0.035547
1 0.032890 0.332617 0.029488 0.035547
0 0.101426 0.323633 0.049903 0.018359
0 0.101750 0.341992 0.050551 0.018359
0 0.169799 0.401758 0.303305 0.087109
1 0.386099 0.417969 0.124757 0.109375
8 0.233312 0.390625 0.466623 0.382812
3 0.425632 0.533984 0.045690 0.035156
0 0.419961 0.533984 0.034349 0.021094
2 0.040019 0.017383 0.011342 0.013672
0 0.077285 0.532813 0.118276 0.032813
8 0.158296 0.166797 0.280298 0.300781
1 0.158296 0.654492 0.280298 0.177734
0 0.158296 0.784180 0.253078 0.048828
0 0.064485 0.840820 0.065457 0.018359
8 0.452203 0.166797 0.280298 0.300781
1 0.389339 0.654492 0.154569 0.177734
0 0.396144 0.784180 0.140959 0.048828
0 0.369248 0.840820 0.087168 0.018359
1 0.233150 0.110937 0.138367 0.054688
4 0.021549 0.200977 0.006805 0.068359
3 0.236714 0.200977 0.423526 0.068359
1 0.441672 0.071094 0.045366 0.054688
4 0.443940 0.274805 0.045366 0.051953
4 0.040830 0.025977 0.081659 0.051953
0 0.040668 0.274609 0.052819 0.025781
4 0.130104 0.025977 0.096889 0.051953
0 0.130104 0.274609 0.069669 0.025781
4 0.233798 0.025977 0.110499 0.051953
0 0.233798 0.274609 0.083279 0.025781
4 0.329877 0.025977 0.081659 0.051953
0 0.329877 0.274609 0.052495 0.025781
4 0.411536 0.025977 0.081659 0.051953
0 0.402949 0.274609 0.036617 0.025781
3 0.233312 0.903516 0.466623 0.061719
3 0.040830 0.903516 0.081659 0.061719
6 0.137071 0.903516 0.081659 0.061719
3 0.137071 0.903516 0.081659 0.061719
3 0.233312 0.903516 0.081659 0.061719
3 0.329553 0.903516 0.081659 0.061719
3 0.425794 0.903516 0.081659 0.061719
