4 0.500000 0.517559 1.000000 0.964883
3 0.068056 0.040970 0.136111 0.081940
1 0.500000 0.040970 0.388889 0.064381
4 0.053472 0.032191 0.106944 0.064381
1 0.946528 0.076087 0.077778 0.046823
1 0.500000 0.292642 1.000000 0.351171
7 0.125000 0.035117 0.250000 0.070234
0 0.125000 0.503135 0.080556 0.023829
7 0.375000 0.035117 0.250000 0.070234
0 0.375000 0.503135 0.134722 0.023829
7 0.625000 0.035117 0.250000 0.070234
0 0.624653 0.503135 0.120139 0.023829
7 0.875000 0.035117 0.250000 0.070234
0 0.874653 0.503135 0.143750 0.023829
8 0.500000 0.724289 1.000000 0.368311
1 0.500000 0.666597 0.986111 0.242057
0 0.500000 0.821697 0.937500 0.038880
0 0.135764 0.864758 0.209028 0.023829
1 0.929514 0.864758 0.078472 0.047241
8 0.500000 0.954222 1.000000 0.091555
1 0.500000 0.956940 0.986111 0.086120
