1 0.310069 0.034180 0.303472 0.068359
1 0.651736 0.034180 0.379861 0.068359
3 0.166667 0.160547 0.333333 0.091406
1 0.166667 0.142187 0.097222 0.054688
0 0.166319 0.191406 0.122917 0.029687
3 0.500000 0.160547 0.333333 0.091406
1 0.500000 0.142187 0.097222 0.054688
0 0.499653 0.191406 0.121528 0.029687
3 0.833333 0.160547 0.333333 0.091406
1 0.833333 0.142187 0.097222 0.054688
0 0.833333 0.191406 0.158333 0.029687
3 0.261111 0.304688 0.458333 0.182812
5 0.261111 0.279687 0.409722 0.054688
3 0.419792 0.278320 0.092361 0.051953
0 0.261111 0.352539 0.126389 0.036328
3 0.748611 0.304688 0.458333 0.182812
1 0.748611 0.279687 0.194444 0.082031
0 0.748264 0.352539 0.245139 0.036328
3 0.261111 0.501563 0.458333 0.182812
1 0.261111 0.476562 0.194444 0.082031
0 0.260764 0.549414 0.246528 0.036328
3 0.748611 0.501563 0.458333 0.182812
1 0.748611 0.476562 0.194444 0.082031
0 0.748611 0.549414 0.316667 0.036328
3 0.166667 0.645703 0.333333 0.091406
1 0.166667 0.627344 0.097222 0.054688
0 0.166667 0.676562 0.097222 0.029687
3 0.500000 0.645703 0.333333 0.091406
1 0.500000 0.627344 0.097222 0.054688
0 0.500000 0.676562 0.126389 0.029687
3 0.833333 0.648438 0.333333 0.091406
1 0.833333 0.630078 0.097222 0.054688
0 0.833333 0.679297 0.125000 0.029687
1 0.500000 0.821875 1.000000 0.225000
