1 0.500000 0.482441 1.000000 0.964883
0 0.098264 0.049749 0.171528 0.025920
0 0.268056 0.049749 0.070833 0.025920
0 0.409375 0.049749 0.114583 0.025920
0 0.451042 0.076087 0.031250 0.026756
0 0.425000 0.076087 0.020833 0.029264
0 0.293056 0.076087 0.020833 0.029264
0 0.170833 0.078386 0.026389 0.022157
0 0.147222 0.076087 0.020833 0.029264
4 0.932639 0.064381 0.061111 0.036789
4 0.825347 0.064381 0.056250 0.035117
1 0.860417 0.052676 0.058333 0.035117
4 0.725347 0.064172 0.046528 0.033863
4 0.323958 0.934156 0.328472 0.073161
0 0.164236 0.036371 0.261806 0.031773
4 0.676042 0.934156 0.328472 0.073161
0 0.163889 0.036371 0.218056 0.031773
4 0.500000 0.846363 0.680556 0.073161
0 0.339931 0.036580 0.325694 0.043060
1 0.500000 0.451714 0.777778 0.341555
