8 0.500000 0.237500 1.000000 0.365625
8 0.500000 0.182812 1.000000 0.365625
8 0.500000 0.710156 1.000000 0.579688
8 0.500000 0.563867 1.000000 0.068359
8 0.500000 0.563672 0.951389 0.029687
8 0.500000 0.732031 1.000000 0.267969
4 0.500000 0.140820 1.000000 0.062891
5 0.423958 0.138672 0.799306 0.042188
3 0.923958 0.140820 0.152083 0.030078
1 0.094097 0.038086 0.188194 0.041016
3 0.941667 0.071094 0.116667 0.065625
4 0.125000 0.034180 0.250000 0.068359
1 0.030208 0.016992 0.060417 0.033984
0 0.063194 0.047070 0.126389 0.018359
4 0.375000 0.034180 0.250000 0.068359
0 0.031944 0.047070 0.063889 0.018359
4 0.625000 0.034180 0.250000 0.068359
0 0.077431 0.047070 0.154861 0.018359
4 0.875000 0.034180 0.250000 0.068359
0 0.044792 0.047070 0.089583 0.018359
