4 0.246528 0.238086 0.493056 0.241016
0 0.246528 0.238086 0.493056 0.241016
4 0.753819 0.238086 0.492361 0.241016
0 0.753819 0.238086 0.492361 0.241016
4 0.246528 0.487500 0.493056 0.241406
0 0.246528 0.487500 0.493056 0.241406
4 0.753819 0.487500 0.492361 0.241406
0 0.753819 0.487500 0.492361 0.241406
4 0.246528 0.737109 0.493056 0.241406
0 0.246528 0.737109 0.493056 0.241406
4 0.753819 0.737109 0.492361 0.241406
0 0.753819 0.737109 0.492361 0.241406
0 0.229514 0.070898 0.381250 0.036328
3 0.048611 0.038281 0.097222 0.065625
