3 0.941667 0.057814 0.116667 0.053367
4 0.068056 0.031131 0.136111 0.062262
1 0.068056 0.057814 0.136111 0.062262
4 0.220833 0.031131 0.169444 0.062262
0 0.220833 0.057814 0.169444 0.062262
4 0.415972 0.031131 0.220833 0.062262
0 0.415972 0.057814 0.220833 0.062262
8 0.500000 0.335451 1.000000 0.670902
4 0.500000 0.164072 0.955556 0.150254
8 0.141319 0.107370 0.238194 0.036849
0 0.140625 0.098475 0.095139 0.019060
8 0.380208 0.107370 0.238194 0.036849
0 0.379514 0.098475 0.092361 0.019060
8 0.619097 0.107370 0.238194 0.036849
0 0.619097 0.098475 0.161806 0.019060
8 0.857986 0.107370 0.238194 0.036849
0 0.857986 0.098475 0.164583 0.019060
8 0.141319 0.182656 0.238194 0.113088
1 0.140972 0.168361 0.106944 0.048920
0 0.140625 0.211563 0.129861 0.019695
0 0.189583 0.152160 0.058333 0.016518
8 0.380208 0.182656 0.238194 0.113088
1 0.379861 0.168361 0.106944 0.048920
0 0.379861 0.211563 0.087500 0.019695
8 0.619097 0.182656 0.238194 0.113088
1 0.618750 0.168361 0.106944 0.048920
0 0.618750 0.211563 0.123611 0.019695
4 0.500000 0.280654 0.961111 0.044790
1 0.087500 0.280496 0.058333 0.026684
0 0.538889 0.280654 0.805556 0.044790
1 0.912500 0.022236 0.058333 0.026684
4 0.500000 0.325445 0.961111 0.044790
1 0.087500 0.325286 0.058333 0.026684
0 0.538889 0.325445 0.805556 0.044790
8 0.500000 0.462675 1.000000 0.193456
1 0.500000 0.462675 0.961111 0.175667
3 0.919444 0.391201 0.122222 0.032719
0 0.278125 0.504130 0.439583 0.020966
0 0.184722 0.523666 0.252778 0.018107
3 0.029167 0.004447 0.019444 0.008895
3 0.070833 0.004447 0.019444 0.008895
3 0.112500 0.004447 0.019444 0.008895
3 0.154167 0.004447 0.019444 0.008895
3 0.195833 0.004447 0.019444 0.008895
4 0.500000 0.653272 1.000000 0.187103
1 0.500000 0.691709 1.000000 0.110229
0 0.305903 0.603558 0.514583 0.020966
0 0.441667 0.627541 0.786111 0.018107
