4 0.500000 0.034180 1.000000 0.068359
4 0.500000 0.197852 1.000000 0.111328
0 0.464236 0.197656 0.040972 0.057031
0 0.495833 0.194922 0.022222 0.051562
0 0.531250 0.194922 0.048611 0.051562
8 0.500000 0.278516 1.000000 0.557031
0 0.499653 0.315625 0.072917 0.029687
1 0.500000 0.579102 0.291667 0.205078
1 0.615625 0.664062 0.270139 0.136719
6 0.897569 0.815430 0.131250 0.073828
4 0.114583 0.808594 0.155556 0.087500
3 0.500000 0.114844 1.000000 0.027344
1 0.500000 0.114844 0.097222 0.027344
4 0.125000 0.038281 0.250000 0.076563
1 0.125000 0.896094 0.070833 0.050781
4 0.375000 0.038281 0.250000 0.076563
1 0.375000 0.896094 0.090278 0.050781
4 0.625000 0.038281 0.250000 0.076563
1 0.625000 0.896094 0.090278 0.050781
4 0.875000 0.038281 0.250000 0.076563
1 0.875000 0.896094 0.090278 0.050781
0 0.934028 0.874805 0.061111 0.018359
0 0.945833 0.889258 0.037500 0.018359
