1 0.500000 0.483594 1.000000 0.901563
4 0.087847 0.091406 0.097917 0.064844
1 0.081597 0.091406 0.085417 0.034375
1 0.907639 0.091406 0.058333 0.032813
1 0.499653 0.078711 0.647917 0.048047
0 0.500000 0.115625 0.766667 0.025781
3 0.121528 0.091602 0.243056 0.117578
3 0.500000 0.091602 0.513889 0.117578
3 0.878472 0.091602 0.243056 0.117578
1 0.500000 0.864062 1.000000 0.000781
6 0.126389 0.899609 0.252778 0.069531
6 0.384028 0.899609 0.262500 0.069531
6 0.632639 0.899609 0.234722 0.069531
6 0.875000 0.899609 0.250000 0.069531
8 0.500000 0.300000 1.000000 0.600000
4 0.500000 0.232227 1.000000 0.163672
1 0.155556 0.207813 0.233333 0.073438
2 0.080556 0.221094 0.029167 0.016406
0 0.636111 0.193750 0.650000 0.059375
0 0.636111 0.250000 0.650000 0.053125
0 0.636111 0.288477 0.650000 0.018359
4 0.500000 0.396289 1.000000 0.163672
1 0.155556 0.371875 0.233333 0.073438
2 0.080556 0.385156 0.029167 0.016406
0 0.126042 0.385156 0.061806 0.016406
0 0.636111 0.357812 0.650000 0.059375
0 0.636111 0.414062 0.650000 0.053125
0 0.636111 0.452539 0.650000 0.018359
4 0.500000 0.560352 1.000000 0.163672
1 0.155556 0.535937 0.233333 0.073438
2 0.080556 0.549219 0.029167 0.016406
0 0.126042 0.549219 0.061806 0.016406
0 0.636111 0.521875 0.650000 0.059375
0 0.636111 0.578125 0.650000 0.053125
0 0.636111 0.616602 0.650000 0.018359
4 0.500000 0.696484 1.000000 0.107813
1 0.155556 0.700000 0.233333 0.073438
2 0.080556 0.713281 0.029167 0.016406
0 0.636111 0.671094 0.650000 0.029687
0 0.636111 0.697852 0.650000 0.018359
8 0.500000 0.800195 1.000000 0.399609
