1 0.126389 0.038086 0.175000 0.035547
5 0.941667 0.071094 0.116667 0.065625
1 0.941667 0.071094 0.116667 0.065625
8 0.500000 0.374219 1.000000 0.748437
4 0.500000 0.483594 1.000000 0.748437
8 0.500000 0.125000 1.000000 0.250000
8 0.500000 0.395313 1.000000 0.290625
1 0.500000 0.407422 1.000000 0.092969
1 0.947569 0.388867 0.104861 0.058984
0 0.500000 0.492578 0.922222 0.033594
0 0.500000 0.529687 0.922222 0.029687
0 0.167014 0.604688 0.314583 0.073438
8 0.500000 0.566992 1.000000 0.052734
5 0.153472 0.676367 0.306944 0.052734
0 0.138542 0.684570 0.199306 0.025391
2 0.220486 0.012695 0.017361 0.005859
8 0.500000 0.683008 1.000000 0.179297
4 0.087500 0.757422 0.097222 0.054688
1 0.087500 0.757422 0.097222 0.054688
0 0.525694 0.744922 0.701389 0.029687
0 0.900347 0.744727 0.047917 0.025391
2 0.950000 0.744922 0.022222 0.012500
0 0.515278 0.776563 0.680556 0.033594
0 0.568056 0.839844 0.786111 0.029687
0 0.499653 0.158594 0.190972 0.033594
0 0.500000 0.194727 0.394444 0.022266
4 0.165625 0.276953 0.331250 0.076563
1 0.165625 0.256055 0.032639 0.034766
0 0.165625 0.302539 0.142361 0.025391
4 0.499653 0.276953 0.331250 0.076563
1 0.499653 0.256055 0.032639 0.034766
0 0.499653 0.302539 0.059028 0.025391
4 0.834028 0.276953 0.331944 0.076563
1 0.834028 0.256055 0.051389 0.034766
0 0.834028 0.302539 0.159722 0.025391
4 0.125000 0.896094 0.250000 0.076563
6 0.125000 0.896094 0.088889 0.062500
4 0.375000 0.896094 0.250000 0.076563
6 0.375000 0.895898 0.077778 0.037109
4 0.625000 0.896094 0.250000 0.076563
6 0.624653 0.895898 0.063194 0.035547
4 0.875000 0.896094 0.250000 0.076563
6 0.875000 0.895898 0.077778 0.037109
