4 0.500000 0.483594 1.000000 0.901563
4 0.500000 0.240430 0.961111 0.240234
1 0.500000 0.240430 0.961111 0.240234
0 0.499306 0.217383 0.169444 0.036328
0 0.499653 0.258594 0.200694 0.024219
0 0.500000 0.400781 0.961111 0.058594
4 0.254861 0.573438 0.470833 0.264844
1 0.254861 0.573438 0.470833 0.264844
0 0.254514 0.539648 0.131250 0.036328
0 0.254861 0.591406 0.431944 0.045312
4 0.745139 0.573438 0.470833 0.264844
1 0.745139 0.573438 0.470833 0.264844
0 0.745139 0.539648 0.431944 0.068359
0 0.745139 0.607422 0.431944 0.045312
4 0.254861 0.825586 0.470833 0.217578
1 0.254861 0.825586 0.470833 0.217578
0 0.254514 0.825977 0.384028 0.036328
0 0.254514 0.867188 0.404861 0.024219
4 0.745139 0.825586 0.470833 0.217578
1 0.745139 0.825586 0.470833 0.217578
0 0.744792 0.815430 0.411806 0.036328
0 0.745139 0.867188 0.431944 0.045312
1 0.100000 0.896094 0.200000 0.076563
4 0.300000 0.896094 0.200000 0.076563
2 0.299653 0.895898 0.043750 0.024609
1 0.500000 0.896094 0.200000 0.076563
4 0.700000 0.896094 0.200000 0.076563
1 0.700000 0.896094 0.058333 0.032813
1 0.900000 0.896094 0.200000 0.076563
5 0.568056 0.071094 0.786111 0.076563
4 0.068056 0.038281 0.136111 0.076563
