3 0.500000 0.124582 0.437500 0.058528
1 0.500000 0.128135 1.000000 0.080686
0 0.500000 0.187709 1.000000 0.038462
1 0.500000 0.302258 0.605556 0.146321
4 0.500000 0.485995 1.000000 0.221154
0 0.512153 0.394231 0.975694 0.022575
3 0.500000 0.433528 0.951389 0.046823
1 0.500000 0.476171 1.000000 0.023411
0 0.116667 0.511288 0.184722 0.022575
1 0.260069 0.511497 0.053472 0.032191
5 0.500000 0.558528 0.951389 0.046823
0 0.500000 0.558319 0.951389 0.038880
3 0.500000 0.885870 0.437500 0.058528
4 0.500000 0.963420 1.000000 0.073161
4 0.749653 0.036580 0.085417 0.051421
4 0.844792 0.036580 0.085417 0.051421
4 0.939931 0.036580 0.085417 0.051421
