3 0.500000 0.356445 1.000000 0.483203
1 0.847917 0.557031 0.145833 0.082031
0 0.836458 0.569141 0.327083 0.043750
4 0.247569 0.684180 0.495139 0.161328
3 0.247569 0.684180 0.495139 0.161328
0 0.392014 0.744922 0.206250 0.025781
4 0.752431 0.684180 0.495139 0.161328
3 0.752431 0.684180 0.495139 0.161328
0 0.904514 0.744922 0.190972 0.025781
4 0.247569 0.850977 0.495139 0.161328
3 0.247569 0.850977 0.495139 0.161328
0 0.410069 0.911719 0.170139 0.025781
4 0.752431 0.850977 0.495139 0.161328
3 0.752431 0.850977 0.495139 0.161328
0 0.885417 0.911719 0.229167 0.025781
0 0.221875 0.070898 0.365972 0.036328
3 0.844444 0.071094 0.116667 0.065625
3 0.165278 0.038281 0.097222 0.065625
