1 0.064931 0.064381 0.129861 0.046823
0 0.500000 0.064172 0.338889 0.035535
4 0.500000 0.122910 1.000000 0.058528
1 0.056597 0.122910 0.084028 0.046823
0 0.293750 0.121656 0.390278 0.044314
1 0.972569 0.122910 0.025694 0.046823
1 0.341667 0.411789 0.291667 0.175585
1 0.658333 0.411789 0.291667 0.175585
1 0.341667 0.602425 0.291667 0.175585
1 0.658333 0.602425 0.291667 0.175585
4 0.500000 0.888796 1.000000 0.058528
0 0.451389 0.029264 0.902778 0.027592
1 0.951389 0.888796 0.097222 0.058528
4 0.095486 0.959030 0.161806 0.070234
0 0.095486 0.981396 0.161806 0.019649
1 0.095486 0.946279 0.161806 0.044732
4 0.257292 0.959030 0.161806 0.070234
0 0.257292 0.981396 0.161806 0.019649
1 0.257292 0.946279 0.161806 0.044732
4 0.419097 0.959030 0.161806 0.070234
0 0.419097 0.981396 0.161806 0.019649
1 0.419097 0.946279 0.161806 0.044732
4 0.580903 0.959030 0.161806 0.070234
0 0.580903 0.981396 0.161806 0.019649
1 0.580903 0.946279 0.161806 0.044732
4 0.742708 0.959030 0.161806 0.070234
0 0.742708 0.981396 0.161806 0.019649
1 0.742708 0.946279 0.161806 0.044732
4 0.904514 0.959030 0.161806 0.070234
0 0.904514 0.981396 0.161806 0.019649
1 0.904514 0.946279 0.161806 0.044732
