3 0.068056 0.032429 0.136111 0.064858
0 0.203819 0.060060 0.057639 0.030774
4 0.825000 0.060225 0.116667 0.055592
1 0.825000 0.060225 0.058333 0.027796
4 0.941667 0.060225 0.116667 0.055592
1 0.941667 0.058240 0.058333 0.024487
0 0.954861 0.050298 0.031944 0.015222
8 0.500000 0.022005 1.000000 0.044011
1 0.073264 0.103077 0.072917 0.020847
0 0.219444 0.103077 0.194444 0.020847
1 0.381597 0.103077 0.072917 0.020847
0 0.527778 0.103077 0.194444 0.020847
1 0.690625 0.103077 0.072917 0.020847
0 0.851389 0.103077 0.223611 0.020847
8 0.500000 0.436962 1.000000 0.750827
0 0.411458 0.199702 0.739583 0.081072
3 0.888194 0.199537 0.213889 0.055592
4 0.247569 0.110192 0.495139 0.174057
1 0.252083 0.332892 0.291667 0.138981
0 0.252083 0.425711 0.340278 0.023494
4 0.742708 0.110192 0.495139 0.174057
1 0.747222 0.332892 0.291667 0.138981
0 0.747222 0.425711 0.340278 0.023494
4 0.247569 0.330576 0.495139 0.174057
1 0.252083 0.553276 0.291667 0.138981
0 0.252083 0.646095 0.340278 0.023494
4 0.742708 0.330576 0.495139 0.174057
1 0.747222 0.553276 0.291667 0.138981
0 0.747222 0.646095 0.340278 0.023494
4 0.247569 0.550960 0.495139 0.174057
1 0.252083 0.747849 0.291667 0.087359
4 0.742708 0.550960 0.495139 0.174057
1 0.747222 0.747849 0.291667 0.087359
