3 0.068056 0.038281 0.136111 0.076563
0 0.500000 0.071094 0.306944 0.032813
4 0.500000 0.521875 1.000000 0.825000
4 0.068056 0.038281 0.136111 0.076563
3 0.249306 0.596875 0.498611 0.149219
3 0.750694 0.597070 0.498611 0.136328
3 0.249306 0.822461 0.498611 0.133203
3 0.750694 0.822266 0.498611 0.148438
4 0.500000 0.412500 1.000000 0.825000
6 0.086458 0.135156 0.172917 0.051562
1 0.189583 0.025781 0.033333 0.051562
6 0.292708 0.135156 0.172917 0.051562
1 0.395833 0.025781 0.033333 0.051562
6 0.498958 0.135156 0.172917 0.051562
1 0.602083 0.025781 0.033333 0.051562
6 0.705556 0.135156 0.173611 0.051562
1 0.809028 0.025781 0.033333 0.051562
6 0.912500 0.135156 0.173611 0.051562
6 0.269792 0.218359 0.465972 0.057031
6 0.732986 0.218359 0.460417 0.057031
0 0.257292 0.282422 0.129861 0.029687
3 0.256944 0.358984 0.198611 0.068750
3 0.256944 0.426758 0.172222 0.039453
4 0.257292 0.532617 0.264583 0.073047
0 0.238542 0.509180 0.227083 0.026172
0 0.257292 0.552734 0.264583 0.032813
1 0.499653 0.379102 0.092361 0.051953
0 0.742361 0.282422 0.061111 0.029687
3 0.742361 0.358984 0.233333 0.068750
3 0.742361 0.426758 0.233333 0.039453
4 0.742014 0.532617 0.277083 0.073047
0 0.751736 0.509180 0.232639 0.026172
0 0.735764 0.552734 0.264583 0.032813
4 0.500000 0.669336 0.862500 0.073828
0 0.231597 0.645508 0.252083 0.026172
0 0.518403 0.680469 0.825694 0.029687
3 0.500000 0.776563 0.926389 0.071875
