5 0.922222 0.071094 0.136111 0.065625
1 0.922222 0.071094 0.136111 0.065625
0 0.125694 0.070898 0.173611 0.036328
3 0.166667 0.032813 0.333333 0.065625
3 0.500000 0.032813 0.333333 0.065625
3 0.833333 0.032813 0.333333 0.065625
8 0.500000 0.341406 1.000000 0.682813
4 0.250000 0.257031 0.500000 0.164062
0 0.249653 0.081836 0.264583 0.098047
4 0.750000 0.257031 0.500000 0.164062
0 0.249653 0.070898 0.172917 0.098047
0 0.249653 0.131055 0.140972 0.022266
4 0.500000 0.598437 1.000000 0.518750
8 0.250000 0.155859 0.500000 0.311719
1 0.250000 0.458008 0.500000 0.237891
1 0.380903 0.382812 0.238194 0.087500
0 0.250000 0.613867 0.500000 0.073828
0 0.208333 0.545312 0.368056 0.035937
0 0.434028 0.545312 0.083333 0.035937
2 0.250000 0.234961 0.029167 0.008203
8 0.750000 0.155859 0.500000 0.311719
1 0.750000 0.458008 0.500000 0.237891
0 0.750000 0.613867 0.500000 0.073828
0 0.700000 0.545312 0.351389 0.035937
0 0.925694 0.545312 0.100000 0.035937
8 0.250000 0.467578 0.500000 0.311719
1 0.250000 0.754297 0.500000 0.207031
0 0.200000 0.848437 0.351389 0.018750
0 0.425694 0.848437 0.100000 0.018750
8 0.750000 0.467578 0.500000 0.311719
1 0.750000 0.754297 0.500000 0.207031
0 0.700000 0.848437 0.351389 0.018750
0 0.925694 0.848437 0.100000 0.018750
4 0.150000 0.038281 0.233333 0.076563
1 0.150000 0.882422 0.058333 0.032813
0 0.150000 0.909961 0.091667 0.022266
4 0.383333 0.038281 0.233333 0.076563
1 0.383333 0.885156 0.058333 0.032813
0 0.383333 0.911133 0.066667 0.019141
4 0.616667 0.038281 0.233333 0.076563
1 0.616667 0.885156 0.058333 0.032813
0 0.616667 0.911133 0.134722 0.019141
4 0.850000 0.038281 0.233333 0.076563
1 0.850000 0.885156 0.058333 0.032813
0 0.850000 0.911133 0.154167 0.019141
