8 0.233312 0.586719 0.466623 0.571875
8 0.233312 0.128516 0.466623 0.257031
1 0.233312 0.429297 0.466623 0.257031
1 0.034025 0.513281 0.045366 0.054688
0 0.261666 0.513281 0.387233 0.061719
8 0.233312 0.399219 0.466623 0.257031
1 0.233312 0.700000 0.466623 0.257031
1 0.034025 0.769531 0.045366 0.054688
0 0.261666 0.769727 0.387233 0.090234
8 0.233312 0.669922 0.466623 0.257031
1 0.233312 0.857422 0.466623 0.030469
1 0.233150 0.110937 0.138367 0.054688
4 0.021549 0.200977 0.006805 0.068359
3 0.236714 0.200977 0.423526 0.068359
1 0.441672 0.071094 0.045366 0.054688
4 0.443940 0.274805 0.045366 0.051953
4 0.040830 0.025977 0.081659 0.051953
0 0.040668 0.274609 0.052819 0.025781
4 0.130104 0.025977 0.096889 0.051953
0 0.130104 0.274609 0.069669 0.025781
4 0.233798 0.025977 0.110499 0.051953
0 0.233798 0.274609 0.083279 0.025781
4 0.329877 0.025977 0.081659 0.051953
0 0.329877 0.274609 0.052495 0.025781
4 0.411536 0.025977 0.081659 0.051953
0 0.402949 0.274609 0.036617 0.025781
3 0.233312 0.903516 0.466623 0.061719
3 0.040830 0.903516 0.081659 0.061719
6 0.137071 0.903516 0.081659 0.061719
3 0.137071 0.903516 0.081659 0.061719
3 0.233312 0.903516 0.081659 0.061719
3 0.329553 0.903516 0.081659 0.061719
3 0.425794 0.903516 0.081659 0.061719
