0 0.499653 0.128554 0.304861 0.043060
1 0.500000 0.226380 0.388889 0.131689
1 0.861806 0.226380 0.276389 0.131689
0 0.500000 0.317517 1.000000 0.035535
1 0.152778 0.021948 0.163889 0.043896
0 0.246875 0.361831 0.024306 0.035535
1 0.110417 0.021948 0.163889 0.043896
0 0.581250 0.361831 0.108333 0.035535
1 0.760069 0.361831 0.074306 0.043896
1 0.834375 0.361831 0.074306 0.043896
1 0.908681 0.361831 0.074306 0.043896
0 0.500000 0.456522 1.000000 0.136288
0 0.500000 0.017768 1.000000 0.035535
8 0.157986 0.073370 0.315972 0.146739
1 0.155556 0.736622 0.311111 0.105351
3 0.155556 0.812291 0.166667 0.036789
8 0.473958 0.073370 0.315972 0.146739
1 0.471528 0.736622 0.311111 0.105351
3 0.471528 0.812291 0.166667 0.036789
8 0.789931 0.073370 0.315972 0.146739
1 0.787500 0.736622 0.311111 0.105351
3 0.787500 0.812291 0.166667 0.036789
8 0.973958 0.073370 0.052083 0.146739
1 0.973958 0.736622 0.052083 0.105351
3 0.500000 0.872701 1.000000 0.066472
4 0.500000 0.952968 1.000000 0.094064
0 0.499653 0.938754 0.404861 0.021321
0 0.500000 0.963629 0.518056 0.028428
4 0.230903 0.035117 0.421528 0.070234
1 0.068750 0.070234 0.077778 0.046823
0 0.269792 0.070025 0.304861 0.043060
