0 0.062153 0.049414 0.085417 0.022266
2 0.363889 0.049219 0.019444 0.010937
2 0.402778 0.049219 0.019444 0.010937
2 0.441667 0.049219 0.019444 0.010937
2 0.480556 0.049219 0.019444 0.010937
2 0.519444 0.049219 0.019444 0.010937
2 0.558333 0.049219 0.019444 0.010937
2 0.597222 0.049219 0.019444 0.010937
2 0.636111 0.049219 0.019444 0.010937
8 0.500000 0.434180 1.000000 0.868359
1 0.500000 0.438867 0.922222 0.701953
0 0.499653 0.820898 0.389583 0.040234
0 0.500000 0.882227 0.922222 0.060547
4 0.951389 0.060156 0.097222 0.054688
