4 0.500000 0.483594 1.000000 0.901563
1 0.500000 0.483594 1.000000 0.901563
3 0.485069 0.139453 0.556250 0.060156
4 0.500000 0.658008 1.000000 0.078516
1 0.077778 0.657813 0.058333 0.032813
0 0.320486 0.657813 0.378472 0.042969
4 0.500000 0.736719 1.000000 0.078906
1 0.077778 0.736719 0.058333 0.032813
0 0.200694 0.736719 0.138889 0.042969
4 0.500000 0.815625 1.000000 0.078906
1 0.077778 0.815625 0.058333 0.032813
0 0.269097 0.815625 0.275694 0.042969
4 0.500000 0.894531 1.000000 0.078906
1 0.070139 0.894336 0.043056 0.032422
0 0.169097 0.894531 0.106250 0.042969
0 0.574653 0.894531 0.704861 0.042969
0 0.369792 0.070898 0.447917 0.036328
3 0.068056 0.038281 0.136111 0.076563
