1 0.166435 0.483203 0.332870 0.900781
3 0.019213 0.066992 0.038426 0.068359
1 0.166551 0.066992 0.179398 0.068359
3 0.314120 0.066992 0.038426 0.068359
8 0.166667 0.413867 0.333333 0.718359
3 0.166667 0.054688 0.333333 0.109375
0 0.183102 0.186719 0.300463 0.061719
0 0.183102 0.230469 0.300463 0.025781
3 0.166667 0.164062 0.333333 0.109375
0 0.183102 0.296094 0.300463 0.061719
0 0.183102 0.339844 0.300463 0.025781
3 0.166667 0.273438 0.333333 0.109375
0 0.183102 0.405469 0.300463 0.061719
3 0.166667 0.382812 0.333333 0.109375
0 0.183102 0.514844 0.300463 0.061719
0 0.164931 0.904297 0.206250 0.025781
