8 0.500000 0.325781 1.000000 0.268750
8 0.500000 0.113477 0.961111 0.226953
1 0.500000 0.317969 0.944444 0.217188
8 0.500000 0.453125 1.000000 0.051562
0 0.500000 0.485938 0.922222 0.051562
8 0.125000 0.576562 0.250000 0.192188
1 0.123264 0.581055 0.170139 0.095703
1 0.122917 0.580859 0.145833 0.082031
0 0.123611 0.666211 0.247222 0.045703
8 0.375000 0.576562 0.250000 0.192188
1 0.373264 0.581055 0.170139 0.095703
1 0.372917 0.580859 0.145833 0.082031
0 0.373611 0.666211 0.247222 0.045703
8 0.625000 0.576562 0.250000 0.192188
1 0.623264 0.581055 0.170139 0.095703
1 0.622917 0.580859 0.145833 0.082031
0 0.623611 0.666211 0.247222 0.045703
8 0.875000 0.576562 0.250000 0.192188
1 0.873264 0.581055 0.170139 0.095703
1 0.872917 0.580859 0.145833 0.082031
0 0.873611 0.666211 0.247222 0.045703
8 0.500000 0.723242 1.000000 0.073828
8 0.500000 0.880078 1.000000 0.239844
3 0.825000 0.071094 0.116667 0.065625
3 0.941667 0.071094 0.116667 0.065625
4 0.068056 0.038281 0.136111 0.076563
1 0.288889 0.038281 0.305556 0.044531
4 0.500000 0.147656 0.975000 0.076563
0 0.521875 0.147656 0.931250 0.076563
3 0.100000 0.895312 0.200000 0.078125
3 0.300000 0.895312 0.200000 0.078125
4 0.500000 0.895312 0.200000 0.078125
0 0.500000 0.895312 0.200000 0.078125
3 0.700000 0.895312 0.200000 0.078125
3 0.900000 0.895312 0.200000 0.078125
