1 0.927083 0.070898 0.097222 0.041016
1 0.805556 0.070898 0.097222 0.041016
0 0.232639 0.070898 0.173611 0.036328
3 0.068056 0.038281 0.136111 0.076563
8 0.235417 0.133984 0.470833 0.267969
1 0.254861 0.254297 0.461111 0.259375
1 0.097222 0.165625 0.145833 0.082031
0 0.097222 0.151758 0.145833 0.040234
0 0.072917 0.037305 0.145833 0.060547
0 0.254861 0.279492 0.461111 0.075391
0 0.105903 0.330078 0.138194 0.025781
0 0.189583 0.330078 0.019444 0.025781
1 0.061111 0.363477 0.048611 0.026953
0 0.100000 0.362891 0.019444 0.025781
0 0.139583 0.362891 0.050000 0.025781
0 0.198611 0.362891 0.058333 0.025781
0 0.227083 0.012891 0.062500 0.025781
0 0.443750 0.363281 0.058333 0.025781
1 0.384028 0.363477 0.061111 0.026953
8 0.725694 0.133984 0.470833 0.267969
1 0.745139 0.254297 0.461111 0.259375
1 0.587500 0.165625 0.145833 0.082031
0 0.587500 0.151758 0.145833 0.040234
0 0.745139 0.279492 0.461111 0.075391
0 0.596181 0.330078 0.138194 0.025781
0 0.679861 0.330078 0.019444 0.025781
1 0.551389 0.363477 0.048611 0.026953
0 0.600000 0.362891 0.038889 0.025781
0 0.649306 0.362891 0.050000 0.025781
0 0.708333 0.362891 0.058333 0.025781
0 0.246528 0.012891 0.062500 0.025781
0 0.953472 0.363281 0.019444 0.025781
1 0.913194 0.363477 0.061111 0.026953
8 0.235417 0.412891 0.470833 0.267969
1 0.254861 0.533203 0.461111 0.259375
1 0.097222 0.444531 0.145833 0.082031
0 0.097222 0.430664 0.145833 0.040234
0 0.254861 0.558398 0.461111 0.075391
0 0.105903 0.608984 0.138194 0.025781
0 0.189583 0.608984 0.019444 0.025781
1 0.061111 0.642383 0.048611 0.026953
0 0.109722 0.641797 0.038889 0.025781
0 0.159028 0.641797 0.050000 0.025781
0 0.218056 0.641797 0.058333 0.025781
0 0.463194 0.642188 0.019444 0.025781
1 0.422917 0.642383 0.061111 0.026953
8 0.725694 0.412891 0.470833 0.267969
1 0.745139 0.533203 0.461111 0.259375
1 0.587500 0.444531 0.145833 0.082031
0 0.587500 0.430664 0.145833 0.040234
0 0.745139 0.558398 0.461111 0.075391
0 0.596181 0.608984 0.138194 0.025781
0 0.679861 0.608984 0.019444 0.025781
1 0.551389 0.642383 0.048611 0.026953
0 0.590278 0.641797 0.019444 0.025781
0 0.629861 0.641797 0.050000 0.025781
0 0.688889 0.641797 0.058333 0.025781
0 0.934028 0.642188 0.058333 0.025781
1 0.874306 0.642383 0.061111 0.026953
8 0.235417 0.691797 0.470833 0.267969
1 0.254861 0.808398 0.461111 0.251953
1 0.097222 0.723437 0.145833 0.082031
0 0.097222 0.709570 0.145833 0.040234
0 0.254861 0.837305 0.461111 0.075391
0 0.105903 0.887891 0.138194 0.025781
0 0.189583 0.887891 0.019444 0.025781
1 0.061111 0.921094 0.048611 0.026562
0 0.100000 0.920703 0.019444 0.025781
0 0.139583 0.920703 0.050000 0.025781
0 0.198611 0.920703 0.058333 0.025781
0 0.443750 0.921094 0.058333 0.025781
1 0.384028 0.921094 0.061111 0.026562
8 0.725694 0.691797 0.470833 0.267969
1 0.745139 0.808398 0.461111 0.251953
1 0.587500 0.723437 0.145833 0.082031
0 0.587500 0.709570 0.145833 0.040234
0 0.745139 0.837305 0.461111 0.075391
0 0.596181 0.887891 0.138194 0.025781
0 0.679861 0.887891 0.019444 0.025781
1 0.551389 0.921094 0.048611 0.026562
0 0.590278 0.920703 0.019444 0.025781
0 0.629861 0.920703 0.050000 0.025781
0 0.679167 0.920703 0.038889 0.025781
0 0.207639 0.012891 0.062500 0.025781
0 0.953472 0.921094 0.019444 0.025781
1 0.913194 0.921094 0.061111 0.026562
