1 0.230903 0.038281 0.384028 0.043750
4 0.890625 0.071094 0.218750 0.076563
0 0.846875 0.071094 0.043750 0.027344
1 0.922222 0.071094 0.068056 0.027344
0 0.139583 0.154688 0.230556 0.035937
5 0.500000 0.243164 0.951389 0.049609
6 0.794444 0.306641 0.362500 0.043750
8 0.131944 0.139844 0.263889 0.196875
1 0.131944 0.468359 0.254167 0.191406
6 0.131944 0.468359 0.136111 0.076563
1 0.131944 0.468359 0.066667 0.037500
8 0.500000 0.349219 1.000000 0.041406
8 0.131944 0.378125 0.263889 0.196875
1 0.131944 0.706641 0.254167 0.191406
8 0.465278 0.378125 0.263889 0.196875
1 0.465278 0.706641 0.254167 0.191406
8 0.798611 0.378125 0.263889 0.196875
1 0.798611 0.706641 0.254167 0.191406
8 0.131944 0.575000 0.263889 0.196875
1 0.131944 0.823242 0.254167 0.030859
8 0.500000 0.587500 1.000000 0.041406
7 0.125000 0.047852 0.250000 0.095703
1 0.123611 0.862109 0.058333 0.032813
0 0.123611 0.909961 0.208333 0.048828
7 0.375000 0.047852 0.250000 0.095703
1 0.373611 0.862109 0.058333 0.032813
0 0.373611 0.909961 0.094444 0.048828
7 0.625000 0.047852 0.250000 0.095703
1 0.623611 0.862109 0.058333 0.032813
0 0.623958 0.909961 0.217361 0.048828
7 0.875000 0.047852 0.250000 0.095703
1 0.876389 0.862109 0.058333 0.032813
0 0.876389 0.909961 0.222222 0.048828
