8 0.500000 0.007227 1.000000 0.014453
3 0.904861 0.039258 0.112500 0.012891
0 0.443750 0.040039 0.809722 0.014453
8 0.500000 0.193359 1.000000 0.270313
8 0.009722 0.135156 0.019444 0.248438
8 0.186111 0.135156 0.294444 0.248438
1 0.082639 0.093750 0.058333 0.032813
8 0.500000 0.135156 0.294444 0.248438
1 0.396528 0.093750 0.058333 0.032813
8 0.813889 0.135156 0.294444 0.248438
8 0.500000 0.330078 1.000000 0.025000
3 0.904861 0.362695 0.112500 0.022266
0 0.443750 0.362891 0.809722 0.025000
8 0.500000 0.521484 1.000000 0.270313
1 0.396528 0.421875 0.058333 0.032813
8 0.990278 0.135156 0.019444 0.248438
1 0.997569 0.421875 0.004861 0.032813
8 0.500000 0.658203 1.000000 0.025000
3 0.904861 0.690820 0.112500 0.022266
0 0.443750 0.691016 0.809722 0.025000
8 0.500000 0.824414 1.000000 0.219922
4 0.166667 0.896094 0.333333 0.076563
1 0.166667 0.882422 0.058333 0.032813
0 0.166667 0.913477 0.275000 0.022266
4 0.500000 0.896094 0.333333 0.076563
1 0.500000 0.885156 0.058333 0.032813
0 0.500000 0.915234 0.275000 0.018750
4 0.833333 0.896094 0.333333 0.076563
1 0.833333 0.885156 0.058333 0.032813
0 0.833333 0.915234 0.275000 0.018750
0 0.872222 0.874219 0.038889 0.021875
