7 0.166320 0.032813 0.332640 0.065625
0 0.165974 0.142187 0.226611 0.025781
7 0.498960 0.032813 0.332640 0.065625
0 0.498960 0.142187 0.188496 0.025781
7 0.831601 0.032813 0.332640 0.065625
0 0.831601 0.142187 0.176022 0.025781
8 0.498960 0.554688 0.997921 0.759375
8 0.498960 0.037695 0.997921 0.075391
1 0.050243 0.212695 0.085239 0.048047
0 0.550243 0.212695 0.875953 0.048047
8 0.498960 0.592383 0.997921 0.683984
1 0.498960 0.534961 0.997921 0.563672
0 0.497921 0.867578 0.108801 0.029687
0 0.497574 0.895312 0.199584 0.025781
3 0.067914 0.038281 0.135828 0.076563
3 0.823285 0.071094 0.116424 0.065625
3 0.939709 0.071094 0.116424 0.065625
