1 0.047569 0.069281 0.095139 0.074610
0 0.500000 0.069281 1.000000 0.074610
1 0.934028 0.069281 0.106944 0.074610
1 0.174653 0.190522 0.275694 0.061287
0 0.348611 0.255805 0.623611 0.042634
2 0.012153 0.013514 0.024306 0.013323
0 0.417708 0.346593 0.664583 0.032356
0 0.289236 0.399124 0.407639 0.032356
0 0.347222 0.451656 0.523611 0.032356
0 0.524306 0.518081 0.877778 0.060145
0 0.524306 0.598401 0.877778 0.060145
0 0.371528 0.664827 0.572222 0.032356
0 0.400347 0.717358 0.629861 0.032356
0 0.500000 0.805862 0.222222 0.038066
1 0.212500 0.880853 0.106944 0.058622
1 0.356250 0.880853 0.106944 0.058622
1 0.500000 0.880853 0.106944 0.058622
1 0.643750 0.880853 0.106944 0.058622
1 0.787500 0.880853 0.106944 0.058622
