4 0.500000 0.517559 1.000000 0.964883
3 0.068056 0.040970 0.136111 0.081940
1 0.500000 0.040970 0.388889 0.064381
4 0.053472 0.032191 0.106944 0.064381
1 0.946528 0.076087 0.077778 0.046823
1 0.500000 0.292642 1.000000 0.351171
7 0.166667 0.035117 0.333333 0.070234
0 0.166667 0.503135 0.102778 0.023829
7 0.500000 0.035117 0.333333 0.070234
0 0.500000 0.503135 0.140278 0.023829
7 0.833333 0.035117 0.333333 0.070234
0 0.832986 0.503135 0.120139 0.023829
8 0.500000 0.709448 1.000000 0.338629
1 0.500000 0.709448 0.986111 0.327759
0 0.500000 0.802885 0.937500 0.035535
0 0.135764 0.846781 0.209028 0.023829
1 0.851736 0.846990 0.078472 0.036789
1 0.929861 0.846990 0.077778 0.052676
8 0.500000 0.939381 1.000000 0.121237
1 0.500000 0.942099 0.986111 0.115803
