3 0.068056 0.038281 0.136111 0.076563
1 0.254514 0.038086 0.236806 0.057422
3 0.931944 0.071094 0.136111 0.065625
0 0.500000 0.143555 0.615278 0.068359
8 0.500000 0.187500 1.000000 0.375000
1 0.500000 0.365234 1.000000 0.375000
0 0.170139 0.219727 0.262500 0.029297
4 0.166667 0.612500 0.333333 0.119531
1 0.166319 0.602344 0.129861 0.065625
0 0.166667 0.645117 0.333333 0.019922
4 0.500000 0.612500 0.333333 0.119531
1 0.166319 0.049609 0.129861 0.065625
0 0.500000 0.645117 0.333333 0.019922
4 0.833333 0.612500 0.333333 0.119531
1 0.166319 0.041406 0.129861 0.065625
0 0.833333 0.645117 0.333333 0.036328
4 0.166667 0.732227 0.333333 0.119922
1 0.166319 0.050000 0.129861 0.065625
0 0.166667 0.765039 0.333333 0.019922
4 0.500000 0.732227 0.333333 0.119922
0 0.500000 0.765039 0.333333 0.019922
4 0.833333 0.732227 0.333333 0.119922
0 0.833333 0.765039 0.333333 0.019922
4 0.250000 0.825000 0.500000 0.065625
0 0.250000 0.825000 0.500000 0.065625
4 0.750000 0.825000 0.500000 0.065625
0 0.750000 0.825000 0.500000 0.065625
4 0.166667 0.896094 0.333333 0.076563
1 0.166667 0.882422 0.058333 0.032813
0 0.166667 0.911719 0.275000 0.025781
4 0.500000 0.896094 0.333333 0.076563
1 0.500000 0.885156 0.058333 0.032813
0 0.500000 0.913477 0.275000 0.022266
4 0.833333 0.896094 0.333333 0.076563
1 0.833333 0.885156 0.058333 0.032813
0 0.833333 0.913477 0.275000 0.022266
