0 0.229167 0.070898 0.166667 0.030078
3 0.068056 0.038281 0.136111 0.076563
5 0.941667 0.071094 0.116667 0.065625
1 0.941667 0.071094 0.116667 0.065625
3 0.182639 0.189453 0.297222 0.089063
3 0.499653 0.189453 0.297917 0.089063
3 0.817014 0.186719 0.297917 0.089063
4 0.500000 0.599219 1.000000 0.670312
8 0.250000 0.032617 0.500000 0.065234
8 0.750000 0.032617 0.500000 0.065234
8 0.250000 0.401172 0.500000 0.143750
8 0.750000 0.401172 0.500000 0.143750
8 0.250000 0.544922 0.500000 0.143750
8 0.750000 0.544922 0.500000 0.143750
8 0.250000 0.688672 0.500000 0.143750
8 0.750000 0.688672 0.500000 0.143750
8 0.250000 0.529102 0.500000 0.065234
8 0.750000 0.529102 0.500000 0.065234
8 0.250000 0.880078 0.500000 0.108594
8 0.750000 0.880078 0.500000 0.108594
