8 0.500000 0.039453 1.000000 0.078906
1 0.068056 0.149219 0.058333 0.032813
0 0.548611 0.149219 0.825000 0.029687
8 0.500000 0.137891 1.000000 0.117969
0 0.499653 0.223828 0.427083 0.025781
0 0.499653 0.271484 0.193750 0.025781
8 0.500000 0.236328 1.000000 0.078906
1 0.068056 0.346094 0.058333 0.032813
0 0.548611 0.346094 0.825000 0.029687
8 0.500000 0.310937 1.000000 0.070312
0 0.499653 0.420703 0.418750 0.025781
4 0.912500 0.188281 0.097222 0.054688
0 0.293056 0.070898 0.236111 0.036328
4 0.068056 0.038281 0.136111 0.076563
