1 0.063194 0.035547 0.097222 0.054688
1 0.936806 0.035547 0.097222 0.054688
1 0.426389 0.035547 0.097222 0.054688
1 0.572917 0.035547 0.097222 0.054688
6 0.500000 0.775781 1.000000 0.180469
4 0.227778 0.734766 0.116667 0.098437
4 0.363889 0.734766 0.116667 0.098437
4 0.500000 0.734766 0.116667 0.098437
4 0.636111 0.734766 0.116667 0.098437
4 0.772222 0.734766 0.116667 0.098437
3 0.038194 0.027344 0.076389 0.054688
4 0.125000 0.027344 0.097222 0.054688
4 0.222222 0.027344 0.097222 0.054688
4 0.319444 0.027344 0.097222 0.054688
2 0.343403 0.824805 0.039583 0.016797
4 0.416667 0.027344 0.097222 0.054688
4 0.513889 0.027344 0.097222 0.054688
4 0.611111 0.027344 0.097222 0.054688
4 0.708333 0.027344 0.097222 0.054688
4 0.805556 0.027344 0.097222 0.054688
4 0.902778 0.027344 0.097222 0.054688
4 0.500000 0.034180 1.000000 0.068359
