7 0.100000 0.032813 0.200000 0.065625
1 0.100000 0.065625 0.077778 0.043750
7 0.300000 0.032813 0.200000 0.065625
1 0.300000 0.065625 0.077778 0.043750
7 0.500000 0.032813 0.200000 0.065625
1 0.500000 0.065625 0.077778 0.043750
7 0.700000 0.032813 0.200000 0.065625
1 0.700000 0.065625 0.077778 0.043750
7 0.900000 0.032813 0.200000 0.065625
1 0.900000 0.065625 0.077778 0.043750
8 0.500000 0.516406 1.000000 0.835938
8 0.500000 0.264844 0.961111 0.310937
4 0.500000 0.142969 0.961111 0.067187
3 0.441667 0.142187 0.786111 0.065625
1 0.922222 0.142187 0.116667 0.065625
4 0.500000 0.220312 0.961111 0.087500
1 0.097222 0.220312 0.116667 0.065625
0 0.327778 0.208594 0.305556 0.027344
0 0.389583 0.233789 0.429167 0.023047
0 0.936458 0.199023 0.049306 0.023047
4 0.500000 0.309375 0.961111 0.087500
1 0.097222 0.309375 0.116667 0.065625
0 0.429861 0.297656 0.509722 0.027344
0 0.440972 0.322852 0.531944 0.023047
0 0.944097 0.288086 0.034028 0.023047
3 0.500000 0.387500 0.961111 0.065625
8 0.500000 0.682813 0.961111 0.503125
4 0.500000 0.464844 0.961111 0.067187
3 0.441667 0.464062 0.786111 0.065625
1 0.922222 0.464062 0.116667 0.065625
1 0.500000 0.642578 0.898611 0.264062
4 0.500000 0.824805 0.898611 0.098047
0 0.441667 0.813281 0.743056 0.053125
0 0.223611 0.851367 0.306944 0.023047
3 0.890972 0.808594 0.116667 0.065625
3 0.500000 0.907422 0.961111 0.042969
3 0.179514 0.932422 0.320139 0.003906
3 0.499653 0.932422 0.320139 0.003906
3 0.820139 0.932422 0.320833 0.003906
3 0.893056 0.874219 0.136111 0.076563
