8 0.500000 0.339812 1.000000 0.679623
0 0.500000 0.038575 0.961111 0.027680
0 0.500000 0.081272 0.844444 0.041225
1 0.500000 0.324205 0.309722 0.214959
1 0.102083 0.153416 0.126389 0.053592
1 0.189583 0.178151 0.126389 0.053592
1 0.170139 0.231743 0.126389 0.053592
1 0.150694 0.291519 0.126389 0.053592
1 0.170139 0.349234 0.126389 0.053592
1 0.274653 0.210100 0.082639 0.035041
1 0.267361 0.297703 0.145833 0.061837
1 0.897917 0.145171 0.126389 0.053592
1 0.752083 0.178151 0.126389 0.053592
1 0.897917 0.207008 0.126389 0.053592
1 0.917361 0.293581 0.126389 0.053592
1 0.832292 0.247203 0.082639 0.035041
1 0.732639 0.318316 0.145833 0.061837
1 0.710764 0.354388 0.082639 0.035041
1 0.504514 0.347026 0.135417 0.053887
3 0.500000 0.710247 0.844444 0.041225
