1 0.165278 0.038281 0.252778 0.054688
3 0.844444 0.071094 0.116667 0.065625
3 0.165278 0.038281 0.097222 0.065625
4 0.166667 0.032813 0.333333 0.065625
4 0.500000 0.032813 0.333333 0.065625
4 0.833333 0.032813 0.333333 0.065625
8 0.500000 0.554688 1.000000 0.759375
8 0.500000 0.097070 0.926389 0.194141
4 0.153472 0.079883 0.306944 0.159766
4 0.463194 0.076367 0.306944 0.152734
4 0.772917 0.076367 0.306944 0.152734
8 0.500000 0.287695 0.926389 0.187109
4 0.153472 0.076367 0.306944 0.152734
8 0.500000 0.474805 0.926389 0.187109
8 0.500000 0.661914 0.926389 0.187109
8 0.500000 0.827344 0.926389 0.143750
4 0.463194 0.071875 0.926389 0.143750
