3 0.123958 0.065625 0.247917 0.062500
4 0.249306 0.065625 0.002778 0.062500
3 0.374653 0.065625 0.247917 0.062500
4 0.500000 0.065625 0.002778 0.062500
3 0.625347 0.065625 0.247917 0.062500
4 0.750694 0.065625 0.002778 0.062500
3 0.876042 0.065625 0.247917 0.062500
0 0.500000 0.031250 1.000000 0.062500
0 0.099653 0.032422 0.199306 0.062500
0 0.399653 0.032422 0.399306 0.062500
0 0.800000 0.032422 0.400000 0.062500
3 0.123958 0.893750 0.247917 0.078125
4 0.249306 0.893750 0.002778 0.078125
3 0.374653 0.893750 0.247917 0.078125
4 0.500000 0.893750 0.002778 0.078125
3 0.625347 0.893750 0.247917 0.078125
4 0.750694 0.893750 0.002778 0.078125
3 0.876042 0.893750 0.247917 0.078125
