8 0.500000 0.521875 1.000000 0.825000
8 0.500000 0.087109 1.000000 0.174219
4 0.172917 0.186133 0.306944 0.153516
4 0.499306 0.186133 0.306944 0.153516
4 0.825694 0.186133 0.306944 0.153516
8 0.500000 0.377148 1.000000 0.405859
3 0.900694 0.313867 0.120833 0.038672
0 0.207292 0.313867 0.336806 0.033203
4 0.172917 0.509180 0.306944 0.319141
4 0.499306 0.509180 0.306944 0.319141
4 0.825694 0.509180 0.306944 0.319141
8 0.500000 0.783008 1.000000 0.405859
3 0.900694 0.719727 0.120833 0.038672
0 0.340972 0.719727 0.604167 0.033203
4 0.172917 0.844922 0.306944 0.178906
4 0.499306 0.844922 0.306944 0.178906
4 0.825694 0.844922 0.306944 0.178906
4 0.500000 0.045117 1.000000 0.090234
1 0.063194 0.038281 0.126389 0.076563
1 0.189583 0.038281 0.126389 0.076563
1 0.315972 0.038281 0.126389 0.076563
3 0.810417 0.071094 0.116667 0.065625
3 0.927083 0.071094 0.116667 0.065625
