3 0.084722 0.894531 0.120833 0.039844
6 0.383333 0.894531 0.019444 0.010937
6 0.416667 0.894531 0.019444 0.010937
6 0.450000 0.894531 0.019444 0.010937
6 0.483333 0.894531 0.019444 0.010937
6 0.516667 0.894531 0.019444 0.010937
6 0.550000 0.894531 0.019444 0.010937
6 0.583333 0.894531 0.019444 0.010937
6 0.616667 0.894531 0.019444 0.010937
3 0.908333 0.894531 0.134722 0.039844
1 0.500000 0.576562 1.000000 0.556250
0 0.500000 0.098242 1.000000 0.076172
0 0.500000 0.173047 1.000000 0.073438
0 0.500000 0.224414 1.000000 0.029297
