1 0.500000 0.365234 1.000000 0.730469
1 0.500000 0.409961 1.000000 0.819922
4 0.500000 0.442773 1.000000 0.819922
8 0.500000 0.126758 0.902778 0.253516
1 0.451389 0.205078 0.902778 0.410156
0 0.500000 0.228125 0.825000 0.045312
8 0.500000 0.484766 0.902778 0.410156
0 0.500000 0.664453 0.825000 0.045312
8 0.500000 0.858008 0.902778 0.283984
1 0.500000 0.044531 1.000000 0.089063
1 0.500347 0.081836 0.121528 0.020703
4 0.914931 0.082031 0.092361 0.076563
1 0.922222 0.081836 0.048611 0.030078
1 0.500000 0.850000 1.000000 0.005469
3 0.169444 0.040820 0.338889 0.081641
1 0.165625 0.878711 0.079861 0.035547
0 0.165625 0.908594 0.085417 0.024219
4 0.450347 0.040820 0.222917 0.081641
1 0.450347 0.892383 0.079861 0.035547
4 0.673264 0.040820 0.222917 0.081641
1 0.673264 0.892383 0.079861 0.035547
4 0.892361 0.040820 0.215278 0.081641
1 0.896181 0.892383 0.079861 0.035547
