0 0.295139 0.070898 0.240278 0.036328
3 0.068056 0.038281 0.136111 0.076563
3 0.941667 0.071094 0.116667 0.065625
8 0.500000 0.073438 1.000000 0.146875
4 0.158333 0.158594 0.316667 0.317188
0 0.500000 0.139063 0.179167 0.043750
0 0.500000 0.182812 0.219444 0.029687
0 0.499653 0.223438 0.206250 0.029687
8 0.500000 0.345508 1.000000 0.397266
0 0.499653 0.296289 0.686806 0.036328
1 0.145833 0.082031 0.272222 0.153125
1 0.405208 0.483008 0.047917 0.026953
0 0.302778 0.536328 0.186111 0.043750
4 0.552778 0.158594 0.316667 0.317188
1 0.799653 0.483008 0.047917 0.026953
0 0.697222 0.536328 0.205556 0.043750
8 0.500000 0.702734 1.000000 0.317188
1 0.405208 0.800195 0.047917 0.026953
0 0.302431 0.853516 0.203472 0.043750
1 0.799653 0.800195 0.047917 0.026953
0 0.696875 0.853516 0.154861 0.043750
