3 0.591667 0.071094 0.116667 0.065625
3 0.708333 0.071094 0.116667 0.065625
4 0.825000 0.071094 0.116667 0.065625
1 0.825000 0.071094 0.106944 0.060156
4 0.941667 0.071094 0.116667 0.065625
1 0.941667 0.071094 0.106944 0.060156
7 0.250000 0.032813 0.500000 0.065625
0 0.250000 0.142187 0.111111 0.025781
7 0.750000 0.032813 0.500000 0.065625
0 0.750000 0.142187 0.266667 0.025781
4 0.500000 0.417969 1.000000 0.835938
8 0.500000 0.554688 1.000000 0.759375
8 0.500000 0.279687 1.000000 0.559375
8 0.500000 0.246094 1.000000 0.492188
1 0.500000 0.380078 1.000000 0.410156
0 0.500000 0.613477 1.000000 0.029297
0 0.500000 0.648047 1.000000 0.025781
8 0.500000 0.779687 1.000000 0.440625
1 0.500000 0.861719 0.805556 0.145313
