4 0.500000 0.516095 1.000000 0.821488
8 0.500000 0.259406 1.000000 0.518813
1 0.500000 0.273829 1.000000 0.336957
1 0.500000 0.272784 0.222222 0.107441
0 0.500000 0.495192 0.969444 0.086538
0 0.503819 0.575460 0.961806 0.055602
8 0.500000 0.677676 1.000000 0.107023
4 0.500000 0.671823 1.000000 0.095318
1 0.309722 0.051212 0.619444 0.102425
1 0.731944 0.679348 0.112500 0.067726
0 0.868056 0.671823 0.150000 0.051003
8 0.500000 0.797659 1.000000 0.132943
8 0.500000 0.791806 0.961111 0.116221
1 0.165278 0.791806 0.291667 0.116221
0 0.645833 0.791597 0.620833 0.081522
8 0.500000 0.895485 1.000000 0.062709
8 0.500000 0.896739 0.961111 0.060201
1 0.165278 0.896739 0.291667 0.060201
0 0.645833 0.905309 0.620833 0.043060
4 0.388889 0.036580 0.777778 0.073161
1 0.046181 0.070025 0.092361 0.055602
1 0.500000 0.070234 0.490278 0.070234
1 0.931597 0.070025 0.088194 0.053094
3 0.931250 0.070025 0.027778 0.038880
