4 0.162500 0.040343 0.325000 0.080686
0 0.126736 0.147366 0.090972 0.053930
0 0.224306 0.147366 0.088889 0.053930
4 0.487500 0.040343 0.325000 0.080686
0 0.452431 0.147366 0.090972 0.053930
0 0.549306 0.147366 0.087500 0.053930
4 0.812500 0.040343 0.325000 0.080686
0 0.794097 0.147366 0.090972 0.053930
0 0.874306 0.147366 0.054167 0.053930
4 0.148611 0.256480 0.229167 0.081522
0 0.148611 0.247074 0.062500 0.051003
0 0.148264 0.278428 0.132639 0.025920
0 0.380556 0.247074 0.034722 0.051003
0 0.380556 0.278428 0.080556 0.025920
0 0.613542 0.247074 0.117361 0.051003
0 0.613542 0.278428 0.161806 0.025920
0 0.845833 0.247074 0.129167 0.051003
0 0.846181 0.278428 0.124306 0.025920
3 0.934375 0.341137 0.063194 0.034281
0 0.468403 0.341346 0.868750 0.053094
3 0.500000 0.535535 0.266667 0.058528
4 0.500000 0.037207 1.000000 0.074415
8 0.500000 0.036580 1.000000 0.073161
4 0.500000 0.962166 1.000000 0.073161
1 0.060764 0.962166 0.121528 0.073161
3 0.137500 0.036580 0.031944 0.073161
4 0.473264 0.036580 0.639583 0.073161
3 0.473264 0.952341 0.639583 0.027592
3 0.473264 0.975962 0.639583 0.019649
3 0.809375 0.036580 0.032639 0.073161
4 0.912847 0.036580 0.174306 0.073161
4 0.912847 0.939590 0.164583 0.022157
3 0.036458 0.011079 0.072917 0.022157
3 0.930903 0.939590 0.054861 0.019649
2 0.976736 0.939590 0.036806 0.022157
3 0.912847 0.982023 0.164583 0.027592
8 0.500000 0.074206 1.000000 0.000418
3 0.363889 0.035117 0.727778 0.070234
1 0.021875 0.070443 0.043750 0.028010
1 0.073611 0.070234 0.077778 0.046823
0 0.241667 0.058319 0.238889 0.035535
0 0.415278 0.085702 0.586111 0.027592
5 0.795833 0.070234 0.136111 0.070234
1 0.795833 0.070234 0.136111 0.070234
3 0.931944 0.070234 0.136111 0.070234
