4 0.795833 0.071094 0.136111 0.076563
1 0.068056 0.038281 0.068056 0.038281
4 0.931944 0.071094 0.136111 0.076563
0 0.203472 0.070898 0.329167 0.036328
8 0.500000 0.379688 1.000000 0.759375
4 0.500000 0.153516 0.980556 0.077344
1 0.063194 0.032813 0.068056 0.038281
0 0.505208 0.153516 0.720139 0.065625
4 0.923611 0.153516 0.116667 0.065625
1 0.058333 0.032813 0.068056 0.038281
4 0.500000 0.531836 1.000000 0.673828
8 0.500000 0.131445 1.000000 0.262891
4 0.252431 0.233594 0.485417 0.077344
0 0.275347 0.233594 0.281250 0.065625
4 0.747569 0.233594 0.485417 0.077344
0 0.770486 0.233594 0.281250 0.065625
4 0.252431 0.310937 0.485417 0.077344
0 0.275347 0.310937 0.281250 0.065625
2 0.435417 0.310937 0.038889 0.021875
4 0.747569 0.310937 0.485417 0.077344
0 0.770486 0.310937 0.281250 0.065625
4 0.252431 0.388281 0.485417 0.077344
0 0.275347 0.388281 0.281250 0.065625
4 0.747569 0.388281 0.485417 0.077344
0 0.770486 0.388281 0.281250 0.065625
0 0.500000 0.445117 1.000000 0.025391
8 0.500000 0.304297 1.000000 0.082031
1 0.072917 0.499219 0.106944 0.060156
0 0.321528 0.483984 0.351389 0.029687
0 0.325347 0.509961 0.359028 0.022266
0 0.684375 0.509961 0.359028 0.022266
6 0.949306 0.499219 0.101389 0.060156
8 0.500000 0.386719 1.000000 0.082031
1 0.072917 0.581641 0.106944 0.060156
0 0.229861 0.566406 0.168056 0.029687
0 0.325347 0.592383 0.359028 0.022266
0 0.684375 0.592383 0.359028 0.022266
6 0.949306 0.581641 0.101389 0.060156
8 0.500000 0.469141 1.000000 0.082031
1 0.072917 0.664062 0.106944 0.060156
0 0.242708 0.648828 0.193750 0.029687
0 0.325347 0.674805 0.359028 0.022266
0 0.684375 0.674805 0.359028 0.022266
6 0.949306 0.664062 0.101389 0.060156
8 0.500000 0.551562 1.000000 0.082031
1 0.072917 0.746484 0.106944 0.060156
0 0.288542 0.731250 0.285417 0.029687
0 0.325347 0.757227 0.359028 0.022266
0 0.684375 0.757227 0.359028 0.022266
6 0.949306 0.746484 0.101389 0.060156
8 0.500000 0.633984 1.000000 0.082031
1 0.072917 0.828906 0.106944 0.060156
0 0.228125 0.813672 0.164583 0.029687
0 0.325347 0.839648 0.359028 0.022266
0 0.684375 0.839648 0.359028 0.022266
6 0.949306 0.828906 0.101389 0.060156
4 0.125000 0.901563 0.250000 0.065625
4 0.375000 0.901563 0.250000 0.065625
4 0.625000 0.901563 0.250000 0.065625
2 0.021875 0.012305 0.043750 0.024609
0 0.661458 0.886523 0.043750 0.018359
4 0.875000 0.901563 0.250000 0.065625
