1 0.148264 0.056250 0.218750 0.038281
3 0.815278 0.060937 0.116667 0.056250
4 0.936806 0.063672 0.126389 0.061719
1 0.931944 0.056250 0.058333 0.032813
8 0.500000 0.123047 1.000000 0.246094
1 0.500000 0.212109 1.000000 0.235156
8 0.500000 0.289844 1.000000 0.065625
4 0.261111 0.384375 0.444444 0.065625
1 0.153819 0.032813 0.063194 0.032813
0 0.304861 0.384375 0.112500 0.065625
4 0.739236 0.384375 0.443750 0.065625
1 0.137847 0.032813 0.063194 0.032813
0 0.782986 0.384375 0.143750 0.065625
8 0.500000 0.378906 1.000000 0.025000
3 0.904861 0.473242 0.112500 0.022266
0 0.443750 0.473438 0.809722 0.025000
8 0.500000 0.632031 1.000000 0.270313
8 0.009722 0.135156 0.019444 0.248438
8 0.186111 0.135156 0.294444 0.248438
1 0.082639 0.532422 0.058333 0.032813
8 0.500000 0.135156 0.294444 0.248438
1 0.396528 0.532422 0.058333 0.032813
8 0.813889 0.135156 0.294444 0.248438
8 0.500000 0.707031 1.000000 0.025000
3 0.904861 0.801367 0.112500 0.022266
0 0.443750 0.801562 0.809722 0.025000
8 0.500000 0.879687 1.000000 0.109375
1 0.396528 0.860547 0.058333 0.032813
8 0.990278 0.135156 0.019444 0.248438
1 0.997569 0.860547 0.004861 0.032813
4 0.166667 0.896094 0.333333 0.076563
1 0.166667 0.882422 0.058333 0.032813
0 0.166667 0.913477 0.275000 0.022266
4 0.500000 0.896094 0.333333 0.076563
1 0.500000 0.885156 0.058333 0.032813
0 0.500000 0.915234 0.275000 0.018750
4 0.833333 0.896094 0.333333 0.076563
1 0.833333 0.885156 0.058333 0.032813
0 0.833333 0.915234 0.275000 0.018750
0 0.872222 0.874219 0.038889 0.021875
