4 0.500000 0.074206 1.000000 0.078177
4 0.060069 0.074206 0.071528 0.043060
0 0.500000 0.074206 0.681944 0.042224
4 0.939931 0.074206 0.071528 0.043060
4 0.080208 0.035117 0.115972 0.070234
4 0.215625 0.035117 0.154861 0.070234
0 0.414583 0.201923 0.783333 0.036789
0 0.891667 0.201923 0.170833 0.036789
8 0.500000 0.388796 1.000000 0.777592
4 0.500000 0.611204 1.000000 0.777592
8 0.500000 0.196279 1.000000 0.392559
4 0.336806 0.420778 0.644444 0.388378
1 0.336806 0.420778 0.644444 0.388378
4 0.826042 0.322533 0.318750 0.191890
1 0.826042 0.322533 0.318750 0.191890
4 0.826042 0.519022 0.318750 0.191890
1 0.826042 0.519022 0.318750 0.191890
8 0.500000 0.490385 1.000000 0.196488
4 0.173611 0.715092 0.318056 0.191890
1 0.173611 0.715092 0.318056 0.191890
4 0.499653 0.715092 0.318750 0.191890
1 0.499653 0.715092 0.318750 0.191890
4 0.826042 0.715092 0.318750 0.191890
1 0.826042 0.715092 0.318750 0.191890
8 0.500000 0.686455 1.000000 0.196488
4 0.173611 0.907609 0.318056 0.184783
1 0.173611 0.907609 0.318056 0.184783
4 0.499653 0.907609 0.318750 0.184783
1 0.499653 0.907609 0.318750 0.184783
4 0.826042 0.907609 0.318750 0.184783
1 0.826042 0.907609 0.318750 0.184783
