4 0.512153 0.079013 0.975694 0.087793
1 0.122222 0.078804 0.195833 0.048913
0 0.927083 0.079013 0.018056 0.027592
0 0.763194 0.065008 0.181944 0.033863
0 0.736806 0.095736 0.129167 0.027592
4 0.100000 0.166806 0.200000 0.087793
0 0.099653 0.152383 0.072917 0.043896
0 0.100000 0.186246 0.200000 0.023829
4 0.300000 0.166806 0.200000 0.087793
0 0.299653 0.152383 0.072917 0.043896
0 0.300000 0.186246 0.200000 0.023829
4 0.500000 0.166806 0.200000 0.087793
0 0.499653 0.152383 0.072917 0.043896
0 0.500000 0.186246 0.200000 0.023829
4 0.700000 0.166806 0.200000 0.087793
0 0.699653 0.152383 0.072917 0.043896
0 0.700000 0.186246 0.200000 0.023829
4 0.900000 0.166806 0.200000 0.087793
0 0.899653 0.152383 0.072917 0.043896
0 0.900000 0.186246 0.200000 0.023829
4 0.058333 0.247492 0.116667 0.029264
1 0.024306 0.247492 0.048611 0.029264
0 0.082639 0.247492 0.068056 0.027592
0 0.499653 0.247492 0.145139 0.027592
4 0.940625 0.247492 0.118750 0.029264
0 0.916319 0.247492 0.070139 0.027592
1 0.975694 0.247492 0.048611 0.029264
4 0.500000 0.642140 1.000000 0.715719
8 0.500000 0.343855 1.000000 0.658445
1 0.500000 0.628135 0.951389 0.658445
8 0.500000 0.843855 1.000000 0.312291
1 0.500000 0.985995 0.951389 0.028010
