4 0.125000 0.038281 0.250000 0.076563
0 0.125000 0.147656 0.097222 0.076563
4 0.375000 0.038281 0.250000 0.076563
0 0.374653 0.147656 0.102083 0.076563
4 0.625000 0.038281 0.250000 0.076563
0 0.625000 0.147656 0.144444 0.076563
4 0.875000 0.038281 0.250000 0.076563
0 0.875000 0.147656 0.084722 0.076563
4 0.500000 0.302148 0.951389 0.205078
0 0.500000 0.417578 0.276389 0.025781
0 0.500000 0.443359 0.269444 0.025781
0 0.335417 0.812109 0.305556 0.025781
0 0.419097 0.841602 0.138194 0.033203
3 0.664931 0.828906 0.304861 0.065625
3 0.250000 0.901563 0.500000 0.065625
3 0.750000 0.901563 0.500000 0.065625
0 0.171528 0.070898 0.265278 0.036328
