7 0.166667 0.008886 0.333333 0.017772
0 0.166667 0.017772 0.161111 0.006982
7 0.500000 0.008886 0.333333 0.017772
0 0.499653 0.017772 0.136806 0.006982
7 0.833333 0.008886 0.333333 0.017772
0 0.833333 0.017772 0.156944 0.006982
8 0.500000 0.113192 1.000000 0.226383
4 0.259722 0.042949 0.441667 0.028351
1 0.259722 0.042949 0.441667 0.028351
0 0.081944 0.063578 0.086111 0.006982
4 0.740278 0.042949 0.441667 0.028351
1 0.740278 0.042949 0.441667 0.028351
0 0.635069 0.063578 0.231250 0.006982
3 0.420833 0.078917 0.763889 0.011848
4 0.259722 0.104940 0.441667 0.028351
1 0.259722 0.104940 0.441667 0.028351
0 0.197222 0.125569 0.316667 0.006982
4 0.740278 0.104940 0.441667 0.028351
1 0.740278 0.104940 0.441667 0.028351
0 0.677778 0.125569 0.316667 0.006982
3 0.901389 0.078229 0.119444 0.010473
3 0.420833 0.140908 0.763889 0.011848
4 0.259722 0.166931 0.441667 0.028351
1 0.259722 0.166931 0.441667 0.028351
0 0.124653 0.187560 0.171528 0.006982
4 0.740278 0.166931 0.441667 0.028351
1 0.740278 0.166931 0.441667 0.028351
0 0.579514 0.187560 0.120139 0.006982
3 0.901389 0.140220 0.119444 0.010473
3 0.420833 0.202899 0.763889 0.011848
4 0.259722 0.228922 0.441667 0.028351
1 0.259722 0.228922 0.441667 0.028351
0 0.131597 0.249550 0.185417 0.006982
4 0.740278 0.228922 0.441667 0.028351
1 0.740278 0.228922 0.441667 0.028351
0 0.677778 0.249550 0.316667 0.006982
3 0.901389 0.202211 0.119444 0.010473
