0 0.518056 0.144440 0.963889 0.048913
4 0.388889 0.036580 0.777778 0.073161
0 0.500000 0.288043 1.000000 0.091973
4 0.500000 0.535117 1.000000 0.402174
1 0.113889 0.395276 0.154167 0.078177
0 0.321181 0.395067 0.186806 0.046823
1 0.113889 0.488503 0.154167 0.078177
0 0.315972 0.488294 0.176389 0.046823
1 0.113889 0.581731 0.154167 0.078177
0 0.345833 0.581522 0.236111 0.046823
1 0.113889 0.674958 0.154167 0.078177
0 0.467708 0.674749 0.479861 0.046823
0 0.500000 0.755644 1.000000 0.038880
1 0.500000 0.818771 0.300000 0.078177
3 0.127083 0.035117 0.254167 0.070234
2 0.019444 0.070234 0.038889 0.023411
1 0.068750 0.070234 0.077778 0.046823
0 0.176042 0.070025 0.117361 0.035535
3 0.068056 0.035117 0.136111 0.070234
3 0.204167 0.035117 0.136111 0.070234
3 0.340278 0.035117 0.136111 0.070234
