4 0.500000 0.483594 1.000000 0.901563
0 0.270833 0.070898 0.191667 0.036328
3 0.068056 0.038281 0.136111 0.076563
8 0.500000 0.182617 0.975000 0.351172
0 0.111458 0.151953 0.135417 0.025781
4 0.364931 0.119727 0.704861 0.239453
1 0.384375 0.302930 0.690972 0.229297
4 0.871181 0.119727 0.257639 0.239453
1 0.874653 0.302930 0.211806 0.229297
0 0.886806 0.392188 0.187500 0.023438
8 0.500000 0.547852 0.975000 0.351172
0 0.194097 0.517188 0.300694 0.025781
1 0.384375 0.668164 0.690972 0.229297
1 0.874653 0.668164 0.211806 0.229297
