0 0.240625 0.070898 0.131250 0.036328
4 0.068056 0.038281 0.136111 0.076563
5 0.844444 0.071094 0.116667 0.065625
1 0.844444 0.071094 0.116667 0.065625
3 0.165278 0.038281 0.097222 0.065625
8 0.500000 0.412500 1.000000 0.825000
0 0.155208 0.212305 0.252083 0.074609
0 0.280208 0.275391 0.502083 0.051562
0 0.350694 0.323242 0.643056 0.044141
3 0.147569 0.378125 0.236806 0.065625
0 0.245139 0.448242 0.431944 0.074609
3 0.938542 0.469922 0.122917 0.031250
8 0.243056 0.121289 0.486111 0.242578
1 0.272222 0.562109 0.466667 0.136719
3 0.209375 0.673047 0.340972 0.085156
4 0.442708 0.675195 0.125694 0.089453
1 0.452083 0.656445 0.106944 0.051953
0 0.442708 0.701172 0.125694 0.037500
8 0.729167 0.121289 0.486111 0.242578
1 0.758333 0.562109 0.466667 0.136719
3 0.695486 0.673047 0.340972 0.085156
4 0.928819 0.675195 0.125694 0.089453
1 0.938194 0.656445 0.106944 0.051953
0 0.928819 0.701172 0.125694 0.037500
0 0.108333 0.765430 0.158333 0.074609
8 0.243056 0.190820 0.486111 0.381641
1 0.272222 0.872656 0.466667 0.123438
1 0.072917 0.830078 0.068056 0.038281
8 0.729167 0.190820 0.486111 0.381641
1 0.758333 0.872656 0.466667 0.123438
1 0.559028 0.830078 0.068056 0.038281
7 0.087500 0.032813 0.175000 0.065625
0 0.087153 0.142187 0.060417 0.025781
7 0.318056 0.032813 0.286111 0.065625
0 0.318056 0.142187 0.227778 0.025781
