7 0.077778 0.032813 0.155556 0.065625
0 0.077778 0.065625 0.097222 0.025781
7 0.247569 0.032813 0.184028 0.065625
0 0.247222 0.058203 0.095833 0.025781
0 0.247569 0.078516 0.125694 0.014844
7 0.427431 0.032813 0.175694 0.065625
0 0.427431 0.065625 0.117361 0.025781
7 0.617361 0.032813 0.204167 0.065625
0 0.617361 0.065625 0.145833 0.025781
7 0.809722 0.032813 0.180556 0.065625
0 0.809722 0.065625 0.122222 0.025781
8 0.500000 0.417969 1.000000 0.835938
8 0.500000 0.140234 0.970833 0.083594
1 0.500000 0.138281 0.961111 0.079687
8 0.500000 0.489648 1.000000 0.816797
0 0.199653 0.219922 0.311806 0.025781
0 0.207986 0.244727 0.328472 0.018359
1 0.254861 0.452539 0.470833 0.351172
0 0.116319 0.569141 0.115972 0.029687
0 0.117361 0.595117 0.118056 0.022266
1 0.745139 0.452539 0.470833 0.351172
0 0.598264 0.569141 0.099306 0.029687
0 0.607639 0.595117 0.118056 0.022266
1 0.254861 0.787891 0.470833 0.292969
0 0.162847 0.926562 0.209028 0.015625
1 0.745139 0.787891 0.470833 0.292969
0 0.603125 0.926562 0.109028 0.015625
