8 0.500000 0.367969 1.000000 0.735938
6 0.269444 0.166016 0.461111 0.069531
6 0.730556 0.166016 0.461111 0.069531
8 0.500000 0.069922 1.000000 0.139844
1 0.500000 0.260937 0.097222 0.054688
0 0.500000 0.314063 0.602778 0.029687
2 0.941667 0.281250 0.038889 0.021875
8 0.500000 0.209766 1.000000 0.139844
1 0.500000 0.400781 0.097222 0.054688
0 0.500000 0.453906 0.572222 0.029687
2 0.941667 0.421094 0.038889 0.021875
8 0.500000 0.369336 1.000000 0.179297
0 0.500000 0.526367 1.000000 0.069922
3 0.500000 0.616016 0.922222 0.065625
1 0.100000 0.043750 0.200000 0.087500
1 0.300000 0.043750 0.200000 0.087500
1 0.500000 0.043750 0.200000 0.087500
1 0.700000 0.043750 0.200000 0.087500
1 0.900000 0.043750 0.200000 0.087500
0 0.133681 0.070898 0.189583 0.036328
3 0.708333 0.071094 0.116667 0.065625
3 0.825000 0.071094 0.116667 0.065625
3 0.941667 0.071094 0.116667 0.065625
