3 0.795833 0.071094 0.136111 0.065625
3 0.931944 0.071094 0.136111 0.065625
3 0.068056 0.038281 0.136111 0.076563
4 0.166667 0.032813 0.333333 0.065625
0 0.166667 0.142187 0.097222 0.025781
4 0.500000 0.032813 0.333333 0.065625
0 0.499653 0.142187 0.070139 0.025781
4 0.833333 0.032813 0.333333 0.065625
0 0.833333 0.142187 0.106944 0.025781
8 0.500000 0.554688 1.000000 0.759375
8 0.500000 0.379688 1.000000 0.759375
1 0.046528 0.209375 0.068056 0.032813
0 0.161111 0.209570 0.136111 0.068359
1 0.975347 0.209570 0.024306 0.068359
4 0.500000 0.000195 1.000000 0.000391
1 0.051389 0.321484 0.077778 0.043750
0 0.138542 0.321680 0.086806 0.068359
1 0.975347 0.321680 0.024306 0.068359
4 0.500000 0.021875 1.000000 0.043750
0 0.138889 0.265625 0.252778 0.043750
1 0.046528 0.433594 0.068056 0.032813
0 0.213542 0.433789 0.240972 0.068359
1 0.975347 0.433789 0.024306 0.068359
0 0.200694 0.377734 0.376389 0.043750
1 0.046528 0.502344 0.068056 0.032813
0 0.282986 0.502539 0.379861 0.068359
1 0.975347 0.502539 0.024306 0.068359
1 0.046528 0.614453 0.068056 0.032813
0 0.135417 0.614648 0.084722 0.068359
1 0.975347 0.614648 0.024306 0.068359
0 0.138542 0.558594 0.252083 0.043750
1 0.046528 0.683203 0.068056 0.032813
0 0.252431 0.683398 0.318750 0.068359
1 0.975347 0.683398 0.024306 0.068359
1 0.046528 0.751953 0.068056 0.032813
0 0.236458 0.752148 0.286806 0.068359
1 0.975347 0.752148 0.024306 0.068359
1 0.046528 0.820703 0.068056 0.032813
0 0.236806 0.820898 0.287500 0.068359
1 0.975347 0.820898 0.024306 0.068359
1 0.046528 0.925391 0.068056 0.017969
0 0.172222 0.916602 0.158333 0.035547
1 0.975347 0.916602 0.024306 0.035547
0 0.173958 0.876953 0.322917 0.043750
