1 0.213889 0.038281 0.350000 0.038281
3 0.727778 0.071094 0.116667 0.065625
3 0.844444 0.071094 0.116667 0.065625
3 0.281944 0.038281 0.097222 0.065625
7 0.125000 0.032813 0.250000 0.065625
0 0.124653 0.142187 0.089583 0.035156
7 0.375000 0.032813 0.250000 0.065625
0 0.374653 0.142187 0.156250 0.035156
7 0.625000 0.032813 0.250000 0.065625
0 0.625000 0.142187 0.106944 0.035156
7 0.875000 0.032813 0.250000 0.065625
0 0.875000 0.142187 0.088889 0.035156
8 0.500000 0.554688 1.000000 0.759375
8 0.500000 0.457617 1.000000 0.521484
4 0.504861 0.218750 0.970833 0.032813
1 0.048611 0.218750 0.058333 0.032813
0 0.152431 0.218555 0.110417 0.029297
3 0.326042 0.254492 0.613194 0.035547
1 0.500000 0.465234 1.000000 0.375000
4 0.142708 0.685547 0.285417 0.065625
0 0.142361 0.685352 0.112500 0.032422
4 0.428125 0.685547 0.285417 0.065625
0 0.427778 0.685352 0.136111 0.032422
4 0.713889 0.685547 0.286111 0.065625
0 0.713542 0.685352 0.110417 0.032422
4 0.928472 0.685547 0.143056 0.065625
2 0.042361 0.032617 0.041667 0.024609
8 0.500000 0.831836 1.000000 0.205078
4 0.504861 0.751172 0.970833 0.032813
1 0.048611 0.751172 0.058333 0.032813
0 0.200347 0.750977 0.206250 0.029297
0 0.656597 0.750977 0.647917 0.029297
3 0.468056 0.786914 0.897222 0.035547
1 0.500000 0.872266 1.000000 0.124219
