8 0.500000 0.483594 1.000000 0.901563
1 0.133681 0.038281 0.189583 0.023438
3 0.931944 0.071094 0.136111 0.065625
0 0.500000 0.528906 1.000000 0.116406
3 0.500000 0.619922 0.213889 0.065625
3 0.500000 0.792188 0.650000 0.076563
7 0.100000 0.041016 0.200000 0.082031
1 0.099306 0.880469 0.048611 0.027344
0 0.099653 0.910352 0.065972 0.018359
7 0.300000 0.041016 0.200000 0.082031
1 0.300000 0.880469 0.048611 0.027344
0 0.300000 0.910352 0.118056 0.018359
7 0.500000 0.041016 0.200000 0.082031
1 0.500000 0.880469 0.048611 0.027344
0 0.499653 0.910352 0.043750 0.018359
7 0.700000 0.041016 0.200000 0.082031
1 0.700000 0.880469 0.048611 0.027344
0 0.700000 0.910352 0.062500 0.018359
7 0.900000 0.041016 0.200000 0.082031
1 0.899306 0.880469 0.048611 0.027344
0 0.899653 0.910352 0.070139 0.018359
