1 0.499653 0.105273 0.111806 0.062891
0 0.500000 0.176953 0.419444 0.025781
0 0.500000 0.223633 0.562500 0.040234
3 0.500000 0.303906 0.291667 0.065625
0 0.499653 0.367969 0.035417 0.029687
3 0.500000 0.401953 0.337500 0.029687
0 0.500000 0.475781 0.951389 0.029687
1 0.088194 0.564063 0.077778 0.043750
0 0.362153 0.536523 0.372917 0.036328
0 0.575347 0.582422 0.799306 0.055469
1 0.088194 0.659766 0.077778 0.043750
0 0.365625 0.644727 0.379861 0.036328
0 0.435764 0.677734 0.520139 0.029687
1 0.088194 0.744922 0.077778 0.043750
0 0.257986 0.729883 0.164583 0.036328
0 0.386806 0.762891 0.422222 0.029687
