8 0.500000 0.284180 1.000000 0.568359
4 0.500000 0.390039 1.000000 0.561328
1 0.500000 0.238477 1.000000 0.258203
0 0.500000 0.437500 0.902778 0.117969
0 0.500000 0.540039 0.902778 0.087109
3 0.110417 0.637891 0.186111 0.065625
1 0.078472 0.637891 0.058333 0.029687
0 0.142014 0.637695 0.059028 0.022266
0 0.747569 0.637695 0.175694 0.022266
0 0.871181 0.637695 0.007639 0.022266
3 0.933333 0.637891 0.116667 0.065625
8 0.500000 0.784180 1.000000 0.431641
4 0.500000 0.809570 1.000000 0.249609
0 0.253125 0.706641 0.409028 0.043750
3 0.254514 0.757227 0.411806 0.057422
1 0.094792 0.757227 0.092361 0.051953
0 0.193056 0.744336 0.065278 0.022266
0 0.310417 0.768164 0.300000 0.022266
1 0.500000 0.864258 1.000000 0.140234
3 0.068056 0.038281 0.136111 0.076563
0 0.211458 0.070898 0.131250 0.036328
3 0.825000 0.071094 0.116667 0.065625
3 0.941667 0.071094 0.116667 0.065625
