1 0.952431 0.071094 0.095139 0.076563
3 0.068056 0.038281 0.136111 0.076563
1 0.179861 0.038281 0.087500 0.049219
0 0.462500 0.038086 0.458333 0.031641
1 0.063889 0.147656 0.095833 0.061719
4 0.496181 0.147656 0.768750 0.061719
1 0.928819 0.147656 0.096528 0.061719
4 0.500000 0.562305 1.000000 0.744141
8 0.250000 0.292773 0.500000 0.205078
1 0.250000 0.269727 0.490278 0.123047
0 0.250000 0.361133 0.470833 0.059766
8 0.750000 0.292773 0.500000 0.205078
1 0.750000 0.269727 0.490278 0.123047
0 0.750000 0.361133 0.470833 0.059766
8 0.250000 0.497852 0.500000 0.205078
1 0.250000 0.474805 0.490278 0.123047
0 0.250000 0.566211 0.470833 0.059766
8 0.750000 0.497852 0.500000 0.205078
1 0.750000 0.474805 0.490278 0.123047
0 0.750000 0.566211 0.470833 0.059766
8 0.250000 0.702930 0.500000 0.205078
1 0.250000 0.679883 0.490278 0.123047
0 0.250000 0.771289 0.470833 0.059766
8 0.750000 0.702930 0.500000 0.205078
1 0.750000 0.679883 0.490278 0.123047
0 0.750000 0.771289 0.470833 0.059766
8 0.250000 0.869922 0.500000 0.128906
1 0.250000 0.878906 0.490278 0.110937
8 0.750000 0.869922 0.500000 0.128906
1 0.750000 0.878906 0.490278 0.110937
