8 0.500000 0.468595 1.000000 0.724020
8 0.500000 0.195280 1.000000 0.177389
3 0.500000 0.143890 0.466667 0.037305
8 0.105208 0.063380 0.210417 0.126761
1 0.127083 0.216216 0.100000 0.042634
0 0.127083 0.261134 0.040278 0.033498
8 0.314931 0.063380 0.210417 0.126761
1 0.336806 0.216216 0.100000 0.042634
0 0.336806 0.261134 0.123611 0.033498
8 0.524653 0.063380 0.210417 0.126761
1 0.546528 0.216216 0.100000 0.042634
0 0.546181 0.261134 0.107639 0.033498
8 0.734375 0.063380 0.210417 0.126761
1 0.756250 0.216216 0.100000 0.042634
0 0.755903 0.261134 0.102083 0.033498
8 0.919444 0.063380 0.161111 0.126761
1 0.957986 0.216216 0.084028 0.042634
0 0.963542 0.261134 0.072917 0.033498
8 0.500000 0.287781 1.000000 0.180434
3 0.500000 0.322802 0.354167 0.037305
1 0.127083 0.395128 0.100000 0.042634
0 0.127083 0.440046 0.166667 0.033498
1 0.336806 0.395128 0.100000 0.042634
0 0.336806 0.440046 0.166667 0.033498
1 0.546528 0.395128 0.100000 0.042634
0 0.546181 0.440046 0.106250 0.033498
1 0.756250 0.395128 0.100000 0.042634
0 0.755903 0.440046 0.047917 0.033498
1 0.957986 0.395128 0.084028 0.042634
0 0.965625 0.440046 0.052083 0.033498
8 0.500000 0.488390 1.000000 0.180434
3 0.499653 0.523411 0.286806 0.037305
0 0.127083 0.558241 0.108333 0.018652
1 0.127083 0.595737 0.100000 0.042634
0 0.126736 0.640655 0.085417 0.033498
1 0.336806 0.595737 0.100000 0.042634
0 0.336458 0.640655 0.040972 0.033498
1 0.546528 0.595737 0.100000 0.042634
0 0.546181 0.640655 0.072917 0.033498
1 0.756250 0.595737 0.100000 0.042634
0 0.755903 0.640655 0.060417 0.033498
1 0.957986 0.595737 0.084028 0.042634
0 0.955556 0.640655 0.088889 0.033498
8 0.500000 0.673963 1.000000 0.190712
8 0.249306 0.076703 0.498611 0.153407
1 0.261458 0.765893 0.474306 0.129425
8 0.747222 0.076703 0.498611 0.153407
1 0.759375 0.765893 0.474306 0.129425
8 0.997917 0.076703 0.004167 0.153407
4 0.125000 0.871336 0.250000 0.078416
1 0.125000 0.861058 0.068056 0.041873
0 0.125000 0.892273 0.075000 0.020556
4 0.375000 0.871336 0.250000 0.078416
1 0.375000 0.861058 0.068056 0.041873
0 0.374653 0.892273 0.053472 0.020556
4 0.625000 0.871336 0.250000 0.078416
1 0.625000 0.861058 0.068056 0.041873
0 0.624653 0.892273 0.079861 0.020556
4 0.875000 0.871336 0.250000 0.078416
1 0.875000 0.857632 0.068056 0.035021
0 0.874653 0.892273 0.159028 0.020556
3 0.068056 0.037305 0.136111 0.074610
1 0.233333 0.037305 0.194444 0.053293
3 0.825000 0.069281 0.116667 0.063951
4 0.941667 0.069281 0.116667 0.063951
1 0.941667 0.069281 0.058333 0.031976
