8 0.500000 0.423438 1.000000 0.846875
3 0.500000 0.456250 1.000000 0.846875
8 0.500000 0.205664 1.000000 0.410547
3 0.067361 0.072266 0.109722 0.061719
3 0.263542 0.072461 0.222917 0.030078
0 0.652778 0.072461 0.065278 0.016016
0 0.734722 0.072461 0.040278 0.016016
0 0.804514 0.072461 0.040972 0.016016
0 0.912500 0.072461 0.116667 0.021484
0 0.500000 0.248438 1.000000 0.273438
4 0.270833 0.398633 0.181944 0.026953
0 0.245833 0.398633 0.093056 0.016016
0 0.335764 0.398633 0.013194 0.016016
4 0.447222 0.398633 0.131944 0.026953
0 0.424653 0.398633 0.047917 0.016016
0 0.489583 0.398633 0.008333 0.016016
4 0.603472 0.398633 0.141667 0.026953
0 0.578472 0.398633 0.052778 0.016016
0 0.648264 0.398633 0.013194 0.016016
4 0.756597 0.400000 0.125694 0.029687
2 0.731597 0.400000 0.036806 0.018750
0 0.793403 0.399805 0.013194 0.016016
4 0.047569 0.410742 0.046528 0.024609
8 0.500000 0.475586 1.000000 0.128516
4 0.890625 0.508398 0.218750 0.128516
4 0.500000 0.508398 1.000000 0.062891
3 0.085069 0.508398 0.111806 0.062891
4 0.577778 0.508398 0.786111 0.054297
3 0.577778 0.492383 0.786111 0.022266
3 0.303472 0.522852 0.237500 0.022266
0 0.457986 0.522852 0.046528 0.022266
3 0.527778 0.523047 0.044444 0.025000
3 0.937847 0.525391 0.065972 0.020313
3 0.058333 0.907227 0.116667 0.040234
3 0.499653 0.907227 0.288194 0.040234
3 0.941667 0.907227 0.116667 0.040234
