3 0.068056 0.038281 0.136111 0.076563
4 0.500000 0.332031 1.000000 0.445312
8 0.500000 0.177930 1.000000 0.137109
0 0.130208 0.137891 0.211806 0.029687
0 0.475694 0.199609 0.902778 0.066406
8 0.500000 0.294727 1.000000 0.094922
0 0.100694 0.275781 0.152778 0.029687
0 0.475694 0.316406 0.902778 0.024219
8 0.500000 0.390430 1.000000 0.094922
0 0.104514 0.371484 0.160417 0.029687
0 0.475694 0.412109 0.902778 0.024219
8 0.500000 0.496680 1.000000 0.116016
0 0.208681 0.467187 0.368750 0.029687
0 0.475694 0.518359 0.902778 0.045312
