8 0.500000 0.554688 1.000000 0.890625
0 0.500000 0.135937 1.000000 0.053125
4 0.500000 0.201172 1.000000 0.077344
0 0.145833 0.188281 0.213889 0.029687
4 0.500000 0.280078 1.000000 0.077344
0 0.150694 0.267188 0.223611 0.029687
4 0.500000 0.358984 1.000000 0.077344
0 0.094792 0.346094 0.111806 0.029687
4 0.500000 0.437891 1.000000 0.077344
0 0.081944 0.425000 0.086111 0.029687
4 0.500000 0.516797 1.000000 0.077344
0 0.119444 0.503906 0.161111 0.029687
4 0.500000 0.595703 1.000000 0.077344
0 0.114931 0.582812 0.152083 0.029687
4 0.500000 0.674609 1.000000 0.077344
0 0.129861 0.661719 0.181944 0.029687
4 0.500000 0.753516 1.000000 0.077344
0 0.076389 0.740625 0.075000 0.029687
4 0.500000 0.832422 1.000000 0.077344
0 0.125694 0.819531 0.173611 0.029687
4 0.500000 0.903516 1.000000 0.061719
0 0.121875 0.898438 0.165972 0.029687
0 0.292361 0.070898 0.234722 0.036328
4 0.068056 0.038281 0.136111 0.076563
3 0.931944 0.071094 0.136111 0.065625
