0 0.500000 0.089258 1.000000 0.069141
4 0.500000 0.485352 1.000000 0.723047
8 0.500000 0.162109 1.000000 0.076563
1 0.087500 0.162109 0.097222 0.054688
0 0.519444 0.162109 0.766667 0.054688
1 0.931944 0.162109 0.058333 0.032813
8 0.500000 0.238672 1.000000 0.076563
1 0.087500 0.238672 0.097222 0.054688
0 0.519444 0.238672 0.766667 0.054688
1 0.931944 0.238672 0.058333 0.032813
8 0.500000 0.315234 1.000000 0.076563
1 0.087500 0.315234 0.097222 0.054688
0 0.519444 0.315234 0.766667 0.054688
1 0.931944 0.315234 0.058333 0.032813
8 0.500000 0.391797 1.000000 0.076563
1 0.087500 0.391797 0.097222 0.054688
0 0.519444 0.391797 0.766667 0.054688
1 0.931944 0.391797 0.058333 0.032813
8 0.500000 0.468359 1.000000 0.076563
1 0.087500 0.468359 0.097222 0.054688
0 0.519444 0.468359 0.766667 0.054688
1 0.931944 0.468359 0.058333 0.032813
8 0.500000 0.544922 1.000000 0.076563
1 0.087500 0.544922 0.097222 0.054688
0 0.519444 0.544922 0.766667 0.054688
1 0.931944 0.544922 0.058333 0.032813
3 0.896875 0.890625 0.206250 0.087500
1 0.087500 0.890625 0.175000 0.087500
