3 0.068056 0.038281 0.136111 0.076563
2 0.136458 0.038086 0.000694 0.000391
4 0.245833 0.071094 0.218056 0.076563
4 0.690972 0.071094 0.116667 0.076563
4 0.816319 0.071094 0.134028 0.076563
3 0.807639 0.071094 0.068056 0.038281
4 0.941667 0.071094 0.116667 0.076563
0 0.202778 0.139648 0.405556 0.060547
3 0.719097 0.139453 0.193750 0.051562
3 0.904167 0.139453 0.176389 0.051562
4 0.200000 0.552148 0.400000 0.764453
8 0.200000 0.194922 0.400000 0.050000
0 0.154861 0.194531 0.236111 0.025781
8 0.200000 0.245312 0.400000 0.050000
0 0.104167 0.244922 0.134722 0.025781
8 0.200000 0.295703 0.400000 0.050000
0 0.089931 0.295312 0.106250 0.025781
8 0.200000 0.346094 0.400000 0.050000
0 0.072569 0.345703 0.071528 0.025781
8 0.200000 0.396484 0.400000 0.050000
0 0.142361 0.396094 0.211111 0.025781
8 0.200000 0.446875 0.400000 0.050000
0 0.089583 0.446484 0.105556 0.025781
8 0.200000 0.497266 0.400000 0.050000
0 0.103125 0.496875 0.132639 0.025781
8 0.200000 0.547656 0.400000 0.050000
0 0.074306 0.547266 0.075000 0.025781
8 0.200000 0.598047 0.400000 0.050000
0 0.085069 0.597656 0.096528 0.025781
8 0.200000 0.648438 0.400000 0.050000
0 0.104861 0.648047 0.136111 0.025781
4 0.700000 0.552148 0.600000 0.764453
8 0.700000 0.194922 0.600000 0.050000
3 0.676736 0.193164 0.509028 0.031641
3 0.963194 0.195703 0.063889 0.023438
8 0.300000 0.074023 0.600000 0.047266
3 0.594097 0.243359 0.290972 0.032031
8 0.300000 0.121680 0.600000 0.047266
3 0.592014 0.291016 0.286806 0.032031
8 0.300000 0.169336 0.600000 0.047266
3 0.689931 0.338672 0.482639 0.032031
8 0.300000 0.216992 0.600000 0.047266
3 0.613194 0.386328 0.329167 0.032031
8 0.300000 0.264648 0.600000 0.047266
3 0.573958 0.433984 0.250694 0.032031
8 0.300000 0.312305 0.600000 0.047266
3 0.695139 0.481641 0.493056 0.032031
8 0.300000 0.359961 0.600000 0.047266
3 0.631944 0.529297 0.366667 0.032031
8 0.300000 0.407617 0.600000 0.047266
3 0.600347 0.576953 0.303472 0.032031
8 0.300000 0.455273 0.600000 0.047266
3 0.671875 0.624609 0.446528 0.032031
8 0.300000 0.502930 0.600000 0.047266
3 0.678472 0.672266 0.459722 0.032031
8 0.300000 0.550586 0.600000 0.047266
3 0.605556 0.719922 0.313889 0.032031
8 0.300000 0.598242 0.600000 0.047266
3 0.585764 0.767578 0.274306 0.032031
8 0.300000 0.645898 0.600000 0.047266
3 0.613542 0.815234 0.329861 0.032031
8 0.300000 0.693555 0.600000 0.047266
3 0.559375 0.862891 0.221528 0.032031
8 0.300000 0.741211 0.600000 0.047266
3 0.689583 0.910547 0.481944 0.032031
