0 0.312500 0.070898 0.275000 0.036328
4 0.068056 0.038281 0.136111 0.076563
8 0.500000 0.087500 1.000000 0.175000
3 0.217361 0.192773 0.376389 0.166797
0 0.217014 0.251563 0.159028 0.027344
0 0.585069 0.127930 0.300694 0.035547
0 0.513542 0.161523 0.157639 0.031641
3 0.565972 0.235156 0.262500 0.049219
8 0.500000 0.274414 1.000000 0.198828
3 0.217361 0.383789 0.376389 0.182422
0 0.217014 0.450391 0.159028 0.027344
0 0.584028 0.326758 0.298611 0.035547
0 0.513542 0.360352 0.157639 0.031641
3 0.565972 0.433984 0.262500 0.049219
8 0.500000 0.473242 1.000000 0.198828
3 0.217361 0.582617 0.376389 0.182422
0 0.217361 0.649219 0.179167 0.027344
0 0.578472 0.525586 0.287500 0.035547
0 0.525347 0.559180 0.181250 0.031641
3 0.565972 0.632812 0.262500 0.049219
8 0.500000 0.672070 1.000000 0.198828
3 0.217361 0.781445 0.376389 0.182422
0 0.217014 0.848047 0.199306 0.027344
0 0.598611 0.724414 0.327778 0.035547
0 0.537153 0.758008 0.204861 0.031641
3 0.565972 0.831641 0.262500 0.049219
3 0.500000 0.907617 0.537500 0.053516
