0 0.230208 0.070898 0.110417 0.036328
3 0.068056 0.038281 0.136111 0.076563
7 0.499653 0.032813 0.145139 0.065625
0 0.499653 0.142187 0.086806 0.025781
8 0.500000 0.450781 1.000000 0.901563
8 0.500000 0.248633 1.000000 0.147266
4 0.500000 0.248633 1.000000 0.147266
1 0.128819 0.248633 0.218750 0.123047
0 0.503819 0.203711 0.463194 0.033203
3 0.873611 0.277344 0.213889 0.065625
8 0.500000 0.395898 1.000000 0.147266
4 0.500000 0.395898 1.000000 0.147266
1 0.128819 0.395898 0.218750 0.123047
0 0.489931 0.350977 0.435417 0.033203
3 0.873611 0.424609 0.213889 0.065625
8 0.500000 0.543164 1.000000 0.147266
4 0.500000 0.543164 1.000000 0.147266
1 0.128819 0.543164 0.218750 0.123047
0 0.490972 0.498242 0.437500 0.033203
3 0.873611 0.571875 0.213889 0.065625
8 0.500000 0.690430 1.000000 0.147266
4 0.500000 0.690430 1.000000 0.147266
1 0.128819 0.690430 0.218750 0.123047
0 0.507292 0.645508 0.470139 0.033203
3 0.873611 0.719141 0.213889 0.065625
8 0.500000 0.837695 1.000000 0.147266
4 0.500000 0.837695 1.000000 0.147266
1 0.128819 0.837695 0.218750 0.123047
0 0.519097 0.792773 0.493750 0.033203
3 0.873611 0.866406 0.213889 0.065625
8 0.500000 0.922852 1.000000 0.023047
4 0.500000 0.922852 1.000000 0.023047
1 0.128819 0.928906 0.218750 0.010937
0 0.561111 0.928906 0.577778 0.010937
