1 0.171875 0.097054 0.087500 0.048527
0 0.357812 0.096837 0.240625 0.044627
1 0.543750 0.097054 0.087500 0.048527
4 0.542188 0.547877 0.915625 0.801127
8 0.542188 0.183709 0.915625 0.072790
8 0.542188 0.257366 0.915625 0.072790
8 0.542188 0.331023 0.915625 0.072790
8 0.542188 0.404679 0.915625 0.072790
8 0.542188 0.478336 0.915625 0.072790
8 0.542188 0.551993 0.915625 0.072790
8 0.542188 0.625650 0.915625 0.072790
8 0.542188 0.699307 0.915625 0.072790
8 0.542188 0.772964 0.915625 0.072790
8 0.542188 0.846620 0.915625 0.072790
8 0.542188 0.916161 0.915625 0.064558
3 0.547656 0.976820 0.904687 0.046360
