3 0.061613 0.137751 0.123225 0.064799
3 0.195202 0.137751 0.141681 0.064799
3 0.338018 0.137751 0.141681 0.064799
8 0.908859 0.414925 0.182283 0.829849
3 0.016752 0.202550 0.033504 0.064799
3 0.065020 0.202550 0.060761 0.064799
3 0.158717 0.202550 0.124361 0.064799
3 0.247871 0.202550 0.051675 0.064799
3 0.296139 0.202550 0.042589 0.064799
3 0.358035 0.202550 0.078932 0.064799
3 0.403748 0.202550 0.010221 0.064799
8 0.204429 0.382525 0.408859 0.765050
4 0.204429 0.617475 0.408859 0.765050
8 0.204429 0.252717 0.408859 0.035535
0 0.011925 0.248746 0.019875 0.027592
1 0.035775 0.252508 0.019875 0.029264
0 0.203010 0.252717 0.302669 0.035535
0 0.371664 0.252717 0.034639 0.035535
8 0.204429 0.288253 0.408859 0.035535
0 0.011925 0.284281 0.019875 0.027592
1 0.035775 0.288043 0.019875 0.029264
0 0.203010 0.288253 0.302669 0.035535
0 0.371664 0.288253 0.034639 0.035535
8 0.204429 0.323788 0.408859 0.035535
0 0.011925 0.319816 0.019875 0.027592
1 0.035775 0.323579 0.019875 0.029264
0 0.203010 0.323788 0.302669 0.035535
0 0.371664 0.323788 0.034639 0.035535
8 0.204429 0.359323 0.408859 0.035535
0 0.011925 0.355351 0.019875 0.027592
1 0.035775 0.359114 0.019875 0.029264
0 0.203010 0.359323 0.302669 0.035535
0 0.371664 0.359323 0.034639 0.035535
8 0.204429 0.394858 0.408859 0.035535
0 0.011925 0.390886 0.019875 0.027592
1 0.035775 0.394649 0.019875 0.029264
0 0.203010 0.394858 0.302669 0.035535
0 0.371664 0.394858 0.034639 0.035535
8 0.204429 0.430393 0.408859 0.035535
0 0.011925 0.426421 0.019875 0.027592
1 0.035775 0.430184 0.019875 0.029264
0 0.203010 0.430393 0.302669 0.035535
0 0.371664 0.430393 0.034639 0.035535
8 0.204429 0.465928 0.408859 0.035535
0 0.011925 0.461957 0.019875 0.027592
1 0.035775 0.465719 0.019875 0.029264
0 0.203010 0.465928 0.302669 0.035535
0 0.371664 0.465928 0.034639 0.035535
8 0.204429 0.501463 0.408859 0.035535
0 0.011925 0.497492 0.019875 0.027592
1 0.035775 0.501254 0.019875 0.029264
0 0.203010 0.501463 0.302669 0.035535
0 0.371664 0.501463 0.034639 0.035535
8 0.204429 0.536998 0.408859 0.035535
1 0.035775 0.536789 0.019875 0.029264
0 0.203010 0.536998 0.302669 0.035535
0 0.371664 0.536998 0.034639 0.035535
8 0.204429 0.572533 0.408859 0.035535
0 0.011925 0.568562 0.019875 0.027592
1 0.035775 0.572324 0.019875 0.029264
0 0.203010 0.572533 0.302669 0.035535
0 0.371664 0.572533 0.034639 0.035535
8 0.204429 0.608069 0.408859 0.035535
0 0.011925 0.604097 0.019875 0.027592
1 0.035775 0.607860 0.019875 0.029264
0 0.203010 0.608069 0.302669 0.035535
0 0.371664 0.608069 0.034639 0.035535
8 0.204429 0.643604 0.408859 0.035535
1 0.035775 0.643395 0.019875 0.029264
0 0.203010 0.643604 0.302669 0.035535
0 0.371664 0.643604 0.034639 0.035535
4 0.111726 0.035117 0.074106 0.070234
1 0.036911 0.035117 0.039750 0.058528
4 0.186400 0.035117 0.074106 0.070234
4 0.261073 0.035117 0.074106 0.070234
4 0.335747 0.035117 0.074106 0.070234
4 0.410420 0.035117 0.074106 0.070234
1 0.037053 0.034908 0.042306 0.062291
4 0.485094 0.035117 0.074106 0.070234
1 0.037053 0.035117 0.042306 0.057692
