5 0.236458 0.141095 0.472917 0.053930
0 0.111111 0.140468 0.202778 0.031773
3 0.925694 0.140468 0.148611 0.070234
4 0.500000 0.587793 1.000000 0.824415
8 0.500000 0.054975 1.000000 0.109950
1 0.121875 0.230351 0.218750 0.095318
0 0.609375 0.216555 0.731250 0.027592
0 0.464583 0.244147 0.441667 0.027592
8 0.500000 0.164507 1.000000 0.109950
1 0.121875 0.339883 0.218750 0.095318
0 0.609375 0.326087 0.731250 0.027592
0 0.354861 0.353679 0.222222 0.027592
8 0.500000 0.274038 1.000000 0.109950
1 0.121875 0.449415 0.218750 0.095318
0 0.609375 0.435619 0.731250 0.027592
0 0.354861 0.463211 0.222222 0.027592
8 0.500000 0.383570 1.000000 0.109950
1 0.121875 0.558946 0.218750 0.095318
0 0.609375 0.545151 0.731250 0.027592
0 0.497917 0.572742 0.508333 0.027592
8 0.500000 0.493102 1.000000 0.109950
1 0.121875 0.668478 0.218750 0.095318
0 0.609375 0.654682 0.731250 0.027592
0 0.354861 0.682274 0.222222 0.027592
8 0.500000 0.602634 1.000000 0.109950
1 0.121875 0.778010 0.218750 0.095318
0 0.609375 0.764214 0.731250 0.027592
0 0.540278 0.791806 0.593056 0.027592
8 0.500000 0.712166 1.000000 0.109950
1 0.121875 0.887542 0.218750 0.095318
0 0.609375 0.873746 0.731250 0.027592
0 0.354861 0.901338 0.222222 0.027592
8 0.500000 0.821697 1.000000 0.109950
1 0.121875 0.974707 0.218750 0.050585
0 0.609375 0.983278 0.731250 0.027592
0 0.354861 0.998537 0.222222 0.002926
3 0.048958 0.035117 0.097917 0.070234
1 0.019444 0.070234 0.038889 0.070234
1 0.059028 0.070234 0.058333 0.035117
5 0.486806 0.035117 0.777778 0.070234
5 0.441319 0.068980 0.640972 0.052676
1 0.807292 0.068980 0.090972 0.052676
