3 0.123264 0.137751 0.246528 0.064799
3 0.350347 0.137751 0.202083 0.064799
3 0.532986 0.137751 0.157639 0.064799
3 0.704514 0.137751 0.179861 0.064799
3 0.898611 0.137751 0.202778 0.064799
4 0.500000 0.585075 1.000000 0.829849
8 0.500000 0.209448 1.000000 0.078595
0 0.016319 0.193562 0.032639 0.046823
0 0.218403 0.193562 0.039583 0.046823
0 0.856944 0.193562 0.237500 0.046823
0 0.017014 0.232860 0.034028 0.031773
0 0.148264 0.232860 0.179861 0.031773
8 0.500000 0.288043 1.000000 0.078595
0 0.016319 0.272157 0.032639 0.046823
0 0.219097 0.272157 0.038194 0.046823
0 0.822222 0.272157 0.306944 0.046823
0 0.022569 0.311455 0.045139 0.031773
0 0.282986 0.311455 0.427083 0.031773
0 0.806944 0.309365 0.337500 0.027592
8 0.500000 0.366639 1.000000 0.078595
0 0.016319 0.350753 0.032639 0.046823
0 0.219097 0.350753 0.038194 0.046823
0 0.806597 0.350753 0.338194 0.046823
0 0.017361 0.390050 0.034722 0.031773
0 0.261806 0.390050 0.405556 0.031773
0 0.892708 0.387960 0.165972 0.027592
8 0.500000 0.445234 1.000000 0.078595
0 0.016319 0.429348 0.032639 0.046823
0 0.219097 0.429348 0.038194 0.046823
0 0.865625 0.429348 0.220139 0.046823
0 0.017014 0.468645 0.034028 0.031773
0 0.261111 0.468645 0.405556 0.031773
0 0.848958 0.466555 0.253472 0.027592
8 0.500000 0.523829 1.000000 0.078595
0 0.016319 0.507943 0.032639 0.046823
0 0.219097 0.507943 0.038194 0.046823
0 0.808333 0.507943 0.334722 0.046823
0 0.022569 0.547241 0.045139 0.031773
0 0.282986 0.547241 0.427083 0.031773
0 0.849306 0.545151 0.252778 0.027592
8 0.500000 0.602425 1.000000 0.078595
0 0.016319 0.586538 0.032639 0.046823
0 0.222222 0.586538 0.031944 0.046823
0 0.827083 0.586538 0.297222 0.046823
0 0.022569 0.625836 0.045139 0.031773
0 0.282986 0.625836 0.427083 0.031773
0 0.782292 0.623746 0.386806 0.027592
8 0.500000 0.681020 1.000000 0.078595
0 0.016319 0.665134 0.032639 0.046823
0 0.222222 0.665134 0.031944 0.046823
0 0.813542 0.665134 0.324306 0.046823
0 0.017014 0.704431 0.034028 0.031773
0 0.261111 0.704431 0.405556 0.031773
0 0.883333 0.702341 0.184722 0.027592
8 0.500000 0.759615 1.000000 0.078595
0 0.032639 0.743729 0.065278 0.046823
0 0.222222 0.743729 0.031944 0.046823
0 0.815278 0.743729 0.320833 0.046823
0 0.017014 0.783027 0.034028 0.031773
0 0.261111 0.783027 0.405556 0.031773
0 0.820833 0.780936 0.309722 0.027592
8 0.500000 0.838211 1.000000 0.078595
0 0.032639 0.822324 0.065278 0.046823
0 0.222222 0.822324 0.031944 0.046823
0 0.836111 0.822324 0.279167 0.046823
0 0.017014 0.861622 0.034028 0.031773
0 0.261111 0.861622 0.405556 0.031773
0 0.854514 0.859532 0.242361 0.027592
8 0.500000 0.916806 1.000000 0.078595
0 0.032639 0.900920 0.065278 0.046823
0 0.222222 0.900920 0.031944 0.046823
0 0.828125 0.900920 0.295139 0.046823
0 0.017361 0.940217 0.034722 0.031773
0 0.261806 0.940217 0.405556 0.031773
0 0.883333 0.938127 0.184722 0.027592
8 0.500000 0.978052 1.000000 0.043896
0 0.032639 0.978052 0.065278 0.043896
0 0.222222 0.978052 0.031944 0.043896
0 0.813889 0.978052 0.323611 0.043896
4 0.267014 0.035117 0.493750 0.070234
1 0.068750 0.070234 0.077778 0.046823
0 0.286806 0.060410 0.338889 0.035535
0 0.305903 0.085911 0.377083 0.023829
3 0.068056 0.035117 0.136111 0.070234
3 0.204167 0.035117 0.136111 0.070234
