8 0.500000 0.210156 0.975000 0.201563
0 0.218403 0.156836 0.046528 0.018359
0 0.119792 0.145117 0.131250 0.064453
1 0.831250 0.145117 0.213889 0.064453
0 0.127083 0.188477 0.133333 0.022266
0 0.187847 0.208594 0.254861 0.025781
0 0.511806 0.188477 0.075000 0.022266
0 0.610417 0.208594 0.272222 0.025781
0 0.801389 0.188477 0.109722 0.022266
0 0.813889 0.208594 0.134722 0.025781
0 0.127083 0.242383 0.133333 0.022266
0 0.188194 0.262500 0.255556 0.025781
0 0.511806 0.242383 0.075000 0.022266
0 0.610417 0.262500 0.272222 0.025781
0 0.801389 0.242383 0.109722 0.022266
0 0.813889 0.262500 0.134722 0.025781
8 0.500000 0.416797 0.975000 0.213281
0 0.218403 0.369336 0.046528 0.018359
0 0.119792 0.357617 0.131250 0.064453
1 0.831250 0.357617 0.213889 0.064453
0 0.127083 0.400977 0.133333 0.022266
0 0.187847 0.421094 0.254861 0.025781
0 0.511806 0.400977 0.075000 0.022266
0 0.610417 0.421094 0.272222 0.025781
0 0.801389 0.400977 0.109722 0.022266
0 0.813889 0.421094 0.134722 0.025781
0 0.127083 0.454883 0.133333 0.022266
0 0.188194 0.475000 0.255556 0.025781
0 0.511806 0.454883 0.075000 0.022266
0 0.610417 0.475000 0.272222 0.025781
0 0.801389 0.454883 0.109722 0.022266
0 0.813889 0.475000 0.134722 0.025781
8 0.500000 0.629297 0.975000 0.213281
0 0.218403 0.581836 0.046528 0.018359
0 0.119792 0.570117 0.131250 0.064453
1 0.831250 0.570117 0.213889 0.064453
0 0.127083 0.613477 0.133333 0.022266
0 0.187847 0.633594 0.254861 0.025781
0 0.511806 0.613477 0.075000 0.022266
0 0.610417 0.633594 0.272222 0.025781
0 0.801389 0.613477 0.109722 0.022266
0 0.813889 0.633594 0.134722 0.025781
0 0.127083 0.667383 0.133333 0.022266
0 0.187847 0.687500 0.254861 0.025781
0 0.511806 0.667383 0.075000 0.022266
0 0.610417 0.687500 0.272222 0.025781
0 0.801389 0.667383 0.109722 0.022266
0 0.813889 0.687500 0.134722 0.025781
8 0.500000 0.834766 0.975000 0.199219
0 0.218403 0.794336 0.046528 0.018359
0 0.119792 0.782617 0.131250 0.064453
1 0.831250 0.782617 0.213889 0.064453
0 0.127083 0.825977 0.133333 0.022266
0 0.187847 0.846094 0.254861 0.025781
0 0.511806 0.825977 0.075000 0.022266
0 0.610417 0.846094 0.272222 0.025781
0 0.801389 0.825977 0.109722 0.022266
0 0.813889 0.846094 0.134722 0.025781
0 0.127083 0.879883 0.133333 0.022266
0 0.187847 0.900000 0.254861 0.025781
0 0.511806 0.879883 0.075000 0.022266
0 0.610417 0.900000 0.272222 0.025781
0 0.801389 0.879883 0.109722 0.022266
0 0.813889 0.900000 0.134722 0.025781
3 0.716667 0.071094 0.116667 0.065625
3 0.833333 0.071094 0.116667 0.065625
4 0.945833 0.071094 0.108333 0.065625
0 0.945833 0.070898 0.108333 0.036328
0 0.087153 0.070898 0.096528 0.036328
2 0.162500 0.070898 0.029167 0.016016
0 0.234375 0.070898 0.089583 0.036328
