0 0.527431 0.145703 0.945139 0.072656
4 0.500000 0.558203 1.000000 0.752344
8 0.500000 0.036328 1.000000 0.072656
1 0.092361 0.218359 0.087500 0.072656
0 0.592361 0.218359 0.815278 0.072656
1 0.929167 0.036328 0.058333 0.032813
8 0.500000 0.110547 1.000000 0.072656
1 0.092361 0.292578 0.087500 0.072656
0 0.592361 0.292578 0.815278 0.072656
8 0.500000 0.184766 1.000000 0.072656
1 0.092361 0.366797 0.087500 0.072656
0 0.592361 0.366797 0.815278 0.072656
8 0.500000 0.258984 1.000000 0.072656
1 0.092361 0.441016 0.087500 0.072656
0 0.592361 0.441016 0.815278 0.072656
8 0.500000 0.333203 1.000000 0.072656
1 0.092361 0.515234 0.087500 0.072656
0 0.592361 0.515234 0.815278 0.072656
8 0.500000 0.407422 1.000000 0.072656
1 0.092361 0.589453 0.087500 0.072656
0 0.592361 0.589453 0.815278 0.072656
8 0.500000 0.481641 1.000000 0.072656
1 0.092361 0.663672 0.087500 0.072656
0 0.592361 0.663672 0.815278 0.072656
8 0.500000 0.555859 1.000000 0.072656
1 0.092361 0.737891 0.087500 0.072656
0 0.592361 0.737891 0.815278 0.072656
8 0.500000 0.630078 1.000000 0.072656
1 0.092361 0.812109 0.087500 0.072656
0 0.592361 0.812109 0.815278 0.072656
8 0.500000 0.704297 1.000000 0.072656
1 0.092361 0.886328 0.087500 0.072656
0 0.592361 0.886328 0.815278 0.072656
8 0.500000 0.778516 1.000000 0.072656
1 0.092361 0.929297 0.087500 0.010156
0 0.592361 0.929297 0.815278 0.010156
3 0.068056 0.038281 0.136111 0.076563
0 0.285417 0.070898 0.279167 0.036328
