0 0.453125 0.095703 0.784028 0.057031
4 0.892014 0.095703 0.093750 0.052344
0 0.500000 0.182812 0.877778 0.075781
4 0.500000 0.519141 0.877778 0.569531
8 0.500000 0.268555 0.877778 0.068359
0 0.381597 0.261719 0.446528 0.050000
8 0.500000 0.336914 0.877778 0.068359
0 0.393056 0.330078 0.469444 0.050000
8 0.500000 0.405273 0.877778 0.068359
0 0.261806 0.398438 0.206944 0.050000
8 0.500000 0.473633 0.877778 0.068359
0 0.276736 0.466797 0.236806 0.050000
8 0.500000 0.541992 0.877778 0.068359
0 0.240278 0.535156 0.163889 0.050000
8 0.500000 0.610352 0.877778 0.068359
0 0.278125 0.603516 0.239583 0.050000
8 0.500000 0.678711 0.877778 0.068359
0 0.447917 0.671875 0.579167 0.050000
8 0.500000 0.747070 0.877778 0.068359
0 0.230208 0.740234 0.143750 0.050000
3 0.500000 0.855469 0.877778 0.089063
