1 0.500000 0.483594 1.000000 0.901563
8 0.500000 0.483594 1.000000 0.901563
4 0.500000 0.450781 1.000000 0.901563
8 0.500000 0.039453 0.976389 0.065625
8 0.500000 0.132617 0.976389 0.120703
1 0.119097 0.165430 0.179861 0.101172
1 0.034028 0.082031 0.068056 0.038281
0 0.602083 0.127148 0.737500 0.024609
0 0.602083 0.158203 0.737500 0.021094
1 0.500000 0.225000 0.976389 0.001563
8 0.500000 0.253320 0.976389 0.120703
1 0.119097 0.286133 0.179861 0.101172
0 0.602083 0.247852 0.737500 0.024609
0 0.602083 0.278906 0.737500 0.021094
1 0.500000 0.345703 0.976389 0.001563
8 0.500000 0.374023 0.976389 0.120703
1 0.119097 0.406836 0.179861 0.101172
0 0.602083 0.368555 0.737500 0.024609
0 0.602083 0.399609 0.737500 0.021094
1 0.500000 0.466406 0.976389 0.001563
8 0.500000 0.494727 0.976389 0.120703
1 0.119097 0.527539 0.179861 0.101172
0 0.602083 0.489258 0.737500 0.024609
0 0.602083 0.520312 0.737500 0.021094
1 0.500000 0.587109 0.976389 0.001563
8 0.500000 0.615430 0.976389 0.120703
1 0.119097 0.648242 0.179861 0.101172
0 0.602083 0.622266 0.737500 0.049219
0 0.602083 0.665625 0.737500 0.021094
1 0.500000 0.707812 0.976389 0.001563
8 0.500000 0.736133 0.976389 0.120703
1 0.119097 0.768945 0.179861 0.101172
0 0.602083 0.742969 0.737500 0.049219
0 0.602083 0.786328 0.737500 0.021094
1 0.500000 0.828516 0.976389 0.001563
8 0.500000 0.856836 0.976389 0.120703
1 0.119097 0.886719 0.179861 0.095312
0 0.602083 0.851367 0.737500 0.024609
0 0.602083 0.882422 0.737500 0.021094
1 0.500000 0.065625 1.000000 0.065625
0 0.500000 0.065625 1.000000 0.065625
4 0.048611 0.020508 0.097222 0.041016
1 0.061111 0.065430 0.052778 0.041016
