4 0.526316 0.164211 0.918129 0.071924
2 0.107456 0.164211 0.040936 0.024263
1 0.095029 0.032062 0.081871 0.048527
0 0.392909 0.164211 0.339912 0.028596
4 0.526316 0.564558 0.918129 0.725303
8 0.526316 0.246101 0.918129 0.088388
1 0.141813 0.246101 0.122807 0.072790
0 0.594298 0.226170 0.755848 0.032929
0 0.358187 0.254983 0.283626 0.024697
8 0.526316 0.336222 0.918129 0.088388
1 0.141813 0.336222 0.122807 0.072790
0 0.594298 0.316291 0.755848 0.032929
0 0.358187 0.345104 0.283626 0.024697
8 0.526316 0.426343 0.918129 0.088388
1 0.141813 0.426343 0.122807 0.072790
0 0.594298 0.406412 0.755848 0.032929
0 0.358187 0.435225 0.283626 0.024697
8 0.526316 0.516464 0.918129 0.088388
1 0.141813 0.516464 0.122807 0.072790
0 0.594298 0.496534 0.755848 0.032929
0 0.358187 0.525347 0.283626 0.024697
8 0.526316 0.606586 0.918129 0.088388
1 0.141813 0.606586 0.122807 0.072790
0 0.594298 0.586655 0.755848 0.032929
0 0.358187 0.615468 0.283626 0.024697
8 0.526316 0.696707 0.918129 0.088388
1 0.141813 0.696707 0.122807 0.072790
0 0.594298 0.676776 0.755848 0.032929
0 0.358187 0.705589 0.283626 0.024697
8 0.526316 0.786828 0.918129 0.088388
1 0.141813 0.786828 0.122807 0.072790
0 0.594298 0.766898 0.755848 0.032929
0 0.358187 0.795711 0.283626 0.024697
8 0.526316 0.876950 0.918129 0.088388
1 0.141813 0.876950 0.122807 0.072790
0 0.594298 0.857019 0.755848 0.032929
0 0.358187 0.885832 0.283626 0.024697
8 0.526316 0.925043 0.918129 0.004333
3 0.855629 0.966638 0.198099 0.066724
