0 0.500000 0.066992 0.244444 0.033203
8 0.500000 0.043750 0.990278 0.087500
1 0.072917 0.127930 0.097222 0.053516
0 0.417361 0.115430 0.543056 0.028516
0 0.417361 0.153711 0.543056 0.048047
1 0.932986 0.134961 0.085417 0.048047
8 0.500000 0.136328 0.990278 0.092188
1 0.072917 0.237109 0.097222 0.054688
0 0.388889 0.224609 0.486111 0.029687
0 0.388889 0.252344 0.486111 0.025781
1 0.932986 0.237305 0.085417 0.048047
8 0.500000 0.234961 0.990278 0.099609
1 0.072917 0.324609 0.097222 0.054688
0 0.417361 0.312109 0.543056 0.029687
0 0.417361 0.350977 0.543056 0.048047
1 0.932986 0.332227 0.085417 0.048047
8 0.500000 0.333594 0.990278 0.092188
1 0.072917 0.434375 0.097222 0.054688
0 0.388889 0.421875 0.486111 0.029687
0 0.388889 0.449609 0.486111 0.025781
1 0.932986 0.434570 0.085417 0.048047
8 0.500000 0.428516 0.990278 0.092188
1 0.072917 0.529297 0.097222 0.054688
0 0.388889 0.516797 0.486111 0.029687
0 0.388889 0.544531 0.486111 0.025781
1 0.932986 0.529492 0.085417 0.048047
8 0.500000 0.527148 0.990278 0.099609
1 0.072917 0.616797 0.097222 0.054688
0 0.417361 0.604297 0.543056 0.029687
0 0.417361 0.643164 0.543056 0.048047
1 0.932986 0.624414 0.085417 0.048047
8 0.500000 0.625781 0.990278 0.092188
1 0.072917 0.726562 0.097222 0.054688
0 0.388889 0.714063 0.486111 0.029687
0 0.388889 0.741797 0.486111 0.025781
1 0.932986 0.726758 0.085417 0.048047
8 0.500000 0.720703 0.990278 0.092188
1 0.072917 0.821484 0.097222 0.054688
0 0.388889 0.808984 0.486111 0.029687
0 0.388889 0.836719 0.486111 0.025781
1 0.932986 0.821680 0.085417 0.048047
3 0.100000 0.898242 0.200000 0.072266
3 0.300000 0.898242 0.200000 0.072266
3 0.500000 0.898242 0.200000 0.072266
3 0.700000 0.898242 0.200000 0.072266
3 0.900000 0.898242 0.200000 0.072266
