0 0.468056 0.081889 0.875000 0.060659
1 0.934028 0.081889 0.055556 0.034662
4 0.500000 0.556109 0.938889 0.887782
8 0.469444 0.030329 0.938889 0.060659
2 0.058333 0.142548 0.044444 0.027730
0 0.522569 0.142548 0.884028 0.060659
8 0.469444 0.091854 0.938889 0.060659
2 0.058333 0.204073 0.044444 0.027730
0 0.522569 0.204073 0.884028 0.060659
8 0.469444 0.153380 0.938889 0.060659
2 0.058333 0.265598 0.044444 0.027730
0 0.522569 0.265598 0.884028 0.060659
8 0.469444 0.214905 0.938889 0.060659
2 0.058333 0.327123 0.044444 0.027730
0 0.522569 0.327123 0.884028 0.060659
8 0.469444 0.276430 0.938889 0.060659
2 0.058333 0.388648 0.044444 0.027730
0 0.522569 0.388648 0.884028 0.060659
8 0.469444 0.337955 0.938889 0.060659
2 0.058333 0.450173 0.044444 0.027730
0 0.522569 0.450173 0.884028 0.060659
8 0.469444 0.399480 0.938889 0.060659
2 0.058333 0.511698 0.044444 0.027730
0 0.522569 0.511698 0.884028 0.060659
8 0.469444 0.461005 0.938889 0.060659
2 0.058333 0.573224 0.044444 0.027730
0 0.522569 0.573224 0.884028 0.060659
8 0.469444 0.522530 0.938889 0.060659
2 0.058333 0.634749 0.044444 0.027730
0 0.522569 0.634749 0.884028 0.060659
8 0.469444 0.584055 0.938889 0.060659
2 0.058333 0.696274 0.044444 0.027730
0 0.522569 0.696274 0.884028 0.060659
8 0.469444 0.645581 0.938889 0.060659
2 0.058333 0.757799 0.044444 0.027730
0 0.522569 0.757799 0.884028 0.060659
8 0.469444 0.707106 0.938889 0.060659
2 0.058333 0.819324 0.044444 0.027730
0 0.522569 0.819324 0.884028 0.060659
8 0.469444 0.768631 0.938889 0.060659
2 0.058333 0.880849 0.044444 0.027730
0 0.522569 0.880849 0.884028 0.060659
8 0.469444 0.830156 0.938889 0.060659
2 0.058333 0.942374 0.044444 0.027730
0 0.522569 0.942374 0.884028 0.060659
8 0.469444 0.891681 0.938889 0.060659
2 0.058333 0.995017 0.044444 0.009965
0 0.522569 0.986785 0.884028 0.026430
