4 0.388889 0.036580 0.777778 0.073161
4 0.506250 0.516095 0.987500 0.821488
8 0.506250 0.140468 0.987500 0.070234
8 0.506250 0.211538 0.987500 0.070234
8 0.506250 0.282609 0.987500 0.070234
8 0.506250 0.353679 0.987500 0.070234
8 0.506250 0.424749 0.987500 0.070234
8 0.506250 0.495819 0.987500 0.070234
8 0.506250 0.566890 0.987500 0.070234
8 0.506250 0.637960 0.987500 0.070234
8 0.506250 0.709030 0.987500 0.070234
8 0.506250 0.780100 0.987500 0.070234
8 0.506250 0.851171 0.987500 0.070234
8 0.506250 0.906982 0.987500 0.039716
3 0.130208 0.035117 0.260417 0.070234
2 0.019444 0.070234 0.038889 0.023411
1 0.068750 0.070234 0.077778 0.046823
0 0.179167 0.070025 0.123611 0.035535
