4 0.053472 0.032191 0.106944 0.064381
1 0.053125 0.031982 0.053472 0.032191
0 0.462153 0.032191 0.710417 0.064381
4 0.900000 0.032191 0.165278 0.039298
0 0.900000 0.032191 0.165278 0.039298
4 0.500000 0.492475 1.000000 0.856187
8 0.500000 0.017977 1.000000 0.035953
1 0.134028 0.077759 0.243056 0.026756
8 0.500000 0.117057 1.000000 0.163043
1 0.134028 0.180602 0.243056 0.146321
0 0.561111 0.180393 0.561111 0.047241
1 0.927083 0.180602 0.145833 0.087793
8 0.500000 0.279682 1.000000 0.163043
1 0.134028 0.343227 0.243056 0.146321
0 0.561111 0.343018 0.561111 0.047241
1 0.927083 0.343227 0.145833 0.087793
8 0.500000 0.442308 1.000000 0.163043
1 0.134028 0.505853 0.243056 0.146321
0 0.561111 0.505644 0.561111 0.047241
1 0.927083 0.505853 0.145833 0.087793
8 0.500000 0.604933 1.000000 0.163043
1 0.134028 0.668478 0.243056 0.146321
0 0.561111 0.668478 0.561111 0.077759
1 0.927083 0.668478 0.145833 0.087793
8 0.500000 0.767559 1.000000 0.163043
1 0.134028 0.831104 0.243056 0.146321
0 0.561111 0.830895 0.561111 0.047241
1 0.927083 0.831104 0.145833 0.087793
8 0.500000 0.924331 1.000000 0.151338
4 0.100000 0.960284 0.200000 0.079431
1 0.099653 0.950460 0.072917 0.044732
0 0.100000 0.062082 0.133333 0.019649
4 0.300000 0.960284 0.200000 0.079431
1 0.299653 0.950460 0.072917 0.044732
0 0.099653 0.062082 0.050694 0.019649
4 0.500000 0.960284 0.200000 0.079431
1 0.499653 0.950460 0.072917 0.044732
0 0.099653 0.062082 0.057639 0.019649
4 0.700000 0.960284 0.200000 0.079431
1 0.699653 0.950460 0.072917 0.044732
0 0.099653 0.062082 0.074306 0.019649
4 0.900000 0.960284 0.200000 0.079431
1 0.899653 0.950460 0.072917 0.044732
