0 0.219444 0.070898 0.147222 0.036328
3 0.068056 0.038281 0.136111 0.076563
3 0.825000 0.071094 0.116667 0.065625
3 0.941667 0.071094 0.116667 0.065625
4 0.500000 0.521875 1.000000 0.825000
8 0.500000 0.150586 1.000000 0.082422
1 0.085069 0.150586 0.121528 0.068359
0 0.341319 0.150586 0.342361 0.033203
2 0.551389 0.150391 0.029167 0.016406
8 0.500000 0.234570 1.000000 0.082422
1 0.085069 0.234570 0.121528 0.068359
0 0.394792 0.234570 0.449306 0.033203
8 0.500000 0.318555 1.000000 0.082422
1 0.085069 0.318555 0.121528 0.068359
0 0.310764 0.318555 0.281250 0.033203
8 0.500000 0.402539 1.000000 0.082422
1 0.085069 0.402539 0.121528 0.068359
0 0.336458 0.402539 0.332639 0.033203
8 0.500000 0.486523 1.000000 0.082422
1 0.085069 0.486523 0.121528 0.068359
0 0.323264 0.486523 0.306250 0.033203
8 0.500000 0.570508 1.000000 0.082422
1 0.085069 0.570508 0.121528 0.068359
0 0.304861 0.570508 0.269444 0.033203
8 0.500000 0.654492 1.000000 0.082422
1 0.085069 0.654492 0.121528 0.068359
0 0.352083 0.654492 0.363889 0.033203
8 0.500000 0.738477 1.000000 0.082422
1 0.085069 0.738477 0.121528 0.068359
0 0.321181 0.738477 0.302083 0.033203
8 0.500000 0.822461 1.000000 0.082422
1 0.085069 0.822461 0.121528 0.068359
0 0.340278 0.822461 0.340278 0.033203
8 0.500000 0.899805 1.000000 0.069141
1 0.085069 0.903320 0.121528 0.062109
0 0.301042 0.906445 0.261806 0.033203
