4 0.500000 0.153209 0.805556 0.057770
0 0.451042 0.153209 0.147917 0.057770
1 0.486111 0.028716 0.077778 0.037838
3 0.500000 0.234122 0.902778 0.056757
4 0.500000 0.297804 0.902778 0.056419
1 0.904861 0.297635 0.048611 0.023649
0 0.842708 0.297635 0.060417 0.023649
0 0.435417 0.297804 0.754167 0.046959
0 0.500000 0.395777 0.473611 0.046959
6 0.902778 0.395608 0.077778 0.037838
4 0.500000 0.459291 0.902778 0.056419
0 0.500000 0.459291 0.883333 0.046959
1 0.906250 0.450676 0.061111 0.029730
3 0.500000 0.522973 0.902778 0.056757
3 0.500000 0.586824 0.902778 0.056757
3 0.500000 0.668581 0.902778 0.009459
3 0.500000 0.029561 0.777778 0.059122
4 0.100000 0.711149 0.200000 0.075676
1 0.099653 0.700169 0.085417 0.041554
0 0.099653 0.735980 0.102083 0.017905
4 0.300000 0.711149 0.200000 0.075676
1 0.299653 0.700169 0.085417 0.041554
0 0.300000 0.735980 0.136111 0.017905
4 0.500000 0.711149 0.200000 0.075676
1 0.499653 0.700169 0.085417 0.041554
0 0.500000 0.735980 0.106944 0.017905
4 0.700000 0.711149 0.200000 0.075676
1 0.699653 0.700169 0.085417 0.041554
0 0.699653 0.735980 0.070139 0.017905
4 0.900000 0.711149 0.200000 0.075676
1 0.899653 0.700169 0.085417 0.041554
0 0.900000 0.735980 0.063889 0.017905
1 0.202083 0.032939 0.326389 0.035473
3 0.931944 0.061486 0.136111 0.056757
