3 0.068056 0.038281 0.136111 0.076563
3 0.941667 0.071094 0.116667 0.065625
0 0.206944 0.070898 0.122222 0.036328
4 0.500000 0.521875 1.000000 0.825000
8 0.500000 0.054297 1.000000 0.108594
0 0.512153 0.147266 0.950694 0.061719
0 0.126389 0.198047 0.179167 0.025781
8 0.500000 0.150195 1.000000 0.080078
0 0.504167 0.243164 0.934722 0.033203
0 0.126389 0.279687 0.179167 0.025781
8 0.500000 0.246094 1.000000 0.108594
0 0.512153 0.339062 0.950694 0.061719
0 0.126389 0.389844 0.179167 0.025781
8 0.500000 0.356250 1.000000 0.108594
0 0.512153 0.449219 0.950694 0.061719
0 0.126389 0.500000 0.179167 0.025781
8 0.500000 0.452148 1.000000 0.080078
0 0.424653 0.545117 0.775694 0.033203
0 0.126389 0.581641 0.179167 0.025781
8 0.500000 0.548047 1.000000 0.108594
0 0.512153 0.641016 0.950694 0.061719
0 0.126389 0.691797 0.179167 0.025781
8 0.500000 0.658203 1.000000 0.108594
0 0.512153 0.751172 0.950694 0.061719
0 0.126389 0.801953 0.179167 0.025781
8 0.500000 0.754102 1.000000 0.080078
0 0.478472 0.847070 0.883333 0.033203
0 0.126389 0.883594 0.179167 0.025781
8 0.500000 0.850000 1.000000 0.108594
0 0.512153 0.923242 0.950694 0.022266
