3 0.191319 0.071094 0.071528 0.029687
3 0.068056 0.038281 0.136111 0.076563
3 0.708333 0.071094 0.116667 0.065625
3 0.825000 0.071094 0.116667 0.065625
3 0.941667 0.071094 0.116667 0.065625
8 0.500000 0.379688 1.000000 0.759375
4 0.500000 0.489063 1.000000 0.759375
8 0.500000 0.126172 1.000000 0.252344
4 0.500000 0.194531 1.000000 0.170313
1 0.104514 0.168164 0.121528 0.068359
1 0.065625 0.036914 0.131250 0.073828
0 0.585069 0.153320 0.752083 0.055078
0 0.585069 0.230273 0.752083 0.098828
3 0.114236 0.328906 0.228472 0.065625
3 0.819792 0.328906 0.360417 0.065625
8 0.500000 0.291602 1.000000 0.078516
4 0.500000 0.400977 1.000000 0.078516
0 0.259722 0.386914 0.470833 0.022266
0 0.480556 0.412500 0.912500 0.025781
8 0.500000 0.370117 1.000000 0.078516
4 0.500000 0.479492 1.000000 0.078516
0 0.332639 0.465430 0.581944 0.022266
0 0.489236 0.491016 0.895139 0.025781
8 0.500000 0.459766 1.000000 0.100781
4 0.500000 0.569141 1.000000 0.100781
0 0.321181 0.543945 0.525694 0.022266
0 0.497569 0.580664 0.878472 0.048047
8 0.500000 0.549414 1.000000 0.078516
4 0.500000 0.658789 1.000000 0.078516
0 0.314583 0.644727 0.479167 0.022266
0 0.505903 0.670312 0.861806 0.025781
8 0.500000 0.627930 1.000000 0.078516
4 0.500000 0.737305 1.000000 0.078516
0 0.343403 0.723242 0.503472 0.022266
0 0.514236 0.748828 0.845139 0.025781
8 0.500000 0.706445 1.000000 0.078516
4 0.500000 0.815820 1.000000 0.078516
0 0.385069 0.801758 0.620139 0.022266
0 0.505903 0.827344 0.861806 0.025781
8 0.500000 0.784961 1.000000 0.078516
4 0.500000 0.861914 1.000000 0.013672
1 0.965972 0.849609 0.058333 0.032813
1 0.095833 0.032813 0.191667 0.060156
1 0.287847 0.032813 0.192361 0.060156
1 0.480208 0.032813 0.192361 0.060156
1 0.672569 0.032813 0.192361 0.060156
1 0.894097 0.901563 0.192361 0.060156
