0 0.318403 0.070898 0.364583 0.036328
3 0.068056 0.038281 0.136111 0.076563
0 0.500000 0.147656 1.000000 0.076563
8 0.500000 0.044531 1.000000 0.089063
4 0.500000 0.229687 1.000000 0.087500
1 0.077778 0.229687 0.077778 0.043750
0 0.500000 0.229492 0.688889 0.048047
1 0.922222 0.229687 0.077778 0.043750
8 0.500000 0.133594 1.000000 0.089063
4 0.500000 0.318750 1.000000 0.087500
1 0.077778 0.318750 0.077778 0.043750
0 0.500000 0.318555 0.688889 0.048047
1 0.922222 0.318750 0.077778 0.043750
8 0.500000 0.222656 1.000000 0.089063
4 0.500000 0.407813 1.000000 0.087500
1 0.077778 0.407813 0.077778 0.043750
0 0.500000 0.407813 0.688889 0.025781
1 0.922222 0.407813 0.077778 0.043750
8 0.500000 0.311719 1.000000 0.089063
4 0.500000 0.496875 1.000000 0.087500
1 0.077778 0.496875 0.077778 0.043750
0 0.500000 0.496680 0.688889 0.048047
1 0.922222 0.496875 0.077778 0.043750
8 0.500000 0.400781 1.000000 0.089063
4 0.500000 0.585938 1.000000 0.087500
1 0.077778 0.585938 0.077778 0.043750
0 0.500000 0.585938 0.688889 0.025781
1 0.922222 0.585938 0.077778 0.043750
8 0.500000 0.489844 1.000000 0.089063
4 0.500000 0.666406 1.000000 0.070312
1 0.077778 0.675000 0.077778 0.043750
0 0.500000 0.675000 0.688889 0.025781
1 0.922222 0.675000 0.077778 0.043750
0 0.500000 0.739844 1.000000 0.076563
0 0.500000 0.809766 1.000000 0.041406
3 0.500000 0.885156 0.486111 0.054688
