4 0.500000 0.552676 1.000000 0.894649
8 0.500000 0.084448 1.000000 0.168896
8 0.139931 0.189590 0.279861 0.168478
0 0.639931 0.127090 0.681250 0.031773
0 0.639931 0.179139 0.681250 0.072324
8 0.639931 0.247492 0.720139 0.052676
1 0.048611 0.026338 0.058333 0.035117
8 0.500000 0.254181 1.000000 0.168896
8 0.139931 0.359323 0.279861 0.168478
0 0.639931 0.296823 0.681250 0.031773
0 0.639931 0.348871 0.681250 0.072324
8 0.639931 0.417224 0.720139 0.052676
8 0.500000 0.423913 1.000000 0.168896
8 0.139931 0.529055 0.279861 0.168478
0 0.639931 0.466555 0.681250 0.031773
0 0.639931 0.518604 0.681250 0.072324
8 0.639931 0.586957 0.720139 0.052676
1 0.126389 0.026338 0.058333 0.035117
8 0.500000 0.593645 1.000000 0.168896
8 0.139931 0.698788 0.279861 0.168478
0 0.639931 0.636288 0.681250 0.031773
0 0.639931 0.688336 0.681250 0.072324
8 0.639931 0.756689 0.720139 0.052676
8 0.500000 0.763378 1.000000 0.168896
8 0.139931 0.868520 0.279861 0.168478
0 0.639931 0.806020 0.681250 0.031773
0 0.639931 0.858069 0.681250 0.072324
8 0.639931 0.926421 0.720139 0.052676
8 0.500000 0.924331 1.000000 0.151338
8 0.139931 0.977007 0.279861 0.045987
0 0.639931 0.975753 0.681250 0.031773
0 0.639931 0.995819 0.681250 0.008361
3 0.231944 0.035117 0.463889 0.070234
2 0.019444 0.070234 0.038889 0.023411
1 0.068750 0.070234 0.077778 0.046823
0 0.280903 0.070025 0.327083 0.035535
3 0.931944 0.070234 0.136111 0.070234
