4 0.526316 0.527730 0.918129 0.798960
8 0.526316 0.176776 0.918129 0.072790
8 0.526316 0.249567 0.918129 0.072790
8 0.526316 0.322357 0.918129 0.072790
8 0.526316 0.395147 0.918129 0.072790
8 0.526316 0.467938 0.918129 0.072790
8 0.526316 0.540728 0.918129 0.072790
8 0.526316 0.613518 0.918129 0.072790
8 0.526316 0.686308 0.918129 0.072790
8 0.526316 0.759099 0.918129 0.072790
8 0.526316 0.831889 0.918129 0.072790
8 0.526316 0.897747 0.918129 0.058925
3 0.691886 0.966638 0.198099 0.066724
3 0.872807 0.966638 0.163743 0.066724
