4 0.500000 0.500000 1.000000 1.000000
8 0.500000 0.070443 1.000000 0.140886
3 0.495139 0.070443 0.990278 0.140886
0 0.500000 0.070861 0.980556 0.140050
8 0.500000 0.213420 1.000000 0.145903
3 0.495139 0.213420 0.990278 0.145903
0 0.500000 0.216346 0.980556 0.140050
8 0.500000 0.358905 1.000000 0.145903
3 0.495139 0.358905 0.990278 0.145903
0 0.500000 0.361831 0.980556 0.140050
8 0.500000 0.504390 1.000000 0.145903
3 0.495139 0.504390 0.990278 0.145903
0 0.500000 0.507316 0.980556 0.140050
8 0.500000 0.649875 1.000000 0.145903
3 0.495139 0.649875 0.990278 0.145903
0 0.500000 0.652801 0.980556 0.140050
8 0.500000 0.744356 1.000000 0.043896
0 0.500000 0.747283 0.980556 0.038043
8 0.500000 0.882943 1.000000 0.234114
4 0.500000 0.816472 1.000000 0.099498
4 0.500000 0.037207 1.000000 0.074415
4 0.500000 0.933110 1.000000 0.133779
0 0.499653 0.892559 0.570139 0.035117
0 0.499653 0.918687 0.570139 0.026338
4 0.069097 0.954222 0.085417 0.047241
1 0.069097 0.954222 0.046528 0.026338
4 0.934375 0.954222 0.085417 0.047241
1 0.934375 0.954222 0.046528 0.026338
4 0.841319 0.954222 0.085417 0.047241
1 0.841319 0.954222 0.046528 0.026338
1 0.499653 0.951087 0.084028 0.040970
