1 0.499653 0.478052 0.289583 0.195234
0 0.500000 0.627508 1.000000 0.045151
3 0.430556 0.962584 0.861111 0.074833
3 0.930556 0.962584 0.138889 0.074833
4 0.291667 0.552676 0.583333 0.894649
8 0.291667 0.035535 0.583333 0.071070
1 0.059722 0.140468 0.061111 0.035117
0 0.338194 0.140468 0.431944 0.070234
8 0.291667 0.106605 0.583333 0.071070
1 0.059722 0.211329 0.061111 0.033863
0 0.338194 0.211538 0.431944 0.070234
8 0.291667 0.177676 0.583333 0.071070
1 0.059722 0.282609 0.061111 0.041806
0 0.338194 0.282609 0.431944 0.070234
8 0.291667 0.248746 0.583333 0.071070
1 0.059722 0.353470 0.061111 0.033863
0 0.338194 0.353679 0.431944 0.070234
8 0.291667 0.319816 0.583333 0.071070
1 0.059722 0.424540 0.061111 0.033863
0 0.338194 0.424749 0.431944 0.070234
8 0.291667 0.390886 0.583333 0.071070
1 0.059722 0.495819 0.061111 0.035953
0 0.338194 0.495819 0.431944 0.070234
8 0.291667 0.461957 0.583333 0.071070
1 0.059722 0.566681 0.061111 0.019649
0 0.338194 0.566890 0.431944 0.070234
3 0.208681 0.035117 0.417361 0.070234
2 0.019444 0.070234 0.038889 0.023411
1 0.068750 0.070234 0.077778 0.046823
0 0.257639 0.070025 0.280556 0.035535
3 0.068056 0.035117 0.136111 0.070234
