0 0.241319 0.070898 0.190972 0.036328
3 0.068056 0.038281 0.136111 0.076563
5 0.941667 0.071094 0.116667 0.065625
1 0.941667 0.071094 0.116667 0.065625
3 0.152083 0.147656 0.304167 0.076563
8 0.500000 0.560156 1.000000 0.748437
8 0.500000 0.237891 1.000000 0.103906
1 0.092361 0.237891 0.184722 0.103906
4 0.910069 0.237695 0.179861 0.101172
0 0.502431 0.213477 0.635417 0.033203
0 0.502431 0.254102 0.635417 0.048047
8 0.500000 0.341797 1.000000 0.103906
1 0.092361 0.341797 0.184722 0.103906
4 0.910069 0.341602 0.179861 0.101172
0 0.502431 0.317383 0.635417 0.033203
0 0.502431 0.358008 0.635417 0.048047
8 0.500000 0.445703 1.000000 0.103906
1 0.092361 0.445703 0.184722 0.103906
4 0.910069 0.445508 0.179861 0.101172
0 0.502431 0.421289 0.635417 0.033203
0 0.502431 0.461914 0.635417 0.048047
8 0.500000 0.549609 1.000000 0.103906
1 0.092361 0.549609 0.184722 0.103906
4 0.910069 0.549414 0.179861 0.101172
0 0.502431 0.525195 0.635417 0.033203
0 0.502431 0.565820 0.635417 0.048047
8 0.500000 0.653516 1.000000 0.103906
1 0.092361 0.653516 0.184722 0.103906
4 0.910069 0.653320 0.179861 0.101172
0 0.502431 0.629102 0.635417 0.033203
0 0.502431 0.669727 0.635417 0.048047
8 0.500000 0.757422 1.000000 0.103906
1 0.092361 0.757422 0.184722 0.103906
4 0.910069 0.757227 0.179861 0.101172
0 0.502431 0.733008 0.635417 0.033203
0 0.502431 0.773633 0.635417 0.048047
8 0.500000 0.861328 1.000000 0.103906
1 0.092361 0.861328 0.184722 0.103906
4 0.910069 0.861133 0.179861 0.101172
0 0.502431 0.836914 0.635417 0.033203
0 0.502431 0.877539 0.635417 0.048047
8 0.500000 0.923828 1.000000 0.021094
1 0.092361 0.923828 0.184722 0.021094
4 0.910069 0.924414 0.179861 0.019922
0 0.502431 0.929297 0.635417 0.010156
