3 0.500000 0.152174 0.961111 0.070234
3 0.500000 0.223244 0.961111 0.070234
3 0.500000 0.294314 0.961111 0.070234
3 0.500000 0.365385 0.961111 0.070234
3 0.500000 0.436455 0.961111 0.070234
3 0.480556 0.390468 0.961111 0.070234
3 0.500000 0.578595 0.961111 0.070234
3 0.500000 0.649666 0.961111 0.070234
3 0.500000 0.720736 0.961111 0.070234
3 0.500000 0.791806 0.961111 0.070234
3 0.500000 0.862876 0.961111 0.070234
3 0.164236 0.035117 0.328472 0.070234
1 0.024306 0.070234 0.048611 0.028428
1 0.089931 0.070443 0.100694 0.028010
0 0.229514 0.070025 0.159028 0.035535
