3 0.068056 0.038281 0.136111 0.076563
3 0.941667 0.071094 0.116667 0.065625
0 0.317361 0.070898 0.284722 0.036328
8 0.500000 0.038867 1.000000 0.077734
3 0.500000 0.148242 1.000000 0.077734
8 0.500000 0.139453 1.000000 0.120313
3 0.500000 0.248828 1.000000 0.120313
8 0.500000 0.261328 1.000000 0.120313
3 0.500000 0.370703 1.000000 0.120313
8 0.500000 0.383203 1.000000 0.120313
3 0.500000 0.492578 1.000000 0.120313
8 0.500000 0.505078 1.000000 0.120313
3 0.500000 0.614453 1.000000 0.120313
8 0.500000 0.626953 1.000000 0.120313
3 0.500000 0.736328 1.000000 0.120313
8 0.500000 0.756836 1.000000 0.136328
3 0.500000 0.866211 1.000000 0.136328
