0 0.499653 0.064258 0.413194 0.048047
3 0.902431 0.064062 0.170139 0.045312
1 0.100000 0.896680 0.200000 0.048047
0 0.100000 0.923828 0.091667 0.021094
4 0.300000 0.903516 0.200000 0.061719
1 0.300000 0.896680 0.200000 0.048047
0 0.300000 0.923828 0.141667 0.021094
4 0.500000 0.903516 0.200000 0.061719
1 0.500000 0.896680 0.200000 0.048047
0 0.499653 0.923828 0.054861 0.021094
4 0.700000 0.903516 0.200000 0.061719
1 0.700000 0.896680 0.200000 0.048047
0 0.700000 0.923828 0.077778 0.021094
4 0.900000 0.903516 0.200000 0.061719
1 0.900000 0.896680 0.200000 0.048047
0 0.900000 0.923828 0.056944 0.021094
3 0.500000 0.173437 1.000000 0.155469
3 0.500000 0.328906 1.000000 0.155469
3 0.500000 0.484375 1.000000 0.155469
3 0.500000 0.639844 1.000000 0.155469
3 0.500000 0.795117 1.000000 0.155078
