0 0.176042 0.070898 0.274306 0.036328
4 0.500000 0.521875 1.000000 0.825000
8 0.500000 0.046094 1.000000 0.092188
8 0.500000 0.142773 1.000000 0.101172
1 0.089931 0.252148 0.121528 0.068359
0 0.288889 0.252148 0.218056 0.036328
8 0.500000 0.243945 1.000000 0.101172
1 0.089931 0.353320 0.121528 0.068359
0 0.248958 0.353320 0.138194 0.036328
8 0.500000 0.345117 1.000000 0.101172
1 0.089931 0.454492 0.121528 0.068359
0 0.271528 0.454492 0.183333 0.036328
8 0.500000 0.446289 1.000000 0.101172
1 0.089931 0.555664 0.121528 0.068359
0 0.322222 0.555664 0.284722 0.036328
8 0.500000 0.547461 1.000000 0.101172
1 0.089931 0.656836 0.121528 0.068359
0 0.395139 0.656836 0.430556 0.036328
8 0.500000 0.648633 1.000000 0.101172
1 0.089931 0.758008 0.121528 0.068359
0 0.236806 0.758008 0.113889 0.036328
8 0.500000 0.749805 1.000000 0.101172
1 0.089931 0.859180 0.121528 0.068359
0 0.501042 0.859180 0.642361 0.036328
8 0.500000 0.850977 1.000000 0.101172
1 0.089931 0.930273 0.121528 0.008203
