1 0.085069 0.070117 0.092361 0.051953
0 0.553472 0.070117 0.756944 0.033203
3 0.461111 0.056250 0.918056 0.110156
1 0.123611 0.186328 0.087500 0.049219
0 0.538889 0.172461 0.684722 0.027734
0 0.538889 0.202930 0.684722 0.022266
3 0.461111 0.163672 0.918056 0.103906
1 0.123611 0.293750 0.087500 0.049219
0 0.538889 0.293555 0.684722 0.027734
3 0.461111 0.267969 0.918056 0.103906
1 0.123611 0.398047 0.087500 0.049219
0 0.538889 0.397852 0.684722 0.027734
3 0.461111 0.372266 0.918056 0.103906
1 0.123611 0.502344 0.087500 0.049219
0 0.538889 0.502148 0.684722 0.027734
3 0.461111 0.476562 0.918056 0.103906
1 0.123611 0.606641 0.087500 0.049219
0 0.538889 0.606445 0.684722 0.027734
3 0.461111 0.580859 0.918056 0.103906
1 0.123611 0.710938 0.087500 0.049219
0 0.538889 0.710742 0.684722 0.027734
