4 0.267361 0.517559 0.534722 0.964883
8 0.267361 0.029264 0.534722 0.058528
0 0.245139 0.061455 0.416667 0.031773
8 0.267361 0.090301 0.534722 0.064381
0 0.119444 0.125418 0.165278 0.031773
8 0.267361 0.154264 0.534722 0.064381
0 0.097917 0.189381 0.122222 0.031773
8 0.267361 0.218227 0.534722 0.064381
0 0.158333 0.253344 0.243056 0.031773
8 0.267361 0.273202 0.534722 0.046405
0 0.092361 0.308319 0.170833 0.033863
8 0.267361 0.328177 0.534722 0.064381
0 0.221875 0.363294 0.370139 0.031773
8 0.267361 0.392140 0.534722 0.064381
0 0.209375 0.427258 0.345139 0.031773
8 0.267361 0.456104 0.534722 0.064381
0 0.258333 0.491221 0.443056 0.031773
8 0.267361 0.520067 0.534722 0.064381
0 0.220486 0.555184 0.367361 0.031773
8 0.267361 0.584030 0.534722 0.064381
0 0.151736 0.619147 0.229861 0.031773
8 0.267361 0.639005 0.534722 0.046405
0 0.064236 0.674122 0.114583 0.033863
8 0.267361 0.693980 0.534722 0.064381
0 0.161111 0.729097 0.248611 0.031773
8 0.267361 0.757943 0.534722 0.064381
0 0.096181 0.793060 0.118750 0.031773
8 0.267361 0.821906 0.534722 0.064381
0 0.161806 0.857023 0.250000 0.031773
8 0.267361 0.885870 0.534722 0.064381
0 0.082986 0.920987 0.092361 0.031773
8 0.267361 0.949833 0.534722 0.064381
0 0.087500 0.984532 0.101389 0.030936
5 0.773611 0.137960 0.452778 0.059365
0 0.730556 0.197533 0.343056 0.038880
0 0.771875 0.229933 0.415972 0.025920
4 0.767361 0.628763 0.465278 0.742475
8 0.500000 0.051421 1.000000 0.102843
1 0.595833 0.308737 0.097222 0.043060
0 0.769444 0.286789 0.152778 0.031773
0 0.846528 0.324833 0.306944 0.044314
8 0.500000 0.144858 1.000000 0.082358
1 0.595833 0.402383 0.097222 0.043060
0 0.825347 0.390468 0.264583 0.031773
0 0.846528 0.418269 0.306944 0.023829
8 0.500000 0.228052 1.000000 0.082358
1 0.595833 0.485577 0.097222 0.043060
0 0.759722 0.473662 0.133333 0.031773
0 0.846528 0.501463 0.306944 0.023829
8 0.500000 0.311246 1.000000 0.082358
1 0.595833 0.568771 0.097222 0.043060
0 0.840625 0.556856 0.295139 0.031773
0 0.846528 0.584657 0.306944 0.023829
8 0.500000 0.394440 1.000000 0.082358
1 0.595833 0.651965 0.097222 0.043060
0 0.818750 0.640050 0.251389 0.031773
0 0.846528 0.667851 0.306944 0.023829
8 0.500000 0.487876 1.000000 0.102843
1 0.595833 0.745192 0.097222 0.043060
0 0.817361 0.723244 0.248611 0.031773
0 0.846528 0.761288 0.306944 0.044314
8 0.500000 0.581313 1.000000 0.082358
1 0.595833 0.838838 0.097222 0.043060
0 0.846528 0.826923 0.306944 0.031773
0 0.846528 0.854724 0.306944 0.023829
8 0.500000 0.664507 1.000000 0.082358
1 0.595833 0.922032 0.097222 0.043060
0 0.796181 0.910117 0.206250 0.031773
0 0.846528 0.937918 0.306944 0.023829
8 0.500000 0.757943 1.000000 0.102843
1 0.595833 0.996865 0.097222 0.006271
0 0.846528 0.988712 0.306944 0.022575
3 0.184028 0.035117 0.368056 0.070234
1 0.608333 0.070234 0.147222 0.029264
1 0.782986 0.070234 0.220139 0.046823
