1 0.500000 0.521875 1.000000 0.825000
4 0.500000 0.487695 1.000000 0.756641
8 0.500000 0.037305 1.000000 0.074609
0 0.092708 0.146484 0.170139 0.054688
0 0.536111 0.131836 0.687500 0.036328
0 0.536111 0.164844 0.687500 0.029687
8 0.500000 0.113477 1.000000 0.074609
0 0.092708 0.222656 0.170139 0.054688
0 0.452778 0.208008 0.520833 0.036328
0 0.452778 0.241016 0.520833 0.029687
8 0.500000 0.218555 1.000000 0.132422
0 0.092708 0.327734 0.170139 0.054688
0 0.588542 0.300195 0.792361 0.068359
0 0.588542 0.362109 0.792361 0.055469
8 0.500000 0.336523 1.000000 0.100391
0 0.092708 0.445703 0.170139 0.054688
0 0.588542 0.418164 0.792361 0.036328
0 0.588542 0.464062 0.792361 0.055469
8 0.500000 0.425586 1.000000 0.074609
0 0.092708 0.534766 0.170139 0.054688
0 0.473611 0.520117 0.562500 0.036328
0 0.473611 0.553125 0.562500 0.029687
8 0.500000 0.501758 1.000000 0.074609
0 0.092708 0.610938 0.170139 0.054688
0 0.485764 0.596289 0.586806 0.036328
0 0.485764 0.629297 0.586806 0.029687
8 0.500000 0.577930 1.000000 0.074609
0 0.092708 0.687109 0.170139 0.054688
0 0.492361 0.672461 0.600000 0.036328
0 0.492361 0.705469 0.600000 0.029687
8 0.500000 0.654102 1.000000 0.074609
0 0.092708 0.763281 0.170139 0.054688
0 0.447569 0.748633 0.510417 0.036328
0 0.447569 0.781641 0.510417 0.029687
8 0.500000 0.730273 1.000000 0.074609
0 0.092708 0.839063 0.170139 0.053906
0 0.353125 0.824805 0.321528 0.036328
0 0.353125 0.854492 0.321528 0.023047
4 0.500000 0.034180 1.000000 0.068359
0 0.357292 0.070898 0.636806 0.036328
