4 0.072917 0.079013 0.145833 0.087793
1 0.072917 0.079013 0.061111 0.036789
0 0.498611 0.079013 0.116667 0.087793
4 0.778472 0.043896 0.145833 0.087793
1 0.778472 0.079013 0.048611 0.029264
4 0.927083 0.043896 0.145833 0.087793
1 0.927083 0.079013 0.061111 0.036789
4 0.500000 0.562291 1.000000 0.875418
8 0.500000 0.035117 1.000000 0.070234
0 0.436806 0.153010 0.834722 0.056856
0 0.917361 0.132525 0.087500 0.015886
8 0.500000 0.125418 1.000000 0.110368
0 0.436806 0.223453 0.834722 0.033863
0 0.436806 0.266095 0.834722 0.051421
0 0.917361 0.249164 0.087500 0.027592
8 0.500000 0.235786 1.000000 0.110368
0 0.436806 0.333821 0.834722 0.033863
0 0.436806 0.376463 0.834722 0.051421
0 0.917361 0.359532 0.087500 0.027592
8 0.500000 0.358069 1.000000 0.134197
0 0.436806 0.444189 0.834722 0.033863
0 0.436806 0.498746 0.834722 0.075251
0 0.917361 0.481605 0.087500 0.027592
8 0.500000 0.492266 1.000000 0.134197
0 0.446528 0.578386 0.854167 0.033863
0 0.446528 0.632943 0.854167 0.075251
0 0.927083 0.615803 0.068056 0.027592
8 0.500000 0.614548 1.000000 0.110368
0 0.446528 0.712584 0.854167 0.033863
0 0.446528 0.755226 0.854167 0.051421
0 0.927083 0.738294 0.068056 0.027592
8 0.500000 0.736831 1.000000 0.134197
0 0.436806 0.822952 0.834722 0.033863
0 0.436806 0.877508 0.834722 0.075251
0 0.917361 0.860368 0.087500 0.027592
8 0.500000 0.859114 1.000000 0.110368
0 0.436806 0.957149 0.834722 0.033863
0 0.436806 0.987040 0.834722 0.025920
0 0.917361 0.982860 0.087500 0.027592
0 0.500000 0.157400 1.000000 0.065635
