5 0.500000 0.153906 0.902778 0.061719
4 0.920833 0.140234 0.061111 0.034375
3 0.500000 0.913867 1.000000 0.041016
4 0.500000 0.559570 0.902778 0.667578
8 0.500000 0.259961 0.902778 0.068359
0 0.500000 0.259961 0.902778 0.068359
8 0.500000 0.329883 0.902778 0.068359
0 0.500000 0.329883 0.902778 0.068359
8 0.500000 0.399805 0.902778 0.068359
0 0.500000 0.399805 0.902778 0.068359
8 0.500000 0.469727 0.902778 0.068359
0 0.500000 0.469727 0.902778 0.068359
8 0.500000 0.539648 0.902778 0.068359
0 0.500000 0.539648 0.902778 0.068359
8 0.500000 0.609570 0.902778 0.068359
0 0.500000 0.609570 0.902778 0.068359
8 0.500000 0.679492 0.902778 0.068359
0 0.500000 0.679492 0.902778 0.068359
8 0.500000 0.749414 0.902778 0.068359
0 0.500000 0.749414 0.902778 0.068359
8 0.500000 0.819336 0.902778 0.068359
0 0.500000 0.819336 0.902778 0.068359
8 0.500000 0.874219 0.902778 0.038281
0 0.500000 0.874219 0.902778 0.038281
0 0.500000 0.071094 0.640278 0.073438
