4 0.500000 0.483398 1.000000 0.748047
8 0.500000 0.038281 1.000000 0.076563
0 0.127778 0.135547 0.197222 0.029687
0 0.904167 0.135547 0.118056 0.029687
0 0.110417 0.162500 0.162500 0.024219
0 0.904861 0.162500 0.116667 0.024219
8 0.500000 0.114844 1.000000 0.076563
0 0.164583 0.212109 0.270833 0.029687
0 0.893403 0.212109 0.139583 0.029687
0 0.110417 0.239063 0.162500 0.024219
0 0.904861 0.239063 0.116667 0.024219
8 0.500000 0.191406 1.000000 0.076563
0 0.144444 0.288672 0.230556 0.029687
0 0.914931 0.288672 0.096528 0.029687
0 0.922917 0.315625 0.080556 0.024219
0 0.139583 0.878320 0.279167 0.031641
0 0.660417 0.878320 0.679167 0.031641
0 0.100347 0.914258 0.200694 0.031641
0 0.621181 0.914258 0.757639 0.031641
4 0.313542 0.071094 0.354861 0.076563
0 0.291667 0.071094 0.261111 0.035156
2 0.456597 0.070898 0.043750 0.024609
3 0.068056 0.038281 0.136111 0.076563
3 0.941667 0.071094 0.116667 0.065625
