0 0.259375 0.071094 0.168750 0.035156
3 0.068056 0.038281 0.136111 0.076563
3 0.818750 0.071094 0.116667 0.065625
3 0.938542 0.071094 0.122917 0.065625
8 0.500000 0.131055 1.000000 0.037891
0 0.094097 0.132422 0.134028 0.035156
8 0.500000 0.188477 1.000000 0.076953
8 0.500000 0.188477 0.955556 0.068359
1 0.097569 0.188477 0.150694 0.068359
6 0.938889 0.188477 0.077778 0.068359
0 0.295139 0.188477 0.244444 0.068359
8 0.500000 0.265430 1.000000 0.076953
8 0.500000 0.265430 0.955556 0.068359
1 0.097569 0.265430 0.150694 0.068359
6 0.938889 0.265430 0.077778 0.068359
0 0.392014 0.265430 0.438194 0.068359
8 0.500000 0.342383 1.000000 0.076953
8 0.500000 0.342383 0.955556 0.068359
1 0.097569 0.342383 0.150694 0.068359
6 0.938889 0.342383 0.077778 0.068359
0 0.250347 0.342383 0.154861 0.068359
8 0.500000 0.419336 1.000000 0.076953
8 0.500000 0.419336 0.955556 0.068359
1 0.097569 0.419336 0.150694 0.068359
6 0.938889 0.419336 0.077778 0.068359
0 0.342708 0.419336 0.339583 0.068359
8 0.500000 0.484961 1.000000 0.054297
0 0.077083 0.494531 0.100000 0.035156
8 0.500000 0.550586 1.000000 0.076953
8 0.500000 0.550586 0.955556 0.068359
1 0.097569 0.550586 0.150694 0.068359
6 0.938889 0.550586 0.077778 0.068359
0 0.334375 0.550586 0.322917 0.068359
8 0.500000 0.627539 1.000000 0.076953
8 0.500000 0.627539 0.955556 0.068359
1 0.097569 0.627539 0.150694 0.068359
0 0.248958 0.627539 0.152083 0.068359
8 0.500000 0.704492 1.000000 0.076953
8 0.500000 0.704492 0.955556 0.068359
1 0.097569 0.704492 0.150694 0.068359
0 0.300347 0.704492 0.254861 0.068359
8 0.500000 0.781445 1.000000 0.076953
8 0.500000 0.781445 0.955556 0.068359
1 0.097569 0.781445 0.150694 0.068359
0 0.252778 0.781445 0.159722 0.068359
8 0.500000 0.858398 1.000000 0.076953
8 0.500000 0.858398 0.955556 0.068359
1 0.097569 0.858398 0.150694 0.068359
0 0.302083 0.858398 0.258333 0.068359
8 0.500000 0.915625 1.000000 0.037500
8 0.500000 0.917773 0.955556 0.033203
1 0.097569 0.917773 0.150694 0.033203
0 0.275347 0.917773 0.204861 0.033203
