3 0.063194 0.088086 0.048611 0.027734
3 0.920139 0.088281 0.081944 0.035937
0 0.482986 0.088086 0.415972 0.042578
0 0.500000 0.191016 0.922222 0.050781
4 0.500000 0.507422 0.922222 0.582031
8 0.500000 0.241797 0.922222 0.050781
8 0.500000 0.300781 0.922222 0.065625
0 0.070486 0.300781 0.063194 0.035937
0 0.587500 0.300781 0.747222 0.035937
0 0.897917 0.300586 0.048611 0.027734
8 0.500000 0.367188 0.922222 0.065625
0 0.079861 0.367188 0.081944 0.035937
0 0.587500 0.367188 0.747222 0.035937
0 0.897917 0.366992 0.048611 0.027734
8 0.500000 0.433594 0.922222 0.065625
0 0.079861 0.433594 0.081944 0.035937
0 0.587500 0.433594 0.747222 0.035937
0 0.897917 0.433398 0.048611 0.027734
8 0.500000 0.500000 0.922222 0.065625
0 0.079861 0.500000 0.081944 0.035937
0 0.587500 0.500000 0.747222 0.035937
0 0.897917 0.499805 0.048611 0.027734
8 0.500000 0.566406 0.922222 0.065625
0 0.080208 0.566406 0.063194 0.035937
0 0.587500 0.566406 0.747222 0.035937
0 0.897917 0.566211 0.048611 0.027734
8 0.500000 0.632812 0.922222 0.065625
0 0.079861 0.632812 0.081944 0.035937
0 0.587500 0.632812 0.747222 0.035937
0 0.897917 0.632617 0.048611 0.027734
8 0.500000 0.699219 0.922222 0.065625
0 0.079861 0.699219 0.081944 0.035937
0 0.587500 0.699219 0.747222 0.035937
0 0.897917 0.699023 0.048611 0.027734
8 0.500000 0.765625 0.922222 0.065625
0 0.079861 0.765625 0.081944 0.035937
0 0.587500 0.765625 0.747222 0.035937
0 0.897917 0.765430 0.048611 0.027734
3 0.493750 0.871484 0.909722 0.082031
