3 0.825000 0.076563 0.116667 0.065625
3 0.941667 0.076563 0.116667 0.065625
3 0.068056 0.043750 0.136111 0.076563
3 0.287500 0.076367 0.302778 0.063672
3 0.250000 0.147656 0.500000 0.054688
3 0.750000 0.147656 0.500000 0.054688
8 0.500000 0.378906 1.000000 0.757812
0 0.414931 0.215430 0.717361 0.033203
3 0.873264 0.210352 0.150694 0.044922
4 0.107292 0.284961 0.102083 0.057422
4 0.304514 0.284961 0.102083 0.057422
4 0.501736 0.284961 0.102083 0.057422
4 0.699653 0.284961 0.102083 0.057422
4 0.897569 0.284961 0.102083 0.057422
0 0.414931 0.361914 0.717361 0.033203
3 0.873264 0.356836 0.150694 0.044922
4 0.107292 0.431445 0.102083 0.057422
4 0.304514 0.431445 0.102083 0.057422
4 0.501736 0.431445 0.102083 0.057422
4 0.699653 0.431445 0.102083 0.057422
4 0.897569 0.431445 0.102083 0.057422
0 0.414931 0.508398 0.717361 0.033203
3 0.873264 0.503320 0.150694 0.044922
4 0.107292 0.577930 0.102083 0.057422
4 0.304514 0.577930 0.102083 0.057422
4 0.501736 0.577930 0.102083 0.057422
4 0.699653 0.577930 0.102083 0.057422
4 0.897569 0.577930 0.102083 0.057422
0 0.182639 0.663867 0.248611 0.033203
3 0.878472 0.655273 0.145833 0.044922
3 0.623958 0.757422 0.293750 0.054688
3 0.873264 0.757422 0.156250 0.054688
