1 0.499653 0.175585 0.432639 0.087793
5 0.500000 0.253344 0.834722 0.055184
3 0.250000 0.338002 0.500000 0.061455
3 0.750000 0.338002 0.500000 0.061455
8 0.500000 0.315635 1.000000 0.631271
4 0.500000 0.395067 1.000000 0.052676
0 0.171875 0.394858 0.265972 0.024666
1 0.931944 0.026338 0.058333 0.035117
4 0.500000 0.710702 1.000000 0.578595
8 0.500000 0.046823 1.000000 0.093645
0 0.500000 0.451505 0.922222 0.031773
0 0.131250 0.488503 0.184722 0.024666
0 0.236111 0.488503 0.025000 0.024666
0 0.367014 0.488503 0.236806 0.024666
8 0.500000 0.140886 1.000000 0.093645
0 0.500000 0.545569 0.922222 0.031773
0 0.135764 0.582567 0.193750 0.024666
0 0.245139 0.582567 0.025000 0.024666
0 0.387500 0.582567 0.259722 0.024666
8 0.500000 0.234950 1.000000 0.093645
0 0.500000 0.639632 0.922222 0.031773
0 0.135417 0.676630 0.193056 0.024666
0 0.244444 0.676630 0.025000 0.024666
0 0.396528 0.676630 0.279167 0.024666
8 0.500000 0.329013 1.000000 0.093645
0 0.500000 0.733696 0.922222 0.031773
0 0.131944 0.770694 0.186111 0.024666
0 0.237500 0.770694 0.025000 0.024666
0 0.379861 0.770694 0.259722 0.024666
8 0.500000 0.423077 1.000000 0.093645
0 0.500000 0.827759 0.922222 0.031773
0 0.130208 0.864758 0.182639 0.024666
0 0.234028 0.864758 0.025000 0.024666
0 0.380556 0.864758 0.268056 0.024666
8 0.500000 0.517140 1.000000 0.093645
0 0.500000 0.921823 0.922222 0.031773
0 0.133333 0.958821 0.188889 0.024666
0 0.240278 0.958821 0.025000 0.024666
0 0.382639 0.958821 0.259722 0.024666
8 0.500000 0.611204 1.000000 0.093645
3 0.058681 0.035117 0.117361 0.070234
2 0.019444 0.070234 0.038889 0.023411
1 0.068750 0.070234 0.077778 0.046823
