8 0.500000 0.412500 1.000000 0.825000
8 0.500000 0.062891 0.956944 0.125781
8 0.500000 0.172266 0.956944 0.125781
1 0.147917 0.170898 0.243056 0.123047
0 0.602083 0.120313 0.626389 0.021875
0 0.339931 0.174609 0.049306 0.014844
0 0.340278 0.197656 0.009722 0.025781
0 0.445139 0.174609 0.061111 0.014844
0 0.445139 0.197656 0.009722 0.025781
0 0.560417 0.174609 0.076389 0.014844
0 0.560417 0.197656 0.009722 0.025781
0 0.676042 0.174609 0.049306 0.014844
0 0.676042 0.197656 0.029861 0.025781
0 0.367361 0.145117 0.156944 0.022266
2 0.943403 0.120117 0.034028 0.021484
8 0.500000 0.195703 0.956944 0.139844
8 0.500000 0.305078 0.956944 0.139844
1 0.147917 0.305078 0.243056 0.134375
0 0.602083 0.257227 0.626389 0.027734
0 0.339931 0.314453 0.049306 0.014844
0 0.340278 0.337500 0.009722 0.025781
0 0.445139 0.314453 0.061111 0.014844
0 0.445139 0.337500 0.009722 0.025781
0 0.560417 0.314453 0.076389 0.014844
0 0.560417 0.337500 0.009722 0.025781
0 0.676042 0.314453 0.049306 0.014844
0 0.676042 0.337500 0.009028 0.025781
0 0.367361 0.284961 0.156944 0.022266
1 0.943403 0.258008 0.034028 0.025391
8 0.500000 0.335547 0.956944 0.139844
8 0.500000 0.444922 0.956944 0.139844
1 0.147917 0.444922 0.243056 0.134375
0 0.602083 0.397070 0.626389 0.027734
0 0.339931 0.454297 0.049306 0.014844
0 0.340278 0.477344 0.009722 0.025781
0 0.445139 0.454297 0.061111 0.014844
0 0.445139 0.477344 0.009722 0.025781
0 0.560417 0.454297 0.076389 0.014844
0 0.560417 0.477344 0.009722 0.025781
0 0.676042 0.454297 0.049306 0.014844
0 0.676389 0.477344 0.009722 0.025781
0 0.425347 0.424805 0.272917 0.022266
1 0.943403 0.397852 0.034028 0.025391
8 0.500000 0.475391 0.956944 0.139844
8 0.500000 0.584766 0.956944 0.139844
1 0.147917 0.584766 0.243056 0.134375
0 0.602083 0.536914 0.626389 0.027734
0 0.339931 0.594141 0.049306 0.014844
0 0.340278 0.617188 0.009722 0.025781
0 0.445139 0.594141 0.061111 0.014844
0 0.445139 0.617188 0.009722 0.025781
0 0.560417 0.594141 0.076389 0.014844
0 0.560417 0.617188 0.009722 0.025781
0 0.676042 0.594141 0.049306 0.014844
0 0.676042 0.617188 0.029861 0.025781
0 0.361458 0.564648 0.145139 0.022266
1 0.943403 0.537695 0.034028 0.025391
8 0.500000 0.615234 0.956944 0.139844
8 0.500000 0.724609 0.956944 0.139844
1 0.147917 0.724609 0.243056 0.134375
0 0.602083 0.676758 0.626389 0.027734
0 0.339931 0.733984 0.049306 0.014844
0 0.340278 0.757031 0.009722 0.025781
0 0.445139 0.733984 0.061111 0.014844
0 0.445139 0.757031 0.009722 0.025781
0 0.560417 0.733984 0.076389 0.014844
0 0.560417 0.757031 0.009722 0.025781
0 0.676042 0.733984 0.049306 0.014844
0 0.676042 0.757031 0.029861 0.025781
0 0.356597 0.704492 0.135417 0.022266
1 0.943403 0.677539 0.034028 0.025391
8 0.500000 0.755078 0.956944 0.139844
8 0.500000 0.864453 0.956944 0.139844
1 0.147917 0.864453 0.243056 0.134375
0 0.602083 0.816602 0.626389 0.027734
0 0.339931 0.873828 0.049306 0.014844
0 0.340278 0.896875 0.009722 0.025781
0 0.445139 0.873828 0.061111 0.014844
0 0.445139 0.896875 0.009722 0.025781
0 0.560417 0.873828 0.076389 0.014844
0 0.560417 0.896875 0.009722 0.025781
0 0.676042 0.873828 0.049306 0.014844
0 0.676042 0.896875 0.009028 0.025781
0 0.368056 0.844336 0.158333 0.022266
1 0.943403 0.817383 0.034028 0.025391
3 0.068056 0.038281 0.136111 0.076563
0 0.383333 0.070898 0.475000 0.036328
4 0.698611 0.071094 0.136111 0.076563
1 0.698611 0.071094 0.136111 0.049219
3 0.825000 0.071094 0.116667 0.065625
3 0.941667 0.071094 0.116667 0.065625
