7 0.125000 0.032813 0.250000 0.065625
0 0.125000 0.065625 0.191667 0.027344
7 0.375000 0.032813 0.250000 0.065625
0 0.375000 0.065625 0.191667 0.027344
7 0.625000 0.032813 0.250000 0.065625
0 0.625000 0.065625 0.191667 0.027344
7 0.875000 0.032813 0.250000 0.065625
0 0.875000 0.065625 0.191667 0.027344
8 0.500000 0.016992 1.000000 0.033984
4 0.500000 0.174023 1.000000 0.068359
0 0.411806 0.106641 0.750000 0.016406
8 0.500000 0.279687 1.000000 0.467969
0 0.512153 0.162305 0.975694 0.036328
4 0.500000 0.034180 1.000000 0.068359
1 0.060764 0.228320 0.072917 0.041016
0 0.509028 0.228320 0.750000 0.033203
4 0.500000 0.104102 1.000000 0.068359
1 0.060764 0.298242 0.072917 0.041016
0 0.509028 0.298242 0.750000 0.033203
1 0.060764 0.368164 0.072917 0.041016
0 0.509028 0.368164 0.750000 0.033203
4 0.500000 0.243945 1.000000 0.068359
1 0.060764 0.438086 0.072917 0.041016
0 0.509028 0.438086 0.750000 0.033203
4 0.500000 0.313867 1.000000 0.068359
1 0.060764 0.508008 0.072917 0.041016
0 0.509028 0.508008 0.750000 0.033203
4 0.500000 0.383789 1.000000 0.068359
1 0.060764 0.577930 0.072917 0.041016
0 0.509028 0.577930 0.750000 0.033203
8 0.500000 0.689453 1.000000 0.328125
0 0.512153 0.641992 0.975694 0.036328
1 0.060764 0.708008 0.072917 0.041016
0 0.509028 0.708008 0.750000 0.033203
1 0.060764 0.777930 0.072917 0.041016
0 0.509028 0.777930 0.750000 0.033203
1 0.060764 0.847852 0.072917 0.041016
0 0.509028 0.847852 0.750000 0.033203
1 0.060764 0.915820 0.072917 0.037109
0 0.509028 0.917773 0.750000 0.033203
