4 0.500000 0.383211 1.000000 0.766421
0 0.146528 0.058154 0.215278 0.029798
3 0.941667 0.058315 0.116667 0.053829
4 0.500000 0.428068 1.000000 0.676706
0 0.512153 0.124960 0.897917 0.034604
6 0.512153 0.171419 0.897917 0.035886
6 0.512153 0.207305 0.897917 0.035886
6 0.512153 0.243191 0.897917 0.035886
6 0.512153 0.279077 0.897917 0.035886
6 0.512153 0.314963 0.897917 0.035886
6 0.512153 0.350849 0.897917 0.035886
6 0.512153 0.386735 0.897917 0.035886
6 0.512153 0.422621 0.897917 0.035886
6 0.512153 0.458507 0.897917 0.035886
0 0.512153 0.504966 0.897917 0.034604
6 0.512153 0.551426 0.897917 0.035886
6 0.512153 0.587312 0.897917 0.035886
6 0.512153 0.606056 0.897917 0.001602
3 0.500000 0.633771 0.922222 0.053829
0 0.500000 0.704582 0.922222 0.087792
