7 0.265465 0.032813 0.083831 0.065625
0 0.029117 0.142187 0.058234 0.025781
7 0.335218 0.032813 0.055674 0.065625
0 0.095030 0.142187 0.037756 0.025781
7 0.393771 0.032813 0.061433 0.065625
0 0.153584 0.142187 0.043515 0.025781
7 0.459471 0.032813 0.069966 0.065625
0 0.219283 0.142187 0.052048 0.025781
7 0.540209 0.032813 0.091510 0.065625
0 0.285196 0.142187 0.043942 0.025781
8 0.153584 0.554688 0.307167 0.759375
8 0.153584 0.189062 0.307167 0.028125
1 0.153584 0.189062 0.307167 0.028125
8 0.153584 0.292187 0.307167 0.156250
1 0.153584 0.292187 0.307167 0.156250
8 0.153584 0.459375 0.307167 0.156250
1 0.153584 0.459375 0.307167 0.156250
8 0.153584 0.626563 0.307167 0.156250
1 0.153584 0.626563 0.307167 0.156250
8 0.153584 0.793750 0.307167 0.156250
1 0.153584 0.793750 0.307167 0.156250
8 0.153584 0.908594 0.307167 0.051562
3 0.055247 0.914062 0.098549 0.040625
3 0.153690 0.914062 0.098336 0.040625
3 0.252026 0.914062 0.098336 0.040625
4 0.132466 0.091602 0.241041 0.035547
1 0.274317 0.091602 0.041809 0.035547
4 0.217577 0.071094 0.035836 0.065625
1 0.017918 0.032813 0.029863 0.054688
4 0.253413 0.071094 0.035836 0.065625
0 0.260879 0.057422 0.014932 0.027344
4 0.289249 0.071094 0.035836 0.065625
4 0.020904 0.038281 0.041809 0.076563
1 0.053008 0.038086 0.022398 0.041016
