4 0.500000 0.500000 1.000000 1.000000
8 0.695609 0.085607 0.608782 0.079022
8 0.695609 0.164628 0.608782 0.079022
8 0.695609 0.243650 0.608782 0.079022
8 0.695609 0.322672 0.608782 0.079022
8 0.695609 0.401693 0.608782 0.079022
8 0.695609 0.480715 0.608782 0.079022
8 0.695609 0.559737 0.608782 0.079022
8 0.695609 0.638758 0.608782 0.079022
8 0.695609 0.717780 0.608782 0.079022
8 0.695609 0.796802 0.608782 0.079022
8 0.695609 0.875823 0.608782 0.079022
8 0.695609 0.954845 0.608782 0.079022
8 0.695609 0.997178 0.608782 0.005644
