3 0.063194 0.041441 0.126389 0.027627
4 0.621181 0.020720 0.367361 0.041441
0 0.639583 0.041441 0.315278 0.018747
4 0.853472 0.020720 0.097222 0.041441
1 0.853819 0.041441 0.067361 0.031080
4 0.950694 0.020720 0.097222 0.041441
1 0.951042 0.041441 0.067361 0.031080
4 0.500000 0.027750 1.000000 0.055501
1 0.114931 0.089788 0.181250 0.055254
0 0.270833 0.089788 0.081944 0.018747
4 0.500000 0.083251 1.000000 0.055501
1 0.114931 0.145289 0.181250 0.055254
0 0.289583 0.145289 0.119444 0.018747
4 0.500000 0.138752 1.000000 0.055501
1 0.114931 0.200789 0.181250 0.055254
0 0.326736 0.200789 0.193750 0.018747
4 0.500000 0.194253 1.000000 0.055501
1 0.114931 0.256290 0.181250 0.055254
0 0.340278 0.256290 0.220833 0.018747
4 0.500000 0.249753 1.000000 0.055501
1 0.114931 0.311791 0.181250 0.055254
0 0.319097 0.311791 0.178472 0.018747
4 0.500000 0.305254 1.000000 0.055501
1 0.114931 0.367292 0.181250 0.055254
0 0.280208 0.367292 0.100694 0.018747
4 0.500000 0.360755 1.000000 0.055501
1 0.114931 0.422792 0.181250 0.055254
0 0.278125 0.422792 0.096528 0.018747
4 0.500000 0.416256 1.000000 0.055501
1 0.114931 0.478293 0.181250 0.055254
0 0.307292 0.478293 0.154861 0.018747
4 0.500000 0.471756 1.000000 0.055501
1 0.114931 0.533794 0.181250 0.055254
0 0.306944 0.533794 0.154167 0.018747
4 0.500000 0.527257 1.000000 0.055501
1 0.114931 0.575851 0.181250 0.028367
0 0.299653 0.584978 0.139583 0.010113
