0 0.509722 0.070898 0.727778 0.036328
3 0.068056 0.038281 0.136111 0.076563
3 0.941667 0.071094 0.116667 0.065625
4 0.500000 0.472656 0.975000 0.712500
8 0.500000 0.150391 0.965278 0.057031
0 0.500000 0.150391 0.965278 0.057031
8 0.500000 0.208984 0.965278 0.057031
0 0.500000 0.208984 0.965278 0.057031
8 0.500000 0.267578 0.965278 0.057031
0 0.500000 0.267578 0.965278 0.057031
8 0.500000 0.326172 0.965278 0.057031
0 0.500000 0.326172 0.965278 0.057031
8 0.500000 0.384766 0.965278 0.057031
0 0.500000 0.384766 0.965278 0.057031
8 0.500000 0.443359 0.965278 0.057031
0 0.500000 0.443359 0.965278 0.057031
8 0.500000 0.501953 0.965278 0.057031
0 0.500000 0.501953 0.965278 0.057031
8 0.500000 0.560547 0.965278 0.057031
0 0.500000 0.560547 0.965278 0.057031
8 0.500000 0.619141 0.965278 0.057031
0 0.500000 0.619141 0.965278 0.057031
8 0.500000 0.677734 0.965278 0.057031
0 0.500000 0.677734 0.965278 0.057031
8 0.500000 0.736328 0.965278 0.057031
0 0.500000 0.736328 0.965278 0.057031
8 0.500000 0.794922 0.965278 0.057031
0 0.500000 0.794922 0.965278 0.057031
