6 0.125000 0.899805 0.250000 0.055078
6 0.375000 0.899805 0.250000 0.055078
6 0.625000 0.899805 0.250000 0.055078
6 0.875000 0.899805 0.250000 0.055078
8 0.465972 0.324219 0.931944 0.648438
0 0.155903 0.089453 0.243750 0.025781
8 0.465972 0.033984 0.931944 0.067969
0 0.109375 0.146875 0.092361 0.025781
0 0.190972 0.147070 0.051389 0.018359
1 0.340278 0.146875 0.077778 0.043750
0 0.606597 0.146875 0.406250 0.025781
0 0.887847 0.146875 0.117361 0.025781
8 0.465972 0.101758 0.931944 0.068359
0 0.088194 0.214844 0.050000 0.025781
0 0.148611 0.215039 0.051389 0.018359
1 0.340278 0.214844 0.077778 0.043750
0 0.606597 0.214844 0.406250 0.025781
0 0.887847 0.214844 0.117361 0.025781
8 0.465972 0.169727 0.931944 0.068359
0 0.092014 0.282813 0.057639 0.025781
0 0.156250 0.283008 0.051389 0.018359
1 0.340278 0.282813 0.077778 0.043750
0 0.606597 0.282813 0.406250 0.025781
0 0.887847 0.282813 0.117361 0.025781
8 0.465972 0.237695 0.931944 0.068359
0 0.097222 0.350781 0.068056 0.025781
0 0.166667 0.350977 0.051389 0.018359
1 0.340278 0.350781 0.077778 0.043750
0 0.606597 0.350781 0.406250 0.025781
0 0.887847 0.350781 0.117361 0.025781
8 0.465972 0.305664 0.931944 0.068359
0 0.090972 0.418750 0.055556 0.025781
0 0.154167 0.418945 0.051389 0.018359
1 0.340278 0.418750 0.077778 0.043750
0 0.616319 0.418750 0.425694 0.025781
0 0.897569 0.418750 0.097917 0.025781
8 0.465972 0.373633 0.931944 0.068359
0 0.096528 0.486719 0.066667 0.025781
0 0.165278 0.486914 0.051389 0.018359
1 0.340278 0.486719 0.077778 0.043750
0 0.616319 0.486719 0.425694 0.025781
0 0.897569 0.486719 0.097917 0.025781
8 0.465972 0.441602 0.931944 0.068359
0 0.092014 0.554688 0.057639 0.025781
0 0.156250 0.554883 0.051389 0.018359
1 0.340278 0.554688 0.077778 0.043750
0 0.616319 0.554688 0.425694 0.025781
0 0.897569 0.554688 0.097917 0.025781
8 0.465972 0.509570 0.931944 0.068359
0 0.082292 0.622656 0.038194 0.025781
0 0.136806 0.622852 0.051389 0.018359
1 0.340278 0.622656 0.077778 0.043750
0 0.616319 0.622656 0.425694 0.025781
0 0.897569 0.622656 0.097917 0.025781
8 0.465972 0.577539 0.931944 0.068359
0 0.088194 0.690625 0.050000 0.025781
0 0.148611 0.690820 0.051389 0.018359
1 0.340278 0.690625 0.077778 0.043750
0 0.616319 0.690625 0.425694 0.025781
0 0.897569 0.690625 0.097917 0.025781
8 0.500000 0.794922 0.931944 0.139844
3 0.500000 0.805859 0.931944 0.117969
4 0.500000 0.805859 0.931944 0.117969
4 0.500000 0.811328 0.906944 0.107031
1 0.500000 0.811328 0.906944 0.107031
0 0.110417 0.038086 0.152778 0.036328
