8 0.450000 0.078947 0.800000 0.097744
0 0.523214 0.251343 0.460714 0.036520
0 0.873214 0.251343 0.239286 0.037594
8 0.450000 0.176692 0.800000 0.097744
0 0.523214 0.349087 0.460714 0.036520
0 0.873214 0.349087 0.239286 0.037594
8 0.450000 0.274436 0.800000 0.097744
0 0.523214 0.446831 0.460714 0.036520
0 0.873214 0.446831 0.239286 0.037594
8 0.450000 0.372180 0.800000 0.097744
0 0.523214 0.544576 0.460714 0.036520
0 0.873214 0.544576 0.239286 0.037594
8 0.450000 0.469925 0.800000 0.097744
0 0.523214 0.642320 0.460714 0.036520
0 0.873214 0.642320 0.239286 0.037594
8 0.450000 0.567669 0.800000 0.097744
0 0.523214 0.740064 0.460714 0.036520
0 0.873214 0.740064 0.239286 0.037594
8 0.450000 0.665414 0.800000 0.097744
0 0.523214 0.837809 0.460714 0.036520
0 0.873214 0.837809 0.239286 0.037594
8 0.450000 0.763158 0.800000 0.097744
0 0.523214 0.935553 0.460714 0.036520
0 0.873214 0.935553 0.239286 0.037594
8 0.450000 0.860902 0.800000 0.097744
