4 0.096181 0.067383 0.192361 0.069141
1 0.077778 0.034375 0.058333 0.032813
0 0.161806 0.067383 0.061111 0.027734
5 0.500000 0.139063 0.951389 0.046875
4 0.512153 0.555273 0.975694 0.758203
8 0.512153 0.182422 0.975694 0.012500
8 0.512153 0.212109 0.975694 0.043750
8 0.512153 0.257422 0.975694 0.043750
8 0.512153 0.302734 0.975694 0.043750
8 0.512153 0.348047 0.975694 0.043750
8 0.512153 0.393359 0.975694 0.043750
8 0.512153 0.438672 0.975694 0.043750
8 0.512153 0.483984 0.975694 0.043750
8 0.512153 0.529297 0.975694 0.043750
8 0.512153 0.574609 0.975694 0.043750
8 0.512153 0.619922 0.975694 0.043750
8 0.512153 0.665234 0.975694 0.043750
8 0.512153 0.710547 0.975694 0.043750
8 0.512153 0.755859 0.975694 0.043750
8 0.512153 0.801172 0.975694 0.043750
8 0.512153 0.846484 0.975694 0.043750
8 0.512153 0.891797 0.975694 0.043750
8 0.512153 0.924805 0.975694 0.019141
