0 0.500000 0.142383 1.000000 0.066016
4 0.500000 0.554883 1.000000 0.758984
8 0.500000 0.043750 1.000000 0.087500
8 0.157986 0.218945 0.242361 0.051172
5 0.635069 0.219141 0.218750 0.039844
0 0.635069 0.219141 0.193750 0.025781
5 0.853819 0.219141 0.218750 0.039844
0 0.853819 0.219141 0.193750 0.025781
8 0.500000 0.131641 1.000000 0.087500
8 0.153472 0.306836 0.233333 0.051172
8 0.944097 0.307031 0.111806 0.087500
8 0.500000 0.219531 1.000000 0.087500
8 0.125694 0.394727 0.177778 0.051172
8 0.944097 0.394922 0.111806 0.087500
8 0.500000 0.307422 1.000000 0.087500
8 0.211806 0.482617 0.350000 0.051172
8 0.944097 0.482812 0.111806 0.087500
8 0.500000 0.395313 1.000000 0.087500
8 0.161806 0.570508 0.250000 0.051172
8 0.944097 0.570703 0.111806 0.087500
8 0.500000 0.483203 1.000000 0.087500
8 0.194444 0.658398 0.315278 0.051172
8 0.944097 0.658594 0.111806 0.087500
8 0.500000 0.571094 1.000000 0.087500
8 0.186806 0.746289 0.300000 0.051172
8 0.944097 0.746484 0.111806 0.087500
8 0.500000 0.658984 1.000000 0.087500
8 0.194097 0.834180 0.314583 0.051172
8 0.944097 0.834375 0.111806 0.087500
8 0.500000 0.746875 1.000000 0.087500
8 0.175000 0.915430 0.276389 0.037891
8 0.944097 0.906445 0.111806 0.055859
0 0.227431 0.070898 0.163194 0.036328
3 0.068056 0.038281 0.136111 0.076563
3 0.905556 0.071094 0.188889 0.065625
