5 0.359028 0.071094 0.445833 0.051562
0 0.248958 0.071094 0.225694 0.051562
3 0.068056 0.038281 0.136111 0.076563
3 0.931944 0.071094 0.136111 0.065625
8 0.500000 0.052930 1.000000 0.105859
1 0.092014 0.162305 0.170139 0.084766
0 0.398264 0.134766 0.442361 0.029687
0 0.819444 0.193555 0.327778 0.022266
8 0.500000 0.158789 1.000000 0.105859
1 0.092014 0.268164 0.170139 0.084766
0 0.381944 0.240625 0.409722 0.029687
0 0.834375 0.299414 0.297917 0.022266
8 0.500000 0.264648 1.000000 0.105859
4 0.500000 0.052930 0.986111 0.095703
1 0.092014 0.374023 0.170139 0.084766
3 0.551042 0.346484 0.747917 0.029687
3 0.580208 0.395703 0.806250 0.041406
1 0.954167 0.342578 0.058333 0.021875
8 0.500000 0.370508 1.000000 0.105859
1 0.092014 0.479883 0.170139 0.084766
0 0.580208 0.465234 0.806250 0.055469
0 0.801042 0.511133 0.364583 0.022266
8 0.500000 0.476367 1.000000 0.105859
1 0.092014 0.585742 0.170139 0.084766
0 0.385764 0.558203 0.417361 0.029687
0 0.801042 0.616992 0.364583 0.022266
8 0.500000 0.582227 1.000000 0.105859
1 0.092014 0.691602 0.170139 0.084766
0 0.436806 0.664062 0.519444 0.029687
0 0.819444 0.722852 0.327778 0.022266
8 0.500000 0.688086 1.000000 0.105859
1 0.092014 0.797461 0.170139 0.084766
0 0.402778 0.769922 0.451389 0.029687
0 0.827431 0.828711 0.311806 0.022266
8 0.500000 0.793945 1.000000 0.105859
1 0.092014 0.863477 0.170139 0.005078
0 0.423611 0.863477 0.493056 0.005078
3 0.500000 0.034180 1.000000 0.068359
