4 0.099653 0.066263 0.140972 0.062291
1 0.060764 0.066263 0.063194 0.027174
0 0.500000 0.066263 0.941667 0.023829
4 0.500000 0.551630 1.000000 0.873328
8 0.500000 0.035117 1.000000 0.070234
1 0.499653 0.150084 0.609028 0.046823
8 0.500000 0.238712 1.000000 0.105351
1 0.121528 0.234114 0.097222 0.058528
0 0.245139 0.238503 0.150000 0.031355
1 0.878472 0.238712 0.068056 0.040970
8 0.500000 0.344900 1.000000 0.105351
1 0.121528 0.340301 0.097222 0.058528
0 0.255208 0.344691 0.170139 0.031355
1 0.878472 0.344900 0.068056 0.040970
8 0.500000 0.451087 1.000000 0.105351
1 0.121528 0.446488 0.097222 0.058528
0 0.255208 0.450878 0.170139 0.031355
1 0.878472 0.451087 0.068056 0.040970
8 0.500000 0.557274 1.000000 0.105351
1 0.121528 0.552676 0.097222 0.058528
0 0.234028 0.557065 0.127778 0.031355
1 0.878472 0.557274 0.068056 0.040970
8 0.500000 0.663462 1.000000 0.105351
1 0.121528 0.658863 0.097222 0.058528
0 0.276389 0.663253 0.212500 0.031355
1 0.878472 0.663462 0.068056 0.040970
8 0.500000 0.769649 1.000000 0.105351
1 0.121528 0.765050 0.097222 0.058528
0 0.234375 0.769440 0.128472 0.031355
1 0.878472 0.769649 0.068056 0.040970
8 0.500000 0.875836 1.000000 0.105351
1 0.121528 0.871237 0.097222 0.058528
0 0.267708 0.875627 0.195139 0.031355
1 0.878472 0.875836 0.068056 0.040970
8 0.500000 0.958821 1.000000 0.058946
1 0.121528 0.968227 0.097222 0.040134
0 0.304861 0.977216 0.269444 0.022157
1 0.878472 0.974916 0.068056 0.026756
