1 0.068056 0.071094 0.136111 0.076563
0 0.314931 0.071094 0.357639 0.076563
8 0.500000 0.033203 1.000000 0.066406
1 0.097222 0.124023 0.116667 0.029297
0 0.422222 0.118164 0.455556 0.017578
8 0.500000 0.128711 1.000000 0.124609
1 0.097222 0.230469 0.116667 0.065625
0 0.362500 0.207617 0.336111 0.036328
0 0.585069 0.249805 0.781250 0.048047
8 0.500000 0.253320 1.000000 0.124609
1 0.097222 0.355078 0.116667 0.065625
0 0.434722 0.332227 0.480556 0.036328
0 0.585069 0.374414 0.781250 0.048047
8 0.500000 0.377930 1.000000 0.124609
1 0.097222 0.479687 0.116667 0.065625
0 0.248264 0.456836 0.107639 0.036328
0 0.570833 0.487891 0.752778 0.025781
8 0.500000 0.530273 1.000000 0.180078
1 0.097222 0.604297 0.116667 0.065625
0 0.297569 0.581445 0.206250 0.036328
0 0.585069 0.657031 0.781250 0.114844
8 0.500000 0.682617 1.000000 0.124609
1 0.097222 0.784375 0.116667 0.065625
0 0.389583 0.761523 0.390278 0.036328
0 0.472917 0.792578 0.556944 0.025781
8 0.500000 0.807227 1.000000 0.124609
1 0.097222 0.905273 0.116667 0.058203
0 0.331944 0.886133 0.275000 0.036328
0 0.585069 0.919336 0.781250 0.030078
