0 0.349653 0.070703 0.427083 0.028125
4 0.776736 0.070898 0.427083 0.041797
0 0.880556 0.058789 0.141667 0.017578
0 0.813194 0.079687 0.208333 0.024219
2 0.939236 0.082422 0.024306 0.010937
4 0.068056 0.038281 0.136111 0.076563
4 0.500000 0.568359 1.000000 0.732031
8 0.500000 0.032813 1.000000 0.065625
0 0.223958 0.235156 0.370139 0.028125
8 0.500000 0.100000 1.000000 0.065625
0 0.196528 0.302344 0.315278 0.028125
8 0.500000 0.167187 1.000000 0.065625
0 0.173958 0.369531 0.270139 0.028125
8 0.500000 0.234375 1.000000 0.065625
0 0.243056 0.436719 0.408333 0.028125
8 0.500000 0.301563 1.000000 0.065625
0 0.166667 0.503906 0.255556 0.028125
8 0.500000 0.368750 1.000000 0.065625
0 0.386806 0.571094 0.695833 0.028125
8 0.500000 0.435937 1.000000 0.065625
0 0.321875 0.638281 0.565972 0.028125
8 0.500000 0.503125 1.000000 0.065625
0 0.169792 0.705469 0.261806 0.028125
8 0.500000 0.570312 1.000000 0.065625
0 0.143750 0.772656 0.209722 0.028125
1 0.072917 0.150391 0.116667 0.032813
5 0.546181 0.150391 0.829861 0.065625
