4 0.500000 0.517559 1.000000 0.824415
8 0.500000 0.033027 1.000000 0.066054
8 0.232986 0.138378 0.465972 0.066054
6 0.922222 0.138378 0.155556 0.066054
8 0.500000 0.099916 1.000000 0.066054
8 0.165278 0.205268 0.330556 0.066054
6 0.922222 0.205268 0.155556 0.066054
8 0.500000 0.166806 1.000000 0.066054
8 0.181944 0.272157 0.363889 0.066054
6 0.922222 0.272157 0.155556 0.066054
8 0.500000 0.233696 1.000000 0.066054
8 0.180556 0.339047 0.361111 0.066054
6 0.922222 0.339047 0.155556 0.066054
8 0.500000 0.300585 1.000000 0.066054
8 0.174653 0.405936 0.349306 0.066054
6 0.922222 0.405936 0.155556 0.066054
8 0.500000 0.367475 1.000000 0.066054
8 0.218403 0.472826 0.436806 0.066054
6 0.922222 0.472826 0.155556 0.066054
8 0.500000 0.434365 1.000000 0.066054
8 0.161458 0.539716 0.322917 0.066054
6 0.922222 0.539716 0.155556 0.066054
8 0.500000 0.501254 1.000000 0.066054
8 0.175347 0.606605 0.350694 0.066054
6 0.922222 0.606605 0.155556 0.066054
8 0.500000 0.568144 1.000000 0.066054
8 0.195833 0.673495 0.391667 0.066054
6 0.922222 0.673495 0.155556 0.066054
8 0.500000 0.635033 1.000000 0.066054
8 0.178819 0.740385 0.357639 0.066054
6 0.922222 0.740385 0.155556 0.066054
8 0.500000 0.701923 1.000000 0.066054
8 0.206944 0.807274 0.413889 0.066054
6 0.922222 0.807274 0.155556 0.066054
8 0.500000 0.768813 1.000000 0.066054
8 0.151389 0.874164 0.302778 0.066054
6 0.922222 0.874164 0.155556 0.066054
8 0.500000 0.835702 1.000000 0.066054
8 0.167708 0.918896 0.335417 0.021739
6 0.922222 0.918896 0.155556 0.021739
3 0.166667 0.964883 0.333333 0.070234
3 0.500000 0.964883 0.333333 0.070234
3 0.833333 0.964883 0.333333 0.070234
3 0.159722 0.035117 0.279167 0.070234
1 0.068750 0.070234 0.077778 0.046823
0 0.198611 0.070025 0.162500 0.035535
