4 0.500000 0.520508 1.000000 0.827734
3 0.500000 0.413867 1.000000 0.827734
1 0.163194 0.641602 0.145833 0.030078
4 0.250000 0.032813 0.500000 0.065625
0 0.249653 0.139453 0.250694 0.029687
4 0.750000 0.032813 0.500000 0.065625
0 0.750000 0.139453 0.308333 0.029687
8 0.500000 0.381055 1.000000 0.762109
8 0.500000 0.041602 1.000000 0.083203
4 0.500000 0.213281 0.922222 0.082031
1 0.076736 0.213086 0.075694 0.042578
0 0.299306 0.213281 0.291667 0.029687
8 0.500000 0.124414 1.000000 0.079297
0 0.215278 0.296484 0.352778 0.029687
1 0.925694 0.296680 0.070833 0.035547
4 0.893056 0.874219 0.136111 0.076563
4 0.168750 0.069727 0.337500 0.073828
1 0.060417 0.069531 0.051389 0.021875
0 0.229514 0.069727 0.215972 0.073828
