1 0.068056 0.071094 0.058333 0.076563
0 0.278125 0.071094 0.284028 0.023438
4 0.500000 0.254688 0.945833 0.243750
1 0.160764 0.254492 0.189583 0.123047
0 0.372569 0.240430 0.111806 0.028516
0 0.625347 0.272461 0.617361 0.021484
4 0.500000 0.520312 0.945833 0.243750
1 0.136458 0.520117 0.140972 0.095703
0 0.311111 0.494727 0.086111 0.028516
0 0.601042 0.538086 0.665972 0.044141
4 0.500000 0.786133 0.945833 0.244141
1 0.150347 0.786133 0.168750 0.119141
0 0.459375 0.771680 0.327083 0.028516
0 0.614931 0.803711 0.638194 0.021484
