3 0.068056 0.038281 0.136111 0.076563
0 0.328472 0.070898 0.306944 0.033203
1 0.343750 0.016602 0.048611 0.012109
0 0.709028 0.070898 0.306944 0.033203
3 0.937500 0.071094 0.125000 0.065625
3 0.125000 0.143555 0.250000 0.068359
3 0.500000 0.143555 0.500000 0.068359
3 0.875000 0.143555 0.250000 0.068359
1 0.053472 0.210938 0.058333 0.032813
0 0.535417 0.211133 0.880556 0.051953
4 0.250000 0.900195 0.500000 0.068359
0 0.250000 0.900195 0.097222 0.068359
2 0.315972 0.885156 0.019444 0.010937
4 0.750000 0.900195 0.500000 0.068359
0 0.749653 0.900195 0.081250 0.068359
2 0.807639 0.885156 0.019444 0.010937
8 0.500000 0.310547 1.000000 0.621094
8 0.115278 0.303125 0.156944 0.047656
8 0.089236 0.349805 0.104861 0.031641
8 0.314236 0.273438 0.047917 0.029687
8 0.439931 0.273438 0.154861 0.029687
8 0.472569 0.311133 0.364583 0.031641
8 0.412153 0.349805 0.243750 0.031641
8 0.937847 0.288281 0.075694 0.029687
8 0.922569 0.326953 0.106250 0.047656
8 0.115278 0.437891 0.156944 0.047656
8 0.089236 0.484570 0.104861 0.031641
8 0.191667 0.486719 0.075000 0.024219
8 0.335417 0.408203 0.090278 0.029687
8 0.493056 0.408203 0.176389 0.029687
8 0.377083 0.445898 0.173611 0.031641
8 0.412153 0.484570 0.243750 0.031641
8 0.937847 0.423047 0.075694 0.029687
8 0.922569 0.461719 0.106250 0.047656
8 0.115278 0.572656 0.156944 0.047656
8 0.089236 0.619336 0.104861 0.031641
8 0.191667 0.621484 0.075000 0.024219
8 0.335417 0.542969 0.090278 0.029687
8 0.493056 0.542969 0.176389 0.029687
8 0.377083 0.580664 0.173611 0.031641
8 0.412153 0.619336 0.243750 0.031641
8 0.937847 0.557813 0.075694 0.029687
8 0.922569 0.596484 0.106250 0.047656
8 0.115278 0.707422 0.156944 0.047656
8 0.089236 0.754102 0.104861 0.031641
8 0.191667 0.756250 0.075000 0.024219
8 0.335417 0.677734 0.090278 0.029687
8 0.493056 0.677734 0.176389 0.029687
8 0.377083 0.715430 0.173611 0.031641
8 0.412153 0.754102 0.243750 0.031641
8 0.937847 0.692578 0.075694 0.029687
8 0.922569 0.731250 0.106250 0.047656
