3 0.068056 0.038281 0.136111 0.076563
0 0.360069 0.070898 0.370139 0.036328
3 0.500000 0.142187 1.000000 0.065625
8 0.500000 0.277344 1.000000 0.204687
0 0.499653 0.208594 0.235417 0.035156
4 0.087847 0.049414 0.175694 0.098828
1 0.323611 0.286523 0.077778 0.035547
4 0.263542 0.049414 0.175694 0.098828
1 0.499653 0.286328 0.034028 0.038281
4 0.439236 0.049414 0.175694 0.098828
1 0.675347 0.286328 0.063194 0.027344
8 0.500000 0.443359 1.000000 0.127344
1 0.139583 0.443359 0.129167 0.072656
0 0.343403 0.425781 0.136806 0.025781
0 0.357986 0.458984 0.165972 0.029687
4 0.924653 0.443164 0.121528 0.068359
1 0.924306 0.442969 0.048611 0.027344
8 0.500000 0.570703 1.000000 0.127344
1 0.139583 0.570703 0.129167 0.072656
0 0.343403 0.553125 0.136806 0.025781
0 0.403472 0.586328 0.256944 0.029687
4 0.924653 0.570508 0.121528 0.068359
1 0.924306 0.570312 0.048611 0.027344
8 0.500000 0.698047 1.000000 0.127344
1 0.139583 0.698047 0.129167 0.072656
0 0.343403 0.680469 0.136806 0.025781
0 0.463889 0.713672 0.377778 0.029687
4 0.924653 0.697852 0.121528 0.068359
1 0.924306 0.697656 0.048611 0.027344
8 0.500000 0.825391 1.000000 0.127344
1 0.139583 0.825391 0.129167 0.072656
0 0.328819 0.807813 0.107639 0.025781
0 0.377778 0.841016 0.205556 0.029687
4 0.924653 0.825195 0.121528 0.068359
1 0.924306 0.825000 0.048611 0.027344
8 0.500000 0.911719 1.000000 0.045312
1 0.139583 0.925391 0.129167 0.017969
0 0.343403 0.928320 0.136806 0.012109
4 0.924653 0.926367 0.121528 0.016016
