3 0.068056 0.038281 0.136111 0.076563
0 0.287847 0.070898 0.284028 0.036328
7 0.166667 0.032813 0.333333 0.065625
0 0.166319 0.142187 0.138194 0.025781
7 0.500000 0.032813 0.333333 0.065625
0 0.499653 0.142187 0.152083 0.025781
7 0.833333 0.032813 0.333333 0.065625
0 0.832986 0.142187 0.107639 0.025781
8 0.500000 0.379688 1.000000 0.759375
4 0.500000 0.554688 1.000000 0.759375
8 0.500000 0.037695 1.000000 0.075391
0 0.500000 0.212695 1.000000 0.075391
8 0.500000 0.114648 1.000000 0.075391
0 0.500000 0.289648 1.000000 0.075391
8 0.500000 0.191602 1.000000 0.075391
0 0.500000 0.366602 1.000000 0.075391
8 0.500000 0.268555 1.000000 0.075391
0 0.500000 0.443555 1.000000 0.075391
8 0.500000 0.345508 1.000000 0.075391
0 0.500000 0.520508 1.000000 0.075391
