4 0.500000 0.521875 1.000000 0.825000
8 0.500000 0.034180 1.000000 0.068359
0 0.500000 0.143359 0.933333 0.025781
8 0.500000 0.104102 1.000000 0.068359
0 0.500000 0.213281 0.933333 0.025781
8 0.500000 0.174023 1.000000 0.068359
0 0.500000 0.283203 0.933333 0.025781
8 0.500000 0.243945 1.000000 0.068359
0 0.500000 0.353125 0.933333 0.025781
8 0.500000 0.313867 1.000000 0.068359
0 0.500000 0.423047 0.933333 0.025781
8 0.500000 0.383789 1.000000 0.068359
0 0.500000 0.492969 0.933333 0.025781
8 0.500000 0.453711 1.000000 0.068359
0 0.500000 0.562891 0.933333 0.025781
8 0.500000 0.523633 1.000000 0.068359
0 0.500000 0.632812 0.933333 0.025781
8 0.500000 0.593555 1.000000 0.068359
0 0.500000 0.702734 0.933333 0.025781
8 0.500000 0.663477 1.000000 0.068359
0 0.500000 0.772656 0.933333 0.025781
8 0.500000 0.733398 1.000000 0.068359
0 0.500000 0.842578 0.933333 0.025781
8 0.500000 0.803320 1.000000 0.068359
0 0.500000 0.912500 0.933333 0.025781
0 0.339583 0.071094 0.387500 0.036719
3 0.068056 0.038281 0.136111 0.076563
