3 0.105903 0.070025 0.163194 0.036371
4 0.500000 0.132107 1.000000 0.047659
1 0.047917 0.130435 0.051389 0.029264
0 0.536806 0.130644 0.887500 0.038880
4 0.249653 0.035117 0.499306 0.070234
0 0.249653 0.191054 0.072917 0.030936
4 0.750347 0.035117 0.499306 0.070234
0 0.750000 0.191054 0.073611 0.030936
4 0.500000 0.579431 1.000000 0.706522
8 0.500000 0.506271 1.000000 0.560201
0 0.183681 0.257943 0.313194 0.030936
3 0.799653 0.257943 0.346528 0.030936
4 0.472917 0.062082 0.945833 0.124164
0 0.156250 0.296196 0.237500 0.041388
0 0.427431 0.340092 0.779861 0.041388
0 0.845486 0.376254 0.234028 0.030936
0 0.385417 0.376254 0.676389 0.030936
1 0.500000 0.396112 0.945833 0.002926
4 0.472917 0.186246 0.945833 0.124164
0 0.231944 0.420360 0.388889 0.041388
0 0.346875 0.464256 0.618750 0.041388
0 0.845486 0.500418 0.234028 0.030936
0 0.385417 0.500418 0.676389 0.030936
1 0.500000 0.520276 0.945833 0.002926
4 0.472917 0.310410 0.945833 0.124164
0 0.165972 0.544523 0.256944 0.041388
0 0.346875 0.588420 0.618750 0.041388
0 0.845486 0.624582 0.234028 0.030936
0 0.385417 0.624582 0.676389 0.030936
1 0.500000 0.644440 0.945833 0.002926
4 0.472917 0.434574 0.945833 0.124164
0 0.224653 0.668687 0.374306 0.041388
0 0.346875 0.712584 0.618750 0.041388
0 0.845486 0.748746 0.234028 0.030936
0 0.385417 0.748746 0.676389 0.030936
8 0.500000 0.683737 1.000000 0.243729
4 0.500000 0.813336 1.000000 0.050585
0 0.402431 0.813336 0.789583 0.041388
4 0.500000 0.887751 1.000000 0.089883
0 0.414236 0.863503 0.803472 0.041388
0 0.898264 0.899666 0.188194 0.030936
0 0.410764 0.908445 0.777083 0.048495
3 0.499653 0.966137 0.821528 0.052676
