4 0.500000 0.517559 1.000000 0.964883
8 0.500000 0.070234 1.000000 0.070234
8 0.500000 0.141304 1.000000 0.070234
8 0.500000 0.212375 1.000000 0.070234
8 0.500000 0.283445 1.000000 0.070234
8 0.500000 0.354515 1.000000 0.070234
8 0.500000 0.425585 1.000000 0.070234
8 0.500000 0.496656 1.000000 0.070234
8 0.500000 0.567726 1.000000 0.070234
8 0.500000 0.638796 1.000000 0.070234
8 0.500000 0.709866 1.000000 0.070234
8 0.500000 0.780936 1.000000 0.070234
8 0.500000 0.852007 1.000000 0.070234
8 0.500000 0.923077 1.000000 0.070234
8 0.500000 0.979515 1.000000 0.040970
