0 0.293403 0.070898 0.236806 0.036328
3 0.068056 0.038281 0.136111 0.076563
4 0.941667 0.071094 0.116667 0.065625
3 0.388889 0.034180 0.777778 0.068359
4 0.500000 0.389453 1.000000 0.423438
8 0.500000 0.030078 1.000000 0.060156
0 0.062847 0.207813 0.120139 0.043750
8 0.500000 0.090625 1.000000 0.060156
0 0.082292 0.268359 0.159028 0.043750
8 0.500000 0.151172 1.000000 0.060156
0 0.096875 0.328906 0.188194 0.043750
8 0.500000 0.211719 1.000000 0.060156
0 0.193056 0.389453 0.380556 0.043750
8 0.500000 0.272266 1.000000 0.060156
0 0.111111 0.450000 0.216667 0.043750
8 0.500000 0.332813 1.000000 0.060156
0 0.195139 0.510547 0.384722 0.043750
8 0.500000 0.393359 1.000000 0.060156
0 0.168750 0.571094 0.331944 0.043750
