0 0.270833 0.070898 0.463889 0.036328
5 0.831944 0.071094 0.116667 0.065625
1 0.831944 0.071094 0.116667 0.065625
3 0.165278 0.038281 0.097222 0.065625
7 0.250000 0.027344 0.500000 0.054688
0 0.249653 0.136719 0.090972 0.029687
7 0.750000 0.027344 0.500000 0.054688
0 0.749653 0.136719 0.127083 0.029687
8 0.500000 0.385156 1.000000 0.770312
4 0.500000 0.549219 1.000000 0.770312
8 0.500000 0.211914 1.000000 0.095703
1 0.097569 0.211914 0.121528 0.068359
0 0.526736 0.199023 0.663194 0.036328
0 0.904861 0.203320 0.093056 0.022266
0 0.573264 0.230078 0.756250 0.025781
8 0.500000 0.309180 1.000000 0.095703
1 0.097569 0.309180 0.121528 0.068359
0 0.510764 0.296289 0.631250 0.036328
0 0.888889 0.300586 0.125000 0.022266
0 0.573264 0.327344 0.756250 0.025781
8 0.500000 0.406445 1.000000 0.095703
1 0.097569 0.406445 0.121528 0.068359
0 0.519097 0.393555 0.647917 0.036328
0 0.897222 0.397852 0.108333 0.022266
0 0.573264 0.424609 0.756250 0.025781
8 0.500000 0.503711 1.000000 0.095703
1 0.097569 0.503711 0.121528 0.068359
0 0.510764 0.490820 0.631250 0.036328
0 0.888889 0.495117 0.125000 0.022266
0 0.573264 0.521875 0.756250 0.025781
8 0.500000 0.600977 1.000000 0.095703
1 0.097569 0.600977 0.121528 0.068359
0 0.519097 0.588086 0.647917 0.036328
0 0.897222 0.592383 0.108333 0.022266
0 0.573264 0.619141 0.756250 0.025781
8 0.500000 0.698242 1.000000 0.095703
1 0.097569 0.698242 0.121528 0.068359
0 0.519097 0.685352 0.647917 0.036328
0 0.897222 0.689648 0.108333 0.022266
0 0.573264 0.716406 0.756250 0.025781
8 0.500000 0.795508 1.000000 0.095703
1 0.097569 0.795508 0.121528 0.068359
0 0.519097 0.782617 0.647917 0.036328
0 0.897222 0.786133 0.108333 0.022266
0 0.573264 0.813672 0.756250 0.025781
4 0.895139 0.875391 0.136111 0.076563
