3 0.068056 0.038281 0.136111 0.076563
3 0.825000 0.071094 0.116667 0.065625
3 0.941667 0.071094 0.116667 0.065625
1 0.176389 0.038281 0.080556 0.045312
3 0.114931 0.133203 0.152083 0.047656
3 0.500000 0.133203 0.213889 0.047656
3 0.888889 0.133203 0.144444 0.047656
5 0.500000 0.191406 1.000000 0.060156
4 0.500000 0.581445 1.000000 0.705859
8 0.500000 0.048633 1.000000 0.097266
0 0.500000 0.243359 1.000000 0.029687
0 0.500000 0.291992 1.000000 0.067578
8 0.500000 0.132617 1.000000 0.067578
0 0.500000 0.361133 1.000000 0.067578
8 0.500000 0.201758 1.000000 0.067578
0 0.500000 0.430273 1.000000 0.067578
8 0.500000 0.270898 1.000000 0.067578
0 0.500000 0.499414 1.000000 0.067578
8 0.500000 0.340039 1.000000 0.067578
0 0.500000 0.568555 1.000000 0.067578
8 0.500000 0.409180 1.000000 0.067578
0 0.500000 0.637695 1.000000 0.067578
8 0.500000 0.478320 1.000000 0.067578
0 0.500000 0.706836 1.000000 0.067578
8 0.500000 0.547461 1.000000 0.067578
0 0.500000 0.775977 1.000000 0.067578
8 0.500000 0.616602 1.000000 0.067578
0 0.500000 0.845117 1.000000 0.067578
8 0.500000 0.685742 1.000000 0.067578
0 0.500000 0.907422 1.000000 0.053906
