4 0.500000 0.521875 1.000000 0.825000
4 0.500000 0.032813 1.000000 0.065625
0 0.500000 0.143359 1.000000 0.065625
4 0.500000 0.098437 1.000000 0.065625
0 0.500000 0.208984 1.000000 0.065625
3 0.500000 0.588086 1.000000 0.692578
8 0.500000 0.274609 1.000000 0.065625
0 0.500000 0.274609 1.000000 0.065625
8 0.500000 0.340234 1.000000 0.065625
0 0.500000 0.340234 1.000000 0.065625
8 0.500000 0.405859 1.000000 0.065625
0 0.500000 0.405859 1.000000 0.065625
8 0.500000 0.471484 1.000000 0.065625
0 0.500000 0.471484 1.000000 0.065625
8 0.500000 0.537109 1.000000 0.065625
0 0.500000 0.537109 1.000000 0.065625
8 0.500000 0.602734 1.000000 0.065625
0 0.500000 0.602734 1.000000 0.065625
8 0.500000 0.668359 1.000000 0.065625
0 0.500000 0.668359 1.000000 0.065625
8 0.500000 0.733984 1.000000 0.065625
0 0.500000 0.733984 1.000000 0.065625
8 0.500000 0.799609 1.000000 0.065625
0 0.500000 0.799609 1.000000 0.065625
8 0.500000 0.865234 1.000000 0.065625
0 0.500000 0.865234 1.000000 0.065625
8 0.500000 0.916211 1.000000 0.036328
0 0.500000 0.916211 1.000000 0.036328
4 0.304167 0.071094 0.608333 0.065625
1 0.058333 0.071094 0.116667 0.065625
1 0.118056 0.071094 0.002778 0.043750
0 0.345139 0.071094 0.416667 0.065625
1 0.666667 0.071094 0.116667 0.065625
1 0.726389 0.071094 0.002778 0.043750
3 0.863889 0.071094 0.272222 0.065625
0 0.870833 0.063086 0.025000 0.033203
0 0.847917 0.081250 0.070833 0.018750
1 0.941667 0.071094 0.116667 0.065625
