7 0.125000 0.032813 0.250000 0.065625
7 0.375000 0.032813 0.250000 0.065625
7 0.625000 0.032813 0.250000 0.065625
7 0.875000 0.032813 0.250000 0.065625
8 0.500000 0.516406 1.000000 0.835938
8 0.500000 0.068359 1.000000 0.136719
0 0.499653 0.166797 0.513194 0.055469
8 0.500000 0.184570 1.000000 0.095703
1 0.109375 0.283008 0.121528 0.068359
0 0.263889 0.270313 0.050000 0.033594
0 0.413889 0.270313 0.225000 0.033594
0 0.267708 0.299805 0.047917 0.025391
3 0.864931 0.282813 0.147917 0.059375
8 0.500000 0.280273 1.000000 0.095703
1 0.109375 0.378711 0.121528 0.068359
0 0.263889 0.366016 0.050000 0.033594
0 0.448264 0.366016 0.293750 0.033594
0 0.267708 0.395508 0.047917 0.025391
3 0.864931 0.378516 0.147917 0.059375
8 0.500000 0.375977 1.000000 0.095703
1 0.109375 0.474414 0.121528 0.068359
0 0.263889 0.461719 0.050000 0.033594
0 0.430208 0.461719 0.257639 0.033594
0 0.267708 0.491211 0.047917 0.025391
3 0.864931 0.474219 0.147917 0.059375
8 0.500000 0.471680 1.000000 0.095703
1 0.109375 0.570117 0.121528 0.068359
0 0.263889 0.557422 0.050000 0.033594
0 0.407292 0.557422 0.211806 0.033594
0 0.267708 0.586914 0.047917 0.025391
3 0.864931 0.569922 0.147917 0.059375
8 0.500000 0.567383 1.000000 0.095703
1 0.109375 0.665820 0.121528 0.068359
0 0.263889 0.653125 0.050000 0.033594
0 0.413542 0.653125 0.224306 0.033594
0 0.267708 0.682617 0.047917 0.025391
3 0.864931 0.665625 0.147917 0.059375
8 0.500000 0.663086 1.000000 0.095703
1 0.109375 0.761523 0.121528 0.068359
0 0.263889 0.748828 0.050000 0.033594
0 0.348264 0.748828 0.093750 0.033594
0 0.282292 0.778320 0.077083 0.025391
3 0.864931 0.761328 0.147917 0.059375
8 0.500000 0.758789 1.000000 0.095703
1 0.109375 0.857227 0.121528 0.068359
0 0.263889 0.844531 0.050000 0.033594
0 0.429167 0.844531 0.255556 0.033594
0 0.282292 0.874023 0.077083 0.025391
3 0.864931 0.857031 0.147917 0.059375
8 0.500000 0.854492 1.000000 0.095703
1 0.109375 0.926562 0.121528 0.015625
0 0.263889 0.928906 0.050000 0.010937
0 0.409028 0.928906 0.215278 0.010937
3 0.864931 0.928711 0.147917 0.011328
