4 0.500000 0.521875 1.000000 0.825000
8 0.500000 0.038281 1.000000 0.076563
1 0.068056 0.147656 0.087500 0.049219
0 0.068056 0.147461 0.048611 0.033203
0 0.201042 0.147461 0.129861 0.036328
8 0.500000 0.116406 1.000000 0.076563
1 0.068056 0.225781 0.087500 0.049219
0 0.068056 0.225586 0.048611 0.033203
0 0.201042 0.225586 0.129861 0.036328
8 0.500000 0.194531 1.000000 0.076563
1 0.068056 0.303906 0.087500 0.049219
0 0.068056 0.303711 0.048611 0.033203
0 0.176389 0.303711 0.080556 0.036328
8 0.500000 0.272656 1.000000 0.076563
1 0.068056 0.382031 0.087500 0.049219
0 0.067708 0.382031 0.052083 0.024219
0 0.189931 0.381836 0.107639 0.036328
8 0.500000 0.350781 1.000000 0.076563
1 0.068056 0.460156 0.087500 0.049219
0 0.067708 0.460156 0.052083 0.024219
0 0.189931 0.459961 0.107639 0.036328
8 0.500000 0.428906 1.000000 0.076563
1 0.068056 0.538281 0.087500 0.049219
0 0.068056 0.538086 0.048611 0.033203
0 0.176389 0.538086 0.080556 0.036328
8 0.500000 0.507031 1.000000 0.076563
1 0.068056 0.616406 0.087500 0.049219
0 0.067708 0.616406 0.052083 0.024219
0 0.189931 0.616211 0.107639 0.036328
8 0.500000 0.585156 1.000000 0.076563
1 0.068056 0.694531 0.087500 0.049219
0 0.067708 0.694531 0.052083 0.024219
0 0.189931 0.694336 0.107639 0.036328
8 0.500000 0.663281 1.000000 0.076563
1 0.068056 0.772656 0.087500 0.049219
0 0.067708 0.772656 0.052083 0.024219
0 0.189931 0.772461 0.107639 0.036328
8 0.500000 0.741406 1.000000 0.076563
1 0.068056 0.850781 0.087500 0.049219
0 0.067708 0.850781 0.052083 0.024219
0 0.189931 0.850586 0.107639 0.036328
8 0.500000 0.819531 1.000000 0.076563
1 0.068056 0.919336 0.087500 0.030078
0 0.067708 0.925586 0.052083 0.017578
0 0.189931 0.922461 0.107639 0.023828
0 0.363889 0.070898 0.436111 0.036328
3 0.068056 0.038281 0.136111 0.076563
