5 0.500000 0.070703 0.975000 0.061719
1 0.090278 0.070703 0.077778 0.032813
5 0.548611 0.069922 0.838889 0.049219
3 0.259722 0.135156 0.480556 0.053125
3 0.740278 0.135156 0.480556 0.053125
8 0.500000 0.514648 1.000000 0.691797
8 0.500000 0.029687 1.000000 0.057031
0 0.500000 0.198437 0.902778 0.029687
8 0.500000 0.103320 1.000000 0.087891
0 0.493750 0.272070 0.890278 0.033203
0 0.945139 0.271875 0.012500 0.010937
8 0.500000 0.192383 1.000000 0.087891
0 0.493750 0.361133 0.890278 0.033203
0 0.945139 0.360938 0.012500 0.010937
8 0.500000 0.281445 1.000000 0.087891
0 0.493750 0.450195 0.890278 0.033203
0 0.945139 0.450000 0.012500 0.010937
8 0.500000 0.355078 1.000000 0.057031
0 0.500000 0.523828 0.902778 0.029687
8 0.500000 0.428711 1.000000 0.087891
0 0.493750 0.597461 0.890278 0.033203
0 0.945139 0.597266 0.012500 0.010937
8 0.500000 0.517773 1.000000 0.087891
0 0.493750 0.686523 0.890278 0.033203
0 0.945139 0.686328 0.012500 0.010937
8 0.500000 0.606836 1.000000 0.087891
0 0.493750 0.775586 0.890278 0.033203
0 0.945139 0.775391 0.012500 0.010937
8 0.500000 0.695898 1.000000 0.087891
0 0.493750 0.854297 0.890278 0.012500
0 0.945139 0.859766 0.012500 0.001563
3 0.100000 0.898242 0.200000 0.072266
3 0.300000 0.898242 0.200000 0.072266
3 0.500000 0.898242 0.200000 0.072266
3 0.700000 0.898242 0.200000 0.072266
3 0.900000 0.898242 0.200000 0.072266
