4 0.500000 0.552885 1.000000 0.894231
8 0.500000 0.070443 1.000000 0.140886
1 0.145833 0.176212 0.291667 0.131689
1 0.941667 0.176003 0.077778 0.046823
0 0.357639 0.150293 0.131944 0.038043
0 0.493403 0.182901 0.403472 0.027174
0 0.587500 0.208821 0.591667 0.024666
8 0.500000 0.211747 1.000000 0.140886
1 0.145833 0.317517 0.291667 0.131689
1 0.941667 0.317308 0.077778 0.046823
0 0.366667 0.291597 0.150000 0.038043
0 0.493403 0.324206 0.403472 0.027174
0 0.489236 0.350125 0.395139 0.024666
8 0.500000 0.353052 1.000000 0.140886
1 0.145833 0.458821 0.291667 0.131689
1 0.941667 0.458612 0.077778 0.046823
0 0.577778 0.432901 0.572222 0.038043
0 0.507986 0.465510 0.432639 0.027174
0 0.587500 0.491430 0.591667 0.024666
8 0.500000 0.494356 1.000000 0.140886
1 0.145833 0.600125 0.291667 0.131689
1 0.941667 0.599916 0.077778 0.046823
0 0.550000 0.574206 0.516667 0.038043
0 0.493403 0.606814 0.403472 0.027174
0 0.587500 0.632734 0.591667 0.024666
8 0.500000 0.635661 1.000000 0.140886
1 0.145833 0.741430 0.291667 0.131689
1 0.941667 0.741221 0.077778 0.046823
0 0.431944 0.715510 0.280556 0.038043
0 0.502778 0.748119 0.422222 0.027174
0 0.587500 0.774038 0.591667 0.024666
8 0.500000 0.776965 1.000000 0.140886
1 0.145833 0.882734 0.291667 0.131689
1 0.941667 0.882525 0.077778 0.046823
0 0.413194 0.856814 0.243056 0.038043
0 0.493403 0.889423 0.403472 0.027174
0 0.573611 0.915343 0.563889 0.024666
8 0.500000 0.918269 1.000000 0.140886
1 0.145833 0.979097 0.291667 0.041806
0 0.426389 0.989548 0.269444 0.020903
3 0.121181 0.035117 0.242361 0.070234
2 0.019444 0.070234 0.038889 0.023411
1 0.068750 0.070234 0.077778 0.046823
0 0.170139 0.070025 0.105556 0.035535
3 0.795833 0.070234 0.136111 0.070234
3 0.931944 0.070234 0.136111 0.070234
