8 0.500000 0.110547 1.000000 0.221094
0 0.145833 0.150391 0.175000 0.057031
0 0.252778 0.204687 0.388889 0.029687
1 0.863889 0.165625 0.155556 0.087500
8 0.500000 0.271289 1.000000 0.100391
0 0.204167 0.303320 0.291667 0.033203
1 0.912500 0.303125 0.058333 0.032813
8 0.500000 0.371680 1.000000 0.100391
0 0.226042 0.403711 0.335417 0.033203
1 0.912500 0.403516 0.058333 0.032813
8 0.500000 0.472070 1.000000 0.100391
0 0.153472 0.504102 0.190278 0.033203
1 0.912500 0.503906 0.058333 0.032813
8 0.500000 0.572461 1.000000 0.100391
0 0.117361 0.604492 0.118056 0.033203
1 0.912500 0.604297 0.058333 0.032813
8 0.500000 0.672070 1.000000 0.098828
0 0.249653 0.704883 0.382639 0.033203
1 0.912500 0.704688 0.058333 0.032813
4 0.101042 0.896094 0.199306 0.076563
1 0.100694 0.881055 0.058333 0.046484
0 0.101042 0.919141 0.106250 0.026562
4 0.300347 0.896094 0.199306 0.076563
1 0.300000 0.881055 0.058333 0.046484
0 0.300347 0.919141 0.078472 0.026562
4 0.499653 0.896094 0.199306 0.076563
1 0.499306 0.881055 0.058333 0.046484
0 0.499653 0.919141 0.067361 0.026562
4 0.698958 0.896094 0.199306 0.076563
1 0.698611 0.881055 0.058333 0.046484
0 0.698958 0.919141 0.075694 0.026562
4 0.898264 0.896094 0.199306 0.076563
1 0.897917 0.881055 0.058333 0.046484
0 0.897917 0.919141 0.098611 0.026562
