4 0.500000 0.552676 1.000000 0.894649
8 0.500000 0.126672 1.000000 0.042642
0 0.253819 0.126672 0.482639 0.027592
8 0.500000 0.179766 1.000000 0.061873
6 0.171528 0.179766 0.318056 0.046823
0 0.415972 0.181020 0.170833 0.027592
8 0.500000 0.242475 1.000000 0.061873
6 0.171528 0.242475 0.318056 0.046823
0 0.467014 0.243729 0.272917 0.027592
8 0.500000 0.305184 1.000000 0.061873
6 0.171528 0.305184 0.318056 0.046823
0 0.387500 0.306438 0.113889 0.027592
8 0.500000 0.367893 1.000000 0.061873
6 0.171528 0.367893 0.318056 0.046823
0 0.414583 0.369147 0.168056 0.027592
8 0.500000 0.430602 1.000000 0.061873
6 0.171528 0.430602 0.318056 0.046823
0 0.420833 0.431856 0.180556 0.027592
8 0.500000 0.493311 1.000000 0.061873
6 0.171528 0.493311 0.318056 0.046823
0 0.442014 0.494565 0.222917 0.027592
8 0.500000 0.556020 1.000000 0.061873
6 0.171528 0.556020 0.318056 0.046823
0 0.432292 0.557274 0.203472 0.027592
8 0.500000 0.618729 1.000000 0.061873
6 0.171528 0.618729 0.318056 0.046823
0 0.400000 0.619983 0.138889 0.027592
8 0.500000 0.681438 1.000000 0.061873
6 0.171528 0.681438 0.318056 0.046823
0 0.407639 0.682692 0.154167 0.027592
8 0.500000 0.744147 1.000000 0.061873
6 0.171528 0.744147 0.318056 0.046823
0 0.424306 0.745401 0.187500 0.027592
8 0.500000 0.806856 1.000000 0.061873
6 0.171528 0.806856 0.318056 0.046823
0 0.442708 0.808110 0.224306 0.027592
8 0.500000 0.869565 1.000000 0.061873
6 0.171528 0.869565 0.318056 0.046823
0 0.414583 0.870819 0.168056 0.027592
8 0.500000 0.932274 1.000000 0.061873
6 0.171528 0.932274 0.318056 0.046823
0 0.400694 0.933528 0.140278 0.027592
8 0.500000 0.982023 1.000000 0.035953
6 0.171528 0.985786 0.318056 0.028428
0 0.413889 0.991221 0.166667 0.017559
3 0.157292 0.035117 0.314583 0.070234
2 0.019444 0.070234 0.038889 0.023411
1 0.068750 0.070234 0.077778 0.046823
0 0.206250 0.070025 0.177778 0.035535
3 0.931944 0.070234 0.136111 0.070234
