0 0.297569 0.021183 0.517361 0.010854
3 0.844444 0.021242 0.116667 0.019608
3 0.165278 0.011438 0.097222 0.019608
7 0.166667 0.009804 0.333333 0.019608
0 0.166667 0.042425 0.261111 0.006653
7 0.500000 0.009804 0.333333 0.019608
0 0.500000 0.042484 0.208333 0.007703
7 0.833333 0.009804 0.333333 0.019608
0 0.833333 0.042484 0.184722 0.007703
4 0.500000 0.156162 1.000000 0.207750
8 0.500000 0.007937 1.000000 0.015873
0 0.143403 0.060224 0.238194 0.007703
0 0.294097 0.060224 0.063194 0.007703
8 0.500000 0.026144 1.000000 0.019608
1 0.087500 0.078431 0.097222 0.016340
0 0.399653 0.078431 0.449306 0.007236
8 0.500000 0.046218 1.000000 0.019608
1 0.087500 0.098506 0.097222 0.016340
0 0.502083 0.098506 0.654167 0.007236
8 0.500000 0.066293 1.000000 0.019608
1 0.087500 0.118581 0.097222 0.016340
0 0.388889 0.118581 0.427778 0.007236
8 0.500000 0.086368 1.000000 0.019608
1 0.087500 0.138655 0.097222 0.016340
0 0.332292 0.138655 0.314583 0.007236
8 0.500000 0.106443 1.000000 0.019608
1 0.087500 0.158730 0.097222 0.016340
0 0.374653 0.158730 0.399306 0.007236
8 0.500000 0.126517 1.000000 0.019608
1 0.087500 0.178805 0.097222 0.016340
0 0.365625 0.178805 0.381250 0.007236
8 0.500000 0.146592 1.000000 0.019608
1 0.087500 0.198880 0.097222 0.016340
0 0.413194 0.198880 0.476389 0.007236
8 0.500000 0.166667 1.000000 0.019608
1 0.087500 0.218954 0.097222 0.016340
0 0.323611 0.218954 0.297222 0.007236
8 0.500000 0.186741 1.000000 0.019608
1 0.087500 0.239029 0.097222 0.016340
0 0.328472 0.239029 0.306944 0.007236
8 0.500000 0.206816 1.000000 0.019608
1 0.087500 0.255486 0.097222 0.009104
0 0.568056 0.257761 0.786111 0.004552
1 0.500000 0.269608 0.729167 0.019141
