0 0.340972 0.071094 0.331944 0.076563
3 0.068056 0.038281 0.136111 0.076563
4 0.935069 0.071094 0.129861 0.076563
1 0.934722 0.071094 0.058333 0.032813
8 0.500000 0.064453 1.000000 0.128906
0 0.155903 0.146094 0.234028 0.029687
0 0.074653 0.204883 0.071528 0.022266
0 0.927431 0.173633 0.067361 0.084766
8 0.500000 0.193555 1.000000 0.129297
0 0.116319 0.275000 0.154861 0.029687
0 0.132639 0.306445 0.187500 0.022266
0 0.083681 0.334180 0.089583 0.022266
0 0.927431 0.302734 0.067361 0.085156
8 0.500000 0.322656 1.000000 0.128906
0 0.131250 0.404297 0.184722 0.029687
0 0.097569 0.463086 0.117361 0.022266
0 0.927431 0.431836 0.067361 0.084766
8 0.500000 0.451758 1.000000 0.129297
0 0.132639 0.533203 0.187500 0.029687
0 0.132639 0.564648 0.187500 0.022266
0 0.102083 0.592383 0.126389 0.022266
0 0.927431 0.560937 0.067361 0.085156
8 0.500000 0.580859 1.000000 0.128906
0 0.167014 0.662500 0.256250 0.029687
0 0.104861 0.721289 0.131944 0.022266
0 0.927431 0.690039 0.067361 0.084766
8 0.500000 0.709766 1.000000 0.128906
0 0.131250 0.791406 0.184722 0.029687
0 0.092014 0.850195 0.106250 0.022266
0 0.927431 0.818945 0.067361 0.084766
8 0.500000 0.838672 1.000000 0.128906
0 0.131944 0.919922 0.186111 0.028906
0 0.927431 0.919922 0.067361 0.028906
