4 0.111111 0.552676 0.222222 0.894649
8 0.111111 0.035744 0.222222 0.071488
0 0.075347 0.140677 0.140972 0.066472
8 0.111111 0.108069 0.222222 0.071488
0 0.075347 0.213002 0.140972 0.066472
8 0.111111 0.180393 0.222222 0.071488
0 0.075347 0.285326 0.140972 0.066472
8 0.111111 0.252717 0.222222 0.071488
0 0.075347 0.357651 0.140972 0.066472
8 0.111111 0.325042 0.222222 0.071488
0 0.075347 0.429975 0.140972 0.066472
8 0.111111 0.397366 0.222222 0.071488
0 0.075347 0.502299 0.140972 0.066472
8 0.111111 0.469691 0.222222 0.071488
0 0.075347 0.574624 0.140972 0.066472
8 0.111111 0.542015 0.222222 0.071488
0 0.075347 0.646948 0.140972 0.066472
8 0.111111 0.614339 0.222222 0.071488
0 0.075347 0.719273 0.140972 0.066472
8 0.111111 0.686664 0.222222 0.071488
0 0.075347 0.791597 0.140972 0.066472
8 0.111111 0.758988 0.222222 0.071488
0 0.075347 0.863921 0.140972 0.066472
8 0.111111 0.831313 0.222222 0.071488
0 0.075347 0.936246 0.140972 0.066472
8 0.111111 0.903637 0.222222 0.071488
0 0.075347 0.987667 0.140972 0.024666
4 0.611111 0.552676 0.777778 0.894649
8 0.611111 0.143395 0.777778 0.076087
0 0.555903 0.143395 0.667361 0.076087
1 0.944792 0.143395 0.110417 0.076087
8 0.611111 0.220318 0.777778 0.076087
0 0.555903 0.220318 0.667361 0.076087
1 0.944792 0.220318 0.110417 0.076087
8 0.611111 0.297241 0.777778 0.076087
0 0.555903 0.297241 0.667361 0.076087
1 0.944792 0.297241 0.110417 0.076087
8 0.611111 0.374164 0.777778 0.076087
0 0.555903 0.374164 0.667361 0.076087
1 0.944792 0.374164 0.110417 0.076087
8 0.611111 0.451087 0.777778 0.076087
0 0.555903 0.451087 0.667361 0.076087
1 0.944792 0.451087 0.110417 0.076087
8 0.611111 0.528010 0.777778 0.076087
0 0.555903 0.528010 0.667361 0.076087
1 0.944792 0.528010 0.110417 0.076087
8 0.611111 0.604933 0.777778 0.076087
0 0.555903 0.604933 0.667361 0.076087
1 0.944792 0.604933 0.110417 0.076087
8 0.611111 0.681856 0.777778 0.076087
0 0.555903 0.681856 0.667361 0.076087
1 0.944792 0.681856 0.110417 0.076087
8 0.611111 0.758779 0.777778 0.076087
0 0.555903 0.758779 0.667361 0.076087
1 0.944792 0.758779 0.110417 0.076087
8 0.611111 0.835702 0.777778 0.076087
0 0.555903 0.835702 0.667361 0.076087
1 0.944792 0.835702 0.110417 0.076087
8 0.611111 0.912625 0.777778 0.076087
0 0.555903 0.912625 0.667361 0.076087
1 0.944792 0.912625 0.110417 0.076087
8 0.611111 0.975753 0.777778 0.048495
0 0.555903 0.975753 0.667361 0.048495
1 0.944792 0.975753 0.110417 0.048495
4 0.169792 0.035117 0.299306 0.070234
1 0.055903 0.070443 0.052083 0.031355
0 0.195833 0.070025 0.208333 0.035535
