0 0.264931 0.038086 0.179861 0.036328
3 0.068056 0.038281 0.136111 0.076563
4 0.500000 0.505469 1.000000 0.857812
8 0.500000 0.049609 1.000000 0.099219
0 0.216667 0.113281 0.355556 0.029687
0 0.060069 0.141016 0.042361 0.025781
6 0.922222 0.126172 0.077778 0.043750
8 0.500000 0.137500 1.000000 0.073438
0 0.117361 0.214062 0.156944 0.029687
8 0.500000 0.225391 1.000000 0.099219
0 0.094097 0.289062 0.110417 0.029687
0 0.060069 0.316797 0.042361 0.025781
6 0.922222 0.301953 0.077778 0.043750
8 0.500000 0.326172 1.000000 0.099219
0 0.127778 0.389844 0.177778 0.029687
0 0.060069 0.417578 0.042361 0.025781
6 0.922222 0.402734 0.077778 0.043750
8 0.500000 0.426953 1.000000 0.099219
0 0.198958 0.490625 0.320139 0.029687
0 0.060069 0.518359 0.042361 0.025781
6 0.922222 0.503516 0.077778 0.043750
8 0.500000 0.527734 1.000000 0.099219
0 0.276042 0.591406 0.474306 0.029687
0 0.143056 0.619141 0.208333 0.025781
6 0.922222 0.604297 0.077778 0.043750
8 0.500000 0.628516 1.000000 0.099219
0 0.143056 0.692187 0.208333 0.029687
0 0.332986 0.719922 0.588194 0.025781
8 0.500000 0.729297 1.000000 0.099219
0 0.087847 0.792969 0.097917 0.029687
0 0.133681 0.820703 0.189583 0.025781
