3 0.170833 0.959239 0.273611 0.054766
3 0.646528 0.959239 0.638889 0.054766
0 0.500000 0.061037 1.000000 0.051839
4 0.500000 0.506480 1.000000 0.839047
8 0.500000 0.025711 1.000000 0.051421
1 0.097569 0.112667 0.195139 0.051421
0 0.302778 0.112667 0.215278 0.051421
8 0.500000 0.078804 1.000000 0.051421
1 0.097569 0.165761 0.195139 0.051421
0 0.326042 0.165761 0.261806 0.051421
8 0.500000 0.131898 1.000000 0.051421
1 0.097569 0.218855 0.195139 0.051421
0 0.294792 0.218855 0.199306 0.051421
8 0.500000 0.184992 1.000000 0.051421
1 0.097569 0.271948 0.195139 0.051421
0 0.293750 0.271948 0.197222 0.051421
8 0.500000 0.238085 1.000000 0.051421
1 0.097569 0.325042 0.195139 0.051421
0 0.319444 0.325042 0.248611 0.051421
8 0.500000 0.291179 1.000000 0.051421
1 0.097569 0.378135 0.195139 0.051421
0 0.368750 0.378135 0.347222 0.051421
8 0.500000 0.344273 1.000000 0.051421
1 0.097569 0.431229 0.195139 0.051421
0 0.310764 0.431229 0.231250 0.051421
8 0.500000 0.397366 1.000000 0.051421
1 0.097569 0.484323 0.195139 0.051421
0 0.295139 0.484323 0.200000 0.051421
8 0.500000 0.450460 1.000000 0.051421
1 0.097569 0.537416 0.195139 0.051421
0 0.282292 0.537416 0.174306 0.051421
8 0.500000 0.503554 1.000000 0.051421
1 0.097569 0.590510 0.195139 0.051421
0 0.335069 0.590510 0.279861 0.051421
8 0.500000 0.556647 1.000000 0.051421
1 0.097569 0.643604 0.195139 0.051421
0 0.318750 0.643604 0.247222 0.051421
8 0.500000 0.609741 1.000000 0.051421
1 0.097569 0.696697 0.195139 0.051421
0 0.306597 0.696697 0.222917 0.051421
8 0.500000 0.662834 1.000000 0.051421
1 0.097569 0.749791 0.195139 0.051421
0 0.308333 0.749791 0.226389 0.051421
8 0.500000 0.715928 1.000000 0.051421
1 0.097569 0.802885 0.195139 0.051421
0 0.304514 0.802885 0.218750 0.051421
8 0.500000 0.769022 1.000000 0.051421
1 0.097569 0.855978 0.195139 0.051421
0 0.470486 0.855978 0.550694 0.051421
8 0.500000 0.822115 1.000000 0.051421
1 0.097569 0.904682 0.195139 0.042642
0 0.266667 0.904682 0.143056 0.042642
