0 0.571429 0.099003 0.857143 0.064558
4 0.571429 0.536395 0.857143 0.810225
8 0.500000 0.046794 1.000000 0.093588
1 0.174107 0.176993 0.062500 0.091421
0 0.602679 0.176993 0.794643 0.091421
8 0.500000 0.140381 1.000000 0.093588
1 0.174107 0.270581 0.062500 0.091421
0 0.602679 0.270581 0.794643 0.091421
8 0.500000 0.233969 1.000000 0.093588
1 0.174107 0.364168 0.062500 0.091421
0 0.602679 0.364168 0.794643 0.091421
8 0.500000 0.327556 1.000000 0.093588
1 0.174107 0.457756 0.062500 0.091421
0 0.602679 0.457756 0.794643 0.091421
8 0.500000 0.421144 1.000000 0.093588
1 0.174107 0.551343 0.062500 0.091421
0 0.602679 0.551343 0.794643 0.091421
8 0.500000 0.514731 1.000000 0.093588
1 0.174107 0.644931 0.062500 0.091421
0 0.602679 0.644931 0.794643 0.091421
8 0.500000 0.608319 1.000000 0.093588
1 0.174107 0.738518 0.062500 0.091421
0 0.602679 0.738518 0.794643 0.091421
8 0.500000 0.701906 1.000000 0.093588
1 0.174107 0.832106 0.062500 0.091421
0 0.602679 0.832106 0.794643 0.091421
8 0.500000 0.795494 1.000000 0.093588
1 0.174107 0.910745 0.062500 0.061525
0 0.602679 0.910745 0.794643 0.061525
3 0.571429 0.970754 0.857143 0.058492
