1 0.595982 0.142981 0.808036 0.001733
4 0.595982 0.571924 0.808036 0.856153
8 0.454018 0.048527 0.908036 0.097054
0 0.611607 0.192158 0.776786 0.044627
8 0.454018 0.146447 0.908036 0.097054
0 0.611607 0.290078 0.776786 0.044627
8 0.454018 0.244367 0.908036 0.097054
0 0.611607 0.387998 0.776786 0.044627
8 0.454018 0.342288 0.908036 0.097054
0 0.611607 0.485919 0.776786 0.044627
8 0.454018 0.440208 0.908036 0.097054
0 0.611607 0.583839 0.776786 0.044627
8 0.454018 0.538128 0.908036 0.097054
0 0.611607 0.681759 0.776786 0.044627
8 0.454018 0.636049 0.908036 0.097054
0 0.611607 0.779679 0.776786 0.044627
8 0.454018 0.733969 0.908036 0.097054
0 0.611607 0.877600 0.776786 0.044627
8 0.454018 0.831889 0.908036 0.097054
0 0.611607 0.975520 0.776786 0.044627
