0 0.270139 0.070898 0.248611 0.036328
3 0.068056 0.071094 0.136111 0.076563
3 0.166667 0.142187 0.333333 0.065625
3 0.500000 0.142187 0.333333 0.065625
3 0.833333 0.142187 0.333333 0.065625
8 0.500000 0.037109 1.000000 0.074219
0 0.109722 0.211719 0.141667 0.029687
8 0.500000 0.111328 1.000000 0.074219
0 0.099653 0.285938 0.121528 0.029687
8 0.500000 0.185547 1.000000 0.074219
0 0.077083 0.360156 0.076389 0.029687
8 0.500000 0.259766 1.000000 0.074219
0 0.142361 0.434375 0.206944 0.029687
8 0.500000 0.333984 1.000000 0.074219
0 0.089931 0.508594 0.102083 0.029687
8 0.500000 0.376563 1.000000 0.010937
