0 0.500000 0.069189 0.258333 0.035535
4 0.500000 0.551630 1.000000 0.896739
8 0.500000 0.109741 1.000000 0.012960
8 0.500000 0.148202 1.000000 0.062291
0 0.095139 0.147993 0.165278 0.027592
2 0.972917 0.148202 0.029167 0.026338
8 0.500000 0.211329 1.000000 0.062291
0 0.108333 0.211120 0.191667 0.027592
2 0.972917 0.211329 0.029167 0.026338
8 0.500000 0.274457 1.000000 0.062291
0 0.050694 0.274247 0.076389 0.027592
2 0.972917 0.274457 0.029167 0.026338
8 0.500000 0.337584 1.000000 0.062291
0 0.051389 0.337375 0.077778 0.027592
2 0.972917 0.337584 0.029167 0.026338
8 0.500000 0.400711 1.000000 0.062291
0 0.066667 0.400502 0.108333 0.027592
2 0.972917 0.400711 0.029167 0.026338
8 0.500000 0.463838 1.000000 0.062291
0 0.100347 0.463629 0.175694 0.027592
2 0.972917 0.463838 0.029167 0.026338
8 0.500000 0.526965 1.000000 0.062291
0 0.066319 0.526756 0.107639 0.027592
2 0.972917 0.526965 0.029167 0.026338
8 0.500000 0.590092 1.000000 0.062291
0 0.053819 0.589883 0.082639 0.027592
2 0.972917 0.590092 0.029167 0.026338
8 0.500000 0.653219 1.000000 0.062291
0 0.073958 0.653010 0.122917 0.027592
2 0.972917 0.653219 0.029167 0.026338
8 0.500000 0.716346 1.000000 0.062291
0 0.063889 0.716137 0.102778 0.027592
2 0.972917 0.716346 0.029167 0.026338
8 0.500000 0.779473 1.000000 0.062291
0 0.073958 0.779264 0.122917 0.027592
2 0.972917 0.779473 0.029167 0.026338
8 0.500000 0.842600 1.000000 0.062291
0 0.065278 0.842391 0.105556 0.027592
2 0.972917 0.842600 0.029167 0.026338
8 0.500000 0.905727 1.000000 0.062291
0 0.050000 0.905518 0.075000 0.027592
2 0.972917 0.905727 0.029167 0.026338
8 0.500000 0.968855 1.000000 0.062291
0 0.069444 0.968645 0.113889 0.027592
2 0.972917 0.968855 0.029167 0.026338
