4 0.500000 0.552676 1.000000 0.894649
8 0.500000 0.061664 1.000000 0.123328
8 0.102083 0.166806 0.204167 0.122910
0 0.602083 0.127090 0.756944 0.031773
0 0.602083 0.182692 0.756944 0.079431
8 0.500000 0.185828 1.000000 0.123328
8 0.102083 0.290970 0.204167 0.122910
0 0.602083 0.251254 0.756944 0.031773
0 0.602083 0.306856 0.756944 0.079431
8 0.500000 0.309992 1.000000 0.123328
8 0.102083 0.415134 0.204167 0.122910
0 0.602083 0.375418 0.756944 0.031773
0 0.602083 0.431020 0.756944 0.079431
8 0.500000 0.434156 1.000000 0.123328
8 0.102083 0.539298 0.204167 0.122910
0 0.602083 0.499582 0.756944 0.031773
0 0.602083 0.555184 0.756944 0.079431
8 0.500000 0.558319 1.000000 0.123328
8 0.102083 0.663462 0.204167 0.122910
0 0.602083 0.623746 0.756944 0.031773
0 0.602083 0.679348 0.756944 0.079431
8 0.500000 0.682483 1.000000 0.123328
8 0.102083 0.787625 0.204167 0.122910
0 0.602083 0.747910 0.756944 0.031773
0 0.602083 0.803512 0.756944 0.079431
8 0.500000 0.806647 1.000000 0.123328
8 0.102083 0.911789 0.204167 0.122910
0 0.602083 0.872074 0.756944 0.031773
0 0.602083 0.927676 0.756944 0.079431
8 0.500000 0.930811 1.000000 0.123328
8 0.102083 0.987249 0.204167 0.025502
0 0.602083 0.990176 0.756944 0.019649
3 0.136806 0.035117 0.273611 0.070234
2 0.019444 0.070234 0.038889 0.023411
1 0.068750 0.070234 0.077778 0.046823
0 0.185764 0.070025 0.136806 0.035535
3 0.931944 0.070234 0.136111 0.070234
