8 0.500000 0.038281 1.000000 0.076563
2 0.070486 0.147461 0.043750 0.024609
0 0.534028 0.147461 0.834722 0.029297
8 0.500000 0.114844 1.000000 0.076563
2 0.070486 0.224023 0.043750 0.024609
0 0.534028 0.224023 0.834722 0.029297
8 0.500000 0.191406 1.000000 0.076563
2 0.070486 0.300586 0.043750 0.024609
0 0.534028 0.300586 0.834722 0.029297
8 0.500000 0.267969 1.000000 0.076563
2 0.070486 0.377148 0.043750 0.024609
0 0.534028 0.377148 0.834722 0.029297
8 0.500000 0.344531 1.000000 0.076563
2 0.070486 0.453711 0.043750 0.024609
0 0.534028 0.453711 0.834722 0.029297
8 0.500000 0.421094 1.000000 0.076563
2 0.070486 0.530273 0.043750 0.024609
0 0.534028 0.530273 0.834722 0.029297
8 0.500000 0.497656 1.000000 0.076563
2 0.070486 0.606836 0.043750 0.024609
0 0.534028 0.606836 0.834722 0.029297
0 0.331944 0.071094 0.313889 0.036719
3 0.068056 0.038281 0.136111 0.076563
