4 0.461111 0.475737 0.922222 0.951473
8 0.461111 0.010399 0.922222 0.020797
3 0.500000 0.061742 0.915278 0.002166
8 0.461111 0.060442 0.922222 0.075823
3 0.500000 0.120884 0.915278 0.038995
8 0.461111 0.137998 0.922222 0.075823
3 0.500000 0.198440 0.915278 0.038995
8 0.461111 0.215555 0.922222 0.075823
3 0.500000 0.275997 0.915278 0.038995
8 0.461111 0.293111 0.922222 0.075823
3 0.500000 0.353553 0.915278 0.038995
8 0.461111 0.370667 0.922222 0.075823
3 0.500000 0.431109 0.915278 0.038995
8 0.461111 0.448224 0.922222 0.075823
3 0.500000 0.508666 0.915278 0.038995
8 0.461111 0.525780 0.922222 0.075823
3 0.500000 0.586222 0.915278 0.038995
8 0.461111 0.603336 0.922222 0.075823
3 0.500000 0.663778 0.915278 0.038995
8 0.461111 0.680893 0.922222 0.075823
3 0.500000 0.741334 0.915278 0.038995
8 0.461111 0.758449 0.922222 0.075823
3 0.500000 0.818891 0.915278 0.038995
8 0.461111 0.836005 0.922222 0.075823
3 0.500000 0.896447 0.915278 0.038995
8 0.461111 0.913562 0.922222 0.075823
3 0.500000 0.974003 0.915278 0.038995
