0 0.271875 0.070898 0.193750 0.036328
3 0.068056 0.071094 0.136111 0.076563
4 0.500000 0.156055 0.922222 0.071484
1 0.104514 0.156055 0.092361 0.049609
5 0.373264 0.156055 0.445139 0.049609
4 0.500000 0.568555 1.000000 0.731641
8 0.500000 0.243750 1.000000 0.082031
1 0.087500 0.243750 0.097222 0.054688
0 0.473611 0.243555 0.519444 0.033203
8 0.500000 0.117969 1.000000 0.071875
0 0.087500 0.323047 0.097222 0.054688
0 0.275694 0.305078 0.123611 0.029687
0 0.249306 0.335547 0.070833 0.031250
8 0.500000 0.189844 1.000000 0.071875
0 0.087500 0.394922 0.097222 0.054688
0 0.279167 0.376953 0.130556 0.029687
0 0.249306 0.407422 0.070833 0.031250
8 0.500000 0.261719 1.000000 0.071875
0 0.087500 0.466797 0.097222 0.054688
0 0.264583 0.448828 0.101389 0.029687
0 0.249306 0.479297 0.070833 0.031250
8 0.500000 0.333594 1.000000 0.071875
0 0.087500 0.538672 0.097222 0.054688
0 0.259028 0.520703 0.090278 0.029687
0 0.249306 0.551172 0.070833 0.031250
8 0.500000 0.405469 1.000000 0.071875
0 0.087500 0.610547 0.097222 0.054688
0 0.297222 0.592578 0.166667 0.029687
0 0.249306 0.623047 0.070833 0.031250
8 0.500000 0.477344 1.000000 0.071875
0 0.087500 0.682422 0.097222 0.054688
0 0.330208 0.664453 0.232639 0.029687
0 0.249306 0.694922 0.070833 0.031250
8 0.500000 0.549219 1.000000 0.071875
0 0.087500 0.754297 0.097222 0.054688
0 0.341319 0.736328 0.254861 0.029687
0 0.249306 0.766797 0.070833 0.031250
8 0.500000 0.621094 1.000000 0.071875
0 0.087500 0.826172 0.097222 0.054688
0 0.301389 0.808203 0.175000 0.029687
0 0.249306 0.838672 0.070833 0.031250
8 0.500000 0.692969 1.000000 0.071875
0 0.087500 0.898047 0.097222 0.054688
0 0.315278 0.880078 0.202778 0.029687
0 0.249306 0.910547 0.070833 0.031250
8 0.500000 0.764844 1.000000 0.071875
