0 0.255208 0.070898 0.160417 0.036328
3 0.068056 0.038281 0.136111 0.076563
3 0.935764 0.071094 0.128472 0.065625
8 0.500000 0.065234 1.000000 0.130469
0 0.500000 0.073438 0.758333 0.081250
8 0.500000 0.176953 1.000000 0.092969
4 0.500000 0.286328 1.000000 0.092969
1 0.082639 0.285938 0.087500 0.049219
0 0.238194 0.273047 0.126389 0.029687
0 0.232292 0.300781 0.114583 0.025781
1 0.927083 0.286328 0.068056 0.038281
8 0.500000 0.269922 1.000000 0.092969
4 0.500000 0.379297 1.000000 0.092969
1 0.082639 0.378906 0.087500 0.049219
0 0.244097 0.378906 0.138194 0.029687
8 0.500000 0.362891 1.000000 0.092969
4 0.500000 0.472266 1.000000 0.092969
1 0.082639 0.471875 0.087500 0.049219
0 0.233681 0.471875 0.117361 0.029687
8 0.500000 0.455859 1.000000 0.092969
4 0.500000 0.565234 1.000000 0.092969
1 0.082639 0.564844 0.087500 0.049219
0 0.243403 0.564844 0.136806 0.029687
8 0.500000 0.548828 1.000000 0.092969
4 0.500000 0.658203 1.000000 0.092969
1 0.082639 0.657813 0.087500 0.049219
0 0.227778 0.657813 0.105556 0.029687
8 0.500000 0.641797 1.000000 0.092969
4 0.500000 0.751172 1.000000 0.092969
1 0.082639 0.750781 0.087500 0.049219
0 0.274653 0.750781 0.199306 0.029687
8 0.500000 0.734766 1.000000 0.092969
4 0.500000 0.844141 1.000000 0.092969
1 0.082639 0.843750 0.087500 0.049219
0 0.228819 0.843750 0.107639 0.029687
8 0.500000 0.827734 1.000000 0.092969
4 0.500000 0.912500 1.000000 0.043750
1 0.082639 0.923242 0.087500 0.022266
0 0.243750 0.928125 0.137500 0.012500
