0 0.248958 0.070898 0.420139 0.036328
4 0.941667 0.071094 0.116667 0.065625
4 0.500000 0.467187 0.951389 0.688281
8 0.475694 0.026562 0.951389 0.053125
8 0.475694 0.081250 0.951389 0.053125
8 0.475694 0.135937 0.951389 0.053125
8 0.475694 0.190625 0.951389 0.053125
8 0.475694 0.245312 0.951389 0.053125
8 0.475694 0.300000 0.951389 0.053125
8 0.475694 0.354687 0.951389 0.053125
8 0.475694 0.409375 0.951389 0.053125
8 0.475694 0.464062 0.951389 0.053125
8 0.475694 0.518750 0.951389 0.053125
8 0.475694 0.573438 0.951389 0.053125
8 0.475694 0.628125 0.951389 0.053125
8 0.475694 0.682813 0.951389 0.053125
4 0.883333 0.759375 0.136111 0.076563
4 0.388889 0.054688 0.777778 0.109375
