4 0.500000 0.521875 1.000000 0.825000
1 0.092361 0.162500 0.097222 0.054688
4 0.572917 0.158594 0.776389 0.098437
5 0.572917 0.137891 0.776389 0.057031
8 0.500000 0.042969 1.000000 0.085938
1 0.092361 0.251563 0.097222 0.054688
0 0.325694 0.237305 0.281944 0.027734
0 0.488889 0.267578 0.608333 0.024219
8 0.500000 0.128906 1.000000 0.085938
1 0.092361 0.337500 0.097222 0.054688
0 0.313889 0.323242 0.258333 0.027734
0 0.572917 0.353516 0.776389 0.024219
8 0.500000 0.214844 1.000000 0.085938
1 0.092361 0.423438 0.097222 0.054688
0 0.318750 0.423242 0.268056 0.027734
8 0.500000 0.300781 1.000000 0.085938
1 0.092361 0.509375 0.097222 0.054688
0 0.287500 0.509180 0.205556 0.027734
8 0.500000 0.386719 1.000000 0.085938
1 0.092361 0.595313 0.097222 0.054688
0 0.267361 0.581055 0.165278 0.027734
0 0.572917 0.611328 0.776389 0.024219
8 0.500000 0.472656 1.000000 0.085938
1 0.092361 0.681250 0.097222 0.054688
0 0.306597 0.666992 0.243750 0.027734
0 0.572917 0.697266 0.776389 0.024219
8 0.500000 0.558594 1.000000 0.085938
1 0.092361 0.767188 0.097222 0.054688
0 0.296528 0.766992 0.223611 0.027734
8 0.500000 0.644531 1.000000 0.085938
1 0.092361 0.853125 0.097222 0.054688
0 0.282639 0.852930 0.195833 0.027734
8 0.500000 0.730469 1.000000 0.085938
1 0.092361 0.923047 0.097222 0.022656
0 0.302778 0.929688 0.236111 0.009375
0 0.300694 0.070898 0.251389 0.036328
3 0.068056 0.038281 0.136111 0.076563
3 0.930208 0.071094 0.139583 0.065625
