3 0.068056 0.038281 0.136111 0.076563
3 0.844444 0.071094 0.116667 0.065625
3 0.165278 0.038281 0.097222 0.065625
8 0.616667 0.131250 0.766667 0.043750
3 0.259375 0.132812 0.052083 0.024219
0 0.616667 0.132812 0.098611 0.024219
3 0.960764 0.132812 0.078472 0.024219
4 0.616667 0.524805 0.766667 0.709766
8 0.500000 0.030078 1.000000 0.060156
8 0.274306 0.200000 0.059722 0.043750
8 0.646528 0.199805 0.684722 0.027734
8 0.500000 0.121875 1.000000 0.120313
8 0.294792 0.291797 0.100694 0.103906
8 0.628472 0.291602 0.566667 0.027734
8 0.950347 0.291797 0.077083 0.103906
8 0.500000 0.243750 1.000000 0.120313
8 0.294792 0.413672 0.100694 0.103906
8 0.628472 0.413477 0.566667 0.027734
8 0.950347 0.413672 0.077083 0.103906
8 0.500000 0.365625 1.000000 0.120313
8 0.294792 0.535547 0.100694 0.103906
8 0.628472 0.535352 0.566667 0.027734
8 0.950347 0.535547 0.077083 0.103906
8 0.500000 0.487500 1.000000 0.120313
8 0.294792 0.657422 0.100694 0.103906
8 0.628472 0.657227 0.566667 0.027734
8 0.950347 0.657422 0.077083 0.103906
4 0.329167 0.907031 0.191667 0.054688
4 0.520833 0.907031 0.191667 0.054688
4 0.712500 0.907031 0.191667 0.054688
4 0.904167 0.907031 0.191667 0.054688
4 0.116667 0.521875 0.233333 0.825000
8 0.116667 0.033789 0.233333 0.067578
8 0.116667 0.102930 0.233333 0.067578
8 0.116667 0.172070 0.233333 0.067578
8 0.116667 0.241211 0.233333 0.067578
8 0.116667 0.310352 0.233333 0.067578
8 0.116667 0.379492 0.233333 0.067578
8 0.116667 0.448633 0.233333 0.067578
8 0.116667 0.517773 0.233333 0.067578
8 0.116667 0.586914 0.233333 0.067578
8 0.116667 0.656055 0.233333 0.067578
8 0.116667 0.725195 0.233333 0.067578
8 0.116667 0.794336 0.233333 0.067578
