8 0.500000 0.097266 0.984722 0.185938
1 0.177778 0.209375 0.311111 0.175000
0 0.655556 0.145703 0.566667 0.025781
0 0.456597 0.176953 0.168750 0.025781
0 0.522569 0.204883 0.300694 0.019141
1 0.435417 0.248828 0.126389 0.046875
4 0.894792 0.261328 0.127083 0.065625
0 0.894792 0.261328 0.127083 0.065625
8 0.500000 0.283203 0.984722 0.185938
1 0.177778 0.395313 0.311111 0.175000
0 0.655556 0.331641 0.566667 0.025781
0 0.456597 0.362891 0.168750 0.025781
0 0.522222 0.390820 0.300000 0.019141
1 0.435417 0.434766 0.126389 0.046875
4 0.894792 0.447266 0.127083 0.065625
0 0.894792 0.447266 0.127083 0.065625
8 0.500000 0.469141 0.984722 0.185938
1 0.177778 0.581250 0.311111 0.175000
0 0.655556 0.517578 0.566667 0.025781
0 0.445833 0.548828 0.147222 0.025781
0 0.522222 0.576758 0.300000 0.019141
1 0.435417 0.620703 0.126389 0.046875
4 0.894792 0.633203 0.127083 0.065625
0 0.894792 0.633203 0.127083 0.065625
8 0.500000 0.655078 0.984722 0.185938
1 0.177778 0.767188 0.311111 0.175000
0 0.655556 0.703516 0.566667 0.025781
0 0.456597 0.734766 0.168750 0.025781
0 0.525347 0.762695 0.306250 0.019141
1 0.435417 0.806641 0.126389 0.046875
4 0.894792 0.819141 0.127083 0.065625
0 0.894792 0.819141 0.127083 0.065625
8 0.500000 0.841016 0.984722 0.185938
1 0.177778 0.900000 0.311111 0.068750
0 0.655556 0.889453 0.566667 0.025781
0 0.456597 0.920703 0.168750 0.025781
4 0.873611 0.863281 0.136111 0.076563
3 0.931944 0.071094 0.136111 0.065625
3 0.068056 0.038281 0.136111 0.076563
0 0.295833 0.059961 0.300000 0.036328
0 0.321875 0.056445 0.352083 0.022266
