0 0.261458 0.071094 0.172917 0.030469
3 0.068056 0.038281 0.136111 0.076563
4 0.500000 0.521875 1.000000 0.825000
8 0.500000 0.131055 1.000000 0.043359
8 0.500000 0.191797 1.000000 0.078125
6 0.087500 0.195312 0.077778 0.043750
0 0.329514 0.195117 0.347917 0.021484
8 0.500000 0.269922 1.000000 0.078125
6 0.087500 0.273438 0.077778 0.043750
0 0.332639 0.273242 0.354167 0.021484
8 0.500000 0.330664 1.000000 0.043359
8 0.500000 0.391406 1.000000 0.078125
6 0.087500 0.394922 0.077778 0.043750
0 0.515278 0.394727 0.719444 0.021484
8 0.500000 0.469531 1.000000 0.078125
6 0.087500 0.473047 0.077778 0.043750
0 0.468750 0.472852 0.626389 0.021484
8 0.500000 0.566992 1.000000 0.116797
3 0.500000 0.545703 1.000000 0.071094
0 0.500000 0.603320 0.441667 0.044141
