3 0.500000 0.500000 1.000000 1.000000
3 0.075694 0.071094 0.116667 0.065625
0 0.404514 0.071094 0.482639 0.042188
4 0.500000 0.522070 1.000000 0.824609
8 0.500000 0.032813 1.000000 0.065625
0 0.113542 0.142578 0.149306 0.033594
0 0.273958 0.142578 0.113194 0.029687
8 0.500000 0.098437 1.000000 0.065625
0 0.247917 0.208203 0.418056 0.033594
0 0.542708 0.208203 0.113194 0.029687
8 0.500000 0.164062 1.000000 0.065625
0 0.197222 0.273828 0.316667 0.033594
0 0.430556 0.273828 0.091667 0.029687
8 0.500000 0.229687 1.000000 0.065625
0 0.173958 0.339453 0.270139 0.033594
0 0.373958 0.339453 0.071528 0.029687
8 0.500000 0.295312 1.000000 0.065625
0 0.120486 0.405078 0.163194 0.033594
0 0.287847 0.405078 0.113194 0.029687
8 0.500000 0.360938 1.000000 0.065625
0 0.148611 0.470703 0.219444 0.033594
0 0.344097 0.470703 0.113194 0.029687
8 0.500000 0.426563 1.000000 0.065625
0 0.120833 0.536328 0.163889 0.033594
0 0.288542 0.536328 0.113194 0.029687
8 0.500000 0.492188 1.000000 0.065625
0 0.157292 0.601953 0.236806 0.033594
0 0.350694 0.601953 0.091667 0.029687
8 0.500000 0.557813 1.000000 0.065625
0 0.141319 0.667578 0.204861 0.033594
0 0.318750 0.667578 0.091667 0.029687
8 0.500000 0.623437 1.000000 0.065625
0 0.121528 0.733203 0.165278 0.033594
0 0.279167 0.733203 0.091667 0.029687
8 0.500000 0.689063 1.000000 0.065625
0 0.191319 0.798828 0.304861 0.033594
0 0.429514 0.798828 0.113194 0.029687
8 0.500000 0.754687 1.000000 0.065625
0 0.195139 0.864453 0.312500 0.033594
0 0.437153 0.864453 0.113194 0.029687
8 0.500000 0.820312 1.000000 0.065625
0 0.106597 0.923828 0.135417 0.021094
0 0.260069 0.924805 0.113194 0.019141
