4 0.228125 0.042461 0.456250 0.084922
4 0.684375 0.042461 0.456250 0.084922
8 0.456250 0.390815 0.912500 0.781629
8 0.553125 0.194107 0.893750 0.097054
0 0.381641 0.194107 0.157031 0.032929
8 0.553125 0.291161 0.893750 0.097054
0 0.363672 0.291161 0.121094 0.032929
8 0.553125 0.388215 0.893750 0.097054
0 0.378516 0.388215 0.150781 0.032929
8 0.553125 0.485269 0.893750 0.097054
0 0.392578 0.485269 0.178906 0.032929
8 0.553125 0.582322 0.893750 0.097054
0 0.441406 0.582322 0.276562 0.032929
8 0.553125 0.679376 0.893750 0.097054
0 0.362891 0.679376 0.119531 0.032929
8 0.553125 0.776430 0.893750 0.097054
0 0.373437 0.776430 0.140625 0.032929
8 0.553125 0.873484 0.893750 0.097054
0 0.335547 0.873484 0.064844 0.032929
8 0.553125 0.924610 0.893750 0.005199
3 0.880469 0.966638 0.210938 0.066724
