5 0.506250 0.153906 0.987500 0.061719
4 0.951042 0.153711 0.072917 0.041016
3 0.506250 0.201563 0.987500 0.033594
3 0.506250 0.235156 0.987500 0.033594
3 0.506250 0.268750 0.987500 0.033594
3 0.506250 0.302344 0.987500 0.033594
3 0.506250 0.335938 0.987500 0.033594
3 0.506250 0.369531 0.987500 0.033594
3 0.506250 0.403125 0.987500 0.033594
3 0.506250 0.436719 0.987500 0.033594
3 0.506250 0.470313 0.987500 0.033594
3 0.506250 0.503906 0.987500 0.033594
3 0.506250 0.537500 0.987500 0.033594
3 0.506250 0.571094 0.987500 0.033594
3 0.506250 0.604688 0.987500 0.033594
3 0.506250 0.638281 0.987500 0.033594
3 0.506250 0.671875 0.987500 0.033594
3 0.506250 0.705469 0.987500 0.033594
3 0.506250 0.739062 0.987500 0.033594
3 0.506250 0.772656 0.987500 0.033594
3 0.506250 0.806250 0.987500 0.033594
3 0.506250 0.837695 0.987500 0.029297
4 0.500000 0.034180 1.000000 0.068359
0 0.378472 0.070898 0.679167 0.036328
