0 0.461111 0.071094 0.650000 0.076563
3 0.068056 0.038281 0.136111 0.076563
5 0.500000 0.145898 0.961111 0.048047
5 0.500000 0.145117 0.922222 0.035547
4 0.500000 0.522852 1.000000 0.683984
8 0.500000 0.034180 1.000000 0.068359
1 0.060764 0.215039 0.068750 0.038672
0 0.206597 0.215039 0.170139 0.068359
0 0.566667 0.215039 0.550000 0.068359
0 0.981597 0.215039 0.036806 0.068359
8 0.500000 0.104102 1.000000 0.068359
1 0.060764 0.284961 0.068750 0.038672
0 0.206597 0.284961 0.170139 0.068359
0 0.566667 0.284961 0.550000 0.068359
0 0.981597 0.284961 0.036806 0.068359
8 0.500000 0.174023 1.000000 0.068359
1 0.060764 0.354883 0.068750 0.038672
0 0.206597 0.354883 0.170139 0.068359
0 0.566667 0.354883 0.550000 0.068359
0 0.981597 0.354883 0.036806 0.068359
8 0.500000 0.243945 1.000000 0.068359
1 0.060764 0.424805 0.068750 0.038672
0 0.206597 0.424805 0.170139 0.068359
0 0.566667 0.424805 0.550000 0.068359
0 0.981597 0.424805 0.036806 0.068359
8 0.500000 0.313867 1.000000 0.068359
1 0.060764 0.494727 0.068750 0.038672
0 0.206597 0.494727 0.170139 0.068359
0 0.566667 0.494727 0.550000 0.068359
0 0.981597 0.494727 0.036806 0.068359
8 0.500000 0.383789 1.000000 0.068359
1 0.060764 0.564648 0.068750 0.038672
0 0.206597 0.564648 0.170139 0.068359
0 0.566667 0.564648 0.550000 0.068359
0 0.902083 0.564648 0.088889 0.026953
0 0.981597 0.564648 0.036806 0.068359
8 0.500000 0.453711 1.000000 0.068359
1 0.060764 0.634570 0.068750 0.038672
0 0.206597 0.634570 0.170139 0.068359
0 0.566667 0.634570 0.550000 0.068359
0 0.981597 0.634570 0.036806 0.068359
8 0.500000 0.523633 1.000000 0.068359
1 0.060764 0.704492 0.068750 0.038672
0 0.206597 0.704492 0.170139 0.068359
0 0.566667 0.704492 0.550000 0.068359
0 0.981597 0.704492 0.036806 0.068359
8 0.500000 0.593555 1.000000 0.068359
1 0.060764 0.774414 0.068750 0.038672
0 0.206597 0.774414 0.170139 0.068359
0 0.566667 0.774414 0.550000 0.068359
0 0.981597 0.774414 0.036806 0.068359
8 0.500000 0.663477 1.000000 0.068359
1 0.060764 0.844336 0.068750 0.038672
0 0.206597 0.837500 0.170139 0.054688
0 0.566667 0.837500 0.550000 0.054688
0 0.981597 0.837500 0.036806 0.054688
4 0.500000 0.899609 1.000000 0.069531
4 0.500000 0.034766 1.000000 0.069531
