4 0.500000 0.427143 1.000000 0.854286
0 0.146528 0.064821 0.215278 0.033214
3 0.941667 0.065000 0.116667 0.060000
4 0.500000 0.477143 1.000000 0.754286
6 0.500000 0.140000 0.922222 0.040000
6 0.500000 0.180000 0.922222 0.040000
6 0.500000 0.220000 0.922222 0.040000
6 0.500000 0.260000 0.922222 0.040000
6 0.500000 0.300000 0.922222 0.040000
6 0.500000 0.340000 0.922222 0.040000
6 0.500000 0.380000 0.922222 0.040000
6 0.500000 0.420000 0.922222 0.040000
6 0.500000 0.460000 0.922222 0.040000
6 0.500000 0.500000 0.922222 0.040000
6 0.500000 0.540000 0.922222 0.040000
6 0.500000 0.580000 0.922222 0.040000
6 0.500000 0.620000 0.922222 0.040000
6 0.500000 0.658214 0.922222 0.036429
3 0.500000 0.706429 0.922222 0.060000
0 0.500000 0.785357 0.922222 0.097857
