4 0.250000 0.038281 0.500000 0.076563
0 0.249653 0.147656 0.186806 0.076563
4 0.750000 0.038281 0.500000 0.076563
0 0.749653 0.147656 0.174306 0.076563
1 0.500000 0.186133 1.000000 0.000391
8 0.500000 0.339844 1.000000 0.679688
4 0.500000 0.526172 1.000000 0.679688
8 0.500000 0.043750 1.000000 0.087500
1 0.075694 0.230078 0.116667 0.065625
1 0.131250 0.249219 0.048611 0.027344
3 0.485417 0.214844 0.601389 0.029687
3 0.485417 0.238086 0.601389 0.016797
4 0.829861 0.223047 0.087500 0.049219
4 0.922222 0.223047 0.087500 0.049219
8 0.500000 0.131250 1.000000 0.087500
1 0.075694 0.317578 0.116667 0.065625
1 0.131250 0.336719 0.048611 0.027344
3 0.485417 0.302344 0.601389 0.029687
3 0.485417 0.325586 0.601389 0.016797
4 0.829861 0.310547 0.087500 0.049219
4 0.922222 0.310547 0.087500 0.049219
8 0.500000 0.218750 1.000000 0.087500
1 0.075694 0.405078 0.116667 0.065625
1 0.131250 0.424219 0.048611 0.027344
3 0.485417 0.389844 0.601389 0.029687
3 0.485417 0.413086 0.601389 0.016797
4 0.829861 0.398047 0.087500 0.049219
4 0.922222 0.398047 0.087500 0.049219
8 0.500000 0.306250 1.000000 0.087500
1 0.075694 0.492578 0.116667 0.065625
1 0.131250 0.511719 0.048611 0.027344
3 0.485417 0.477344 0.601389 0.029687
3 0.485417 0.500586 0.601389 0.016797
4 0.829861 0.485547 0.087500 0.049219
4 0.922222 0.485547 0.087500 0.049219
8 0.500000 0.393750 1.000000 0.087500
1 0.075694 0.580078 0.116667 0.065625
1 0.131250 0.599219 0.048611 0.027344
3 0.485417 0.564844 0.601389 0.029687
3 0.485417 0.588086 0.601389 0.016797
4 0.829861 0.573047 0.087500 0.049219
4 0.922222 0.573047 0.087500 0.049219
8 0.500000 0.481250 1.000000 0.087500
1 0.075694 0.667578 0.116667 0.065625
1 0.131250 0.686719 0.048611 0.027344
3 0.485417 0.652344 0.601389 0.029687
3 0.485417 0.675586 0.601389 0.016797
4 0.829861 0.660547 0.087500 0.049219
4 0.922222 0.660547 0.087500 0.049219
8 0.500000 0.568750 1.000000 0.087500
1 0.075694 0.755078 0.116667 0.065625
3 0.485417 0.739844 0.601389 0.029687
3 0.485417 0.763086 0.601389 0.016797
4 0.829861 0.748047 0.087500 0.049219
4 0.922222 0.748047 0.087500 0.049219
8 0.500000 0.656250 1.000000 0.087500
1 0.075694 0.837891 0.116667 0.056250
3 0.485417 0.827344 0.601389 0.029687
3 0.485417 0.850586 0.601389 0.016797
4 0.829861 0.835547 0.087500 0.049219
4 0.922222 0.835547 0.087500 0.049219
4 0.388889 0.034180 0.777778 0.068359
0 0.213194 0.071094 0.348611 0.029687
5 0.058333 0.038281 0.116667 0.065625
1 0.708333 0.071094 0.116667 0.065625
3 0.825000 0.071094 0.116667 0.065625
3 0.941667 0.071094 0.116667 0.065625
