4 0.500000 0.552676 1.000000 0.894649
8 0.500000 0.128763 0.922222 0.046823
8 0.500000 0.094482 0.922222 0.093645
0 0.241319 0.199624 0.365972 0.035535
6 0.878472 0.199833 0.077778 0.046823
8 0.500000 0.194398 0.922222 0.104515
0 0.226389 0.274038 0.336111 0.035535
0 0.429514 0.317517 0.742361 0.051421
6 0.878472 0.299749 0.077778 0.046823
8 0.500000 0.294314 0.922222 0.093645
0 0.237153 0.385661 0.357639 0.035535
0 0.356250 0.417224 0.595833 0.027592
6 0.878472 0.399666 0.077778 0.046823
8 0.500000 0.470736 0.922222 0.046823
8 0.500000 0.436455 0.922222 0.093645
0 0.186806 0.527801 0.256944 0.035535
0 0.325347 0.559365 0.534028 0.027592
6 0.878472 0.541806 0.077778 0.046823
8 0.500000 0.530936 0.922222 0.093645
0 0.202778 0.622283 0.288889 0.035535
0 0.306944 0.653846 0.497222 0.027592
6 0.878472 0.636288 0.077778 0.046823
8 0.500000 0.625418 0.922222 0.093645
0 0.353819 0.716764 0.590972 0.035535
0 0.082986 0.748328 0.049306 0.027592
8 0.500000 0.801839 0.922222 0.046823
8 0.500000 0.767559 0.922222 0.093645
0 0.238889 0.872701 0.361111 0.035535
8 0.500000 0.943980 0.922222 0.046823
8 0.500000 0.909699 0.922222 0.093645
0 0.202083 0.991639 0.287500 0.016722
4 0.157986 0.035117 0.275694 0.070234
1 0.068750 0.070234 0.077778 0.046823
0 0.196875 0.070025 0.159028 0.035535
