0 0.312847 0.071094 0.334028 0.030469
3 0.068056 0.038281 0.136111 0.076563
3 0.941667 0.071094 0.116667 0.065625
4 0.500000 0.521875 1.000000 0.825000
8 0.500000 0.193359 1.000000 0.386719
1 0.500000 0.302734 1.000000 0.386719
0 0.269792 0.140625 0.461806 0.029687
1 0.075347 0.175977 0.072917 0.041016
0 0.269792 0.262109 0.461806 0.131250
8 0.500000 0.441797 1.000000 0.109375
1 0.103472 0.551172 0.109722 0.061719
0 0.281597 0.550977 0.149306 0.026953
1 0.653819 0.550977 0.595139 0.041016
8 0.500000 0.551562 1.000000 0.109375
1 0.103472 0.660937 0.109722 0.061719
0 0.318056 0.660742 0.222222 0.026953
1 0.690278 0.660742 0.522222 0.041016
8 0.500000 0.661328 1.000000 0.109375
1 0.103472 0.770703 0.109722 0.061719
0 0.326736 0.770508 0.239583 0.026953
1 0.698958 0.770508 0.504861 0.041016
8 0.500000 0.771094 1.000000 0.109375
1 0.103472 0.880469 0.109722 0.061719
0 0.271181 0.880273 0.128472 0.026953
1 0.643403 0.880273 0.615972 0.041016
