4 0.500000 0.613477 1.000000 0.641797
8 0.500000 0.075391 1.000000 0.150781
0 0.275000 0.367773 0.550000 0.150391
1 0.768750 0.367969 0.437500 0.136719
8 0.500000 0.227734 1.000000 0.150781
0 0.275000 0.520117 0.550000 0.150391
1 0.768750 0.520312 0.437500 0.136719
8 0.500000 0.380078 1.000000 0.150781
0 0.275000 0.672461 0.550000 0.150391
1 0.768750 0.672656 0.437500 0.136719
4 0.500000 0.102539 1.000000 0.205078
1 0.500000 0.135352 1.000000 0.205078
0 0.500000 0.135352 0.756944 0.036328
4 0.060764 0.135352 0.121528 0.205078
4 0.939236 0.135352 0.121528 0.205078
0 0.184375 0.058984 0.295139 0.038281
4 0.611111 0.265234 0.097222 0.054688
4 0.756944 0.265234 0.097222 0.054688
4 0.902778 0.265234 0.097222 0.054688
