4 0.500000 0.521875 1.000000 0.825000
8 0.500000 0.038281 1.000000 0.076563
1 0.085069 0.147461 0.072917 0.041016
0 0.250694 0.147461 0.161111 0.031641
8 0.500000 0.114844 1.000000 0.076563
1 0.085069 0.224023 0.072917 0.041016
0 0.213542 0.224023 0.086806 0.031641
8 0.500000 0.191406 1.000000 0.076563
1 0.157986 0.300586 0.072917 0.041016
0 0.279514 0.300586 0.072917 0.031641
8 0.500000 0.267969 1.000000 0.076563
1 0.157986 0.377148 0.072917 0.041016
0 0.355208 0.377148 0.224306 0.031641
8 0.500000 0.344531 1.000000 0.076563
1 0.157986 0.453711 0.072917 0.041016
0 0.311111 0.453711 0.136111 0.031641
8 0.500000 0.421094 1.000000 0.076563
1 0.085069 0.530273 0.072917 0.041016
0 0.279167 0.530273 0.218056 0.031641
8 0.500000 0.497656 1.000000 0.076563
1 0.085069 0.606836 0.072917 0.041016
0 0.228472 0.606836 0.116667 0.031641
8 0.500000 0.574219 1.000000 0.076563
1 0.085069 0.683398 0.072917 0.041016
0 0.217361 0.683398 0.094444 0.031641
8 0.500000 0.650781 1.000000 0.076563
1 0.085069 0.759961 0.072917 0.041016
0 0.235417 0.759961 0.130556 0.031641
8 0.500000 0.727344 1.000000 0.076563
1 0.085069 0.836523 0.072917 0.041016
0 0.257292 0.836523 0.174306 0.031641
8 0.500000 0.803906 1.000000 0.076563
1 0.085069 0.913086 0.072917 0.041016
0 0.247569 0.913086 0.154861 0.031641
0 0.273611 0.071094 0.225000 0.035156
3 0.068056 0.038281 0.136111 0.076563
3 0.941667 0.071094 0.116667 0.065625
