5 0.500000 0.074609 0.919444 0.083594
3 0.080903 0.074414 0.070139 0.039453
5 0.535069 0.074414 0.838194 0.045703
1 0.500000 0.144141 0.708333 0.025000
4 0.107986 0.509766 0.161806 0.678906
8 0.080903 0.060742 0.161806 0.121484
1 0.107639 0.230859 0.134722 0.075781
8 0.080903 0.182227 0.161806 0.121484
1 0.107639 0.352344 0.134722 0.075781
8 0.080903 0.303711 0.161806 0.121484
1 0.107639 0.473828 0.134722 0.075781
8 0.080903 0.425195 0.161806 0.121484
1 0.107639 0.595313 0.134722 0.075781
8 0.080903 0.546680 0.161806 0.121484
1 0.107639 0.716797 0.134722 0.075781
8 0.080903 0.668164 0.161806 0.121484
1 0.107639 0.824805 0.134722 0.048828
4 0.608681 0.509766 0.782639 0.678906
8 0.391319 0.030469 0.782639 0.060937
0 0.635764 0.200781 0.728472 0.025781
8 0.391319 0.092188 0.782639 0.060937
0 0.598958 0.262500 0.654861 0.025781
2 0.963194 0.262305 0.019444 0.019141
8 0.391319 0.153906 0.782639 0.060937
0 0.598958 0.324219 0.654861 0.025781
2 0.963194 0.324023 0.019444 0.019141
8 0.391319 0.215625 0.782639 0.060937
0 0.635764 0.385937 0.728472 0.025781
8 0.391319 0.277344 0.782639 0.060937
0 0.635764 0.447656 0.728472 0.025781
8 0.391319 0.339062 0.782639 0.060937
0 0.635764 0.509375 0.728472 0.025781
8 0.391319 0.400781 0.782639 0.060937
0 0.635764 0.571094 0.728472 0.025781
8 0.391319 0.462500 0.782639 0.060937
0 0.598958 0.632812 0.654861 0.025781
2 0.963194 0.632617 0.019444 0.019141
8 0.391319 0.524219 0.782639 0.060937
0 0.598958 0.694531 0.654861 0.025781
2 0.963194 0.694336 0.019444 0.019141
8 0.391319 0.585938 0.782639 0.060937
0 0.635764 0.756250 0.728472 0.025781
8 0.391319 0.647656 0.782639 0.060937
0 0.635764 0.817969 0.728472 0.025781
4 0.500000 0.894922 1.000000 0.078906
4 0.125000 0.895312 0.250000 0.078125
0 0.125000 0.895312 0.250000 0.078125
4 0.375000 0.895312 0.250000 0.078125
0 0.375000 0.895312 0.250000 0.078125
4 0.625000 0.895312 0.250000 0.078125
0 0.625000 0.895312 0.250000 0.078125
0 0.693750 0.872656 0.058333 0.032813
4 0.875000 0.895312 0.250000 0.078125
0 0.875000 0.895312 0.250000 0.078125
