0 0.137847 0.070898 0.197917 0.036328
5 0.844444 0.071094 0.116667 0.065625
1 0.844444 0.071094 0.116667 0.065625
3 0.165278 0.038281 0.097222 0.065625
7 0.250000 0.032813 0.500000 0.065625
0 0.249653 0.142187 0.267361 0.029687
7 0.750000 0.032813 0.500000 0.065625
0 0.750000 0.142187 0.084722 0.029687
8 0.500000 0.554688 1.000000 0.759375
8 0.500000 0.279883 0.975000 0.195703
0 0.218403 0.212891 0.361806 0.033594
0 0.882986 0.208789 0.159028 0.025391
0 0.500000 0.252930 0.950000 0.032422
0 0.500000 0.285352 0.950000 0.032422
0 0.500000 0.317773 0.950000 0.032422
0 0.500000 0.352344 0.950000 0.036719
8 0.500000 0.489648 0.975000 0.195703
0 0.169792 0.422656 0.264583 0.033594
0 0.873264 0.418555 0.178472 0.025391
0 0.500000 0.462695 0.950000 0.032422
0 0.500000 0.495117 0.950000 0.032422
0 0.500000 0.527539 0.950000 0.032422
0 0.500000 0.562109 0.950000 0.036719
8 0.500000 0.699414 0.975000 0.195703
0 0.156597 0.632422 0.238194 0.033594
0 0.887847 0.628320 0.149306 0.025391
0 0.500000 0.672461 0.950000 0.032422
0 0.500000 0.704883 0.950000 0.032422
0 0.500000 0.737305 0.950000 0.032422
0 0.500000 0.771875 0.950000 0.036719
8 0.500000 0.872852 0.975000 0.123047
0 0.253125 0.842187 0.431250 0.033594
0 0.873264 0.838086 0.178472 0.025391
0 0.500000 0.882227 0.950000 0.032422
0 0.500000 0.914648 0.950000 0.032422
0 0.500000 0.932617 0.950000 0.003516
