1 0.053472 0.073161 0.058333 0.035117
0 0.535069 0.073161 0.204861 0.039298
6 0.500000 0.522575 1.000000 0.822742
4 0.500000 0.522575 1.000000 0.816890
8 0.500000 0.049331 1.000000 0.098662
0 0.139931 0.150920 0.250694 0.023411
0 0.213194 0.174540 0.397222 0.023829
8 0.500000 0.148829 1.000000 0.098662
0 0.138542 0.250418 0.247917 0.023411
0 0.213194 0.274038 0.397222 0.023829
8 0.500000 0.248328 1.000000 0.098662
0 0.125694 0.349916 0.222222 0.023411
0 0.213194 0.373537 0.397222 0.023829
8 0.500000 0.347826 1.000000 0.098662
0 0.145139 0.449415 0.261111 0.023411
0 0.177778 0.473035 0.326389 0.023829
8 0.500000 0.447324 1.000000 0.098662
0 0.171875 0.548913 0.314583 0.023411
0 0.173958 0.572533 0.318750 0.023829
8 0.500000 0.546823 1.000000 0.098662
0 0.132986 0.648411 0.236806 0.023411
0 0.175347 0.672032 0.321528 0.023829
8 0.500000 0.646321 1.000000 0.098662
0 0.132986 0.747910 0.236806 0.023411
0 0.175347 0.771530 0.321528 0.023829
8 0.500000 0.745819 1.000000 0.098662
0 0.177431 0.847408 0.325694 0.023411
0 0.180903 0.871028 0.332639 0.023829
8 0.500000 0.845318 1.000000 0.098662
3 0.338889 0.966764 0.323611 0.044732
3 0.660417 0.966764 0.323611 0.044732
