1 0.085069 0.070117 0.092361 0.051953
0 0.553472 0.070117 0.756944 0.033203
7 0.166667 0.032227 0.333333 0.064453
0 0.166319 0.149805 0.136806 0.027734
7 0.500000 0.032227 0.333333 0.064453
0 0.500000 0.149805 0.133333 0.027734
7 0.833333 0.032227 0.333333 0.064453
0 0.833333 0.149805 0.136111 0.027734
0 0.119792 0.212891 0.161806 0.027344
0 0.573611 0.212891 0.697222 0.045312
3 0.173958 0.286328 0.295139 0.043750
3 0.510764 0.286328 0.329861 0.043750
3 0.836458 0.286328 0.272917 0.043750
8 0.461111 0.041016 0.918056 0.079687
1 0.107986 0.364258 0.056250 0.046484
0 0.832639 0.364453 0.175000 0.024219
0 0.440625 0.364258 0.550694 0.046484
8 0.461111 0.120703 0.918056 0.079687
1 0.107986 0.443945 0.056250 0.046484
0 0.841667 0.444141 0.156944 0.024219
0 0.449653 0.443945 0.568750 0.046484
8 0.461111 0.200391 0.918056 0.079687
1 0.107986 0.523633 0.056250 0.046484
0 0.841667 0.523828 0.156944 0.024219
0 0.449653 0.523633 0.568750 0.046484
8 0.461111 0.280078 0.918056 0.079687
0 0.107986 0.603320 0.056250 0.046484
0 0.841667 0.603516 0.156944 0.024219
0 0.449653 0.603320 0.568750 0.046484
8 0.461111 0.359766 0.918056 0.079687
0 0.107986 0.683008 0.056250 0.046484
0 0.841667 0.683203 0.156944 0.024219
0 0.449653 0.683008 0.568750 0.046484
8 0.461111 0.439453 0.918056 0.079687
0 0.107986 0.762695 0.056250 0.046484
0 0.850694 0.762891 0.138889 0.024219
0 0.458681 0.762695 0.586806 0.046484
8 0.461111 0.519141 0.918056 0.079687
0 0.107986 0.842383 0.056250 0.046484
0 0.850694 0.842578 0.138889 0.024219
0 0.458681 0.842383 0.586806 0.046484
8 0.461111 0.598828 0.918056 0.079687
0 0.107986 0.916602 0.056250 0.035547
0 0.850694 0.922266 0.138889 0.024219
0 0.458681 0.916602 0.586806 0.035547
