4 0.500000 0.480859 1.000000 0.742969
8 0.500000 0.034180 1.000000 0.068359
0 0.189236 0.143555 0.378472 0.068359
0 0.689236 0.143555 0.621528 0.068359
8 0.500000 0.104102 1.000000 0.068359
0 0.220139 0.213477 0.440278 0.068359
0 0.720139 0.213477 0.559722 0.068359
8 0.500000 0.183398 1.000000 0.087109
0 0.133681 0.292773 0.267361 0.036328
5 0.430208 0.292773 0.325694 0.070703
4 0.680556 0.292773 0.175000 0.087109
4 0.884028 0.292773 0.231944 0.087109
8 0.500000 0.262695 1.000000 0.068359
0 0.293750 0.372070 0.587500 0.068359
0 0.793750 0.372070 0.412500 0.068359
8 0.500000 0.332617 1.000000 0.068359
0 0.269444 0.441992 0.538889 0.068359
0 0.769444 0.441992 0.461111 0.068359
8 0.500000 0.402539 1.000000 0.068359
0 0.410417 0.511914 0.820833 0.068359
1 0.910417 0.511719 0.179167 0.054688
8 0.500000 0.472461 1.000000 0.068359
0 0.405903 0.581836 0.811806 0.068359
1 0.905903 0.581641 0.188194 0.054688
8 0.500000 0.547852 1.000000 0.079297
0 0.500000 0.657227 1.000000 0.079297
4 0.388889 0.034180 0.777778 0.068359
0 0.336458 0.070898 0.322917 0.036328
3 0.068056 0.038281 0.136111 0.076563
