3 0.244097 0.132120 0.463194 0.049387
3 0.755903 0.132120 0.463194 0.049387
0 0.500000 0.190159 0.969444 0.050829
4 0.500000 0.242610 0.969444 0.052632
6 0.056597 0.242430 0.024306 0.012617
0 0.294444 0.026316 0.433333 0.022350
0 0.584028 0.026316 0.145833 0.022350
0 0.834028 0.242610 0.243056 0.022350
4 0.500000 0.295242 0.969444 0.052632
6 0.056597 0.295061 0.024306 0.012617
0 0.834028 0.295242 0.243056 0.022350
4 0.500000 0.347873 0.969444 0.052632
6 0.056597 0.347693 0.024306 0.012617
0 0.834028 0.347873 0.243056 0.022350
4 0.500000 0.400505 0.969444 0.052632
6 0.056597 0.400324 0.024306 0.012617
0 0.834028 0.400505 0.243056 0.022350
4 0.500000 0.453136 0.969444 0.052632
6 0.056597 0.452956 0.024306 0.012617
0 0.834028 0.453136 0.243056 0.022350
4 0.500000 0.505768 0.969444 0.052632
6 0.056597 0.505588 0.024306 0.012617
0 0.834028 0.505768 0.243056 0.022350
4 0.500000 0.558399 0.969444 0.052632
6 0.056597 0.558219 0.024306 0.012617
0 0.834028 0.558399 0.243056 0.022350
4 0.500000 0.611031 0.969444 0.052632
6 0.056597 0.610851 0.024306 0.012617
0 0.834028 0.611031 0.243056 0.022350
4 0.500000 0.663663 0.969444 0.052632
6 0.056597 0.663482 0.024306 0.012617
0 0.834028 0.663663 0.243056 0.022350
4 0.500000 0.716294 0.969444 0.052632
6 0.056597 0.716114 0.024306 0.012617
0 0.834028 0.716294 0.243056 0.022350
4 0.500000 0.768926 0.969444 0.052632
6 0.056597 0.768745 0.024306 0.012617
0 0.834028 0.768926 0.243056 0.022350
4 0.500000 0.821557 0.969444 0.052632
6 0.056597 0.821377 0.024306 0.012617
0 0.834028 0.821557 0.243056 0.022350
4 0.500000 0.851118 0.969444 0.006489
3 0.487847 0.067592 0.975694 0.066691
