0 0.511458 0.075878 0.974306 0.035535
4 0.500000 0.561455 1.000000 0.818562
8 0.500000 0.188754 1.000000 0.073161
1 0.072917 0.188545 0.097222 0.058528
0 0.579167 0.168060 0.841667 0.031773
0 0.579167 0.196906 0.841667 0.025920
8 0.500000 0.264841 1.000000 0.073161
1 0.072917 0.264632 0.097222 0.058528
0 0.579167 0.244147 0.841667 0.031773
0 0.579167 0.272993 0.841667 0.025920
8 0.500000 0.340928 1.000000 0.073161
1 0.072917 0.340719 0.097222 0.058528
0 0.579167 0.320234 0.841667 0.031773
0 0.579167 0.349080 0.841667 0.025920
8 0.500000 0.417015 1.000000 0.073161
1 0.072917 0.416806 0.097222 0.058528
0 0.579167 0.396321 0.841667 0.031773
0 0.579167 0.425167 0.841667 0.025920
8 0.500000 0.493102 1.000000 0.073161
1 0.072917 0.492893 0.097222 0.058528
0 0.579167 0.472408 0.841667 0.031773
0 0.579167 0.501254 0.841667 0.025920
8 0.500000 0.569189 1.000000 0.073161
1 0.072917 0.568980 0.097222 0.058528
0 0.579167 0.548495 0.841667 0.031773
0 0.579167 0.577341 0.841667 0.025920
8 0.500000 0.645276 1.000000 0.073161
1 0.072917 0.645067 0.097222 0.058528
0 0.579167 0.624582 0.841667 0.031773
0 0.579167 0.653428 0.841667 0.025920
8 0.500000 0.721363 1.000000 0.073161
1 0.072917 0.721154 0.097222 0.058528
0 0.579167 0.700669 0.841667 0.031773
0 0.579167 0.729515 0.841667 0.025920
8 0.500000 0.797450 1.000000 0.073161
1 0.072917 0.797241 0.097222 0.058528
0 0.579167 0.776756 0.841667 0.031773
0 0.579167 0.805602 0.841667 0.025920
8 0.500000 0.873537 1.000000 0.073161
1 0.072917 0.873328 0.097222 0.058528
0 0.579167 0.852843 0.841667 0.031773
0 0.579167 0.881689 0.841667 0.025920
8 0.500000 0.941890 1.000000 0.057692
1 0.072917 0.945443 0.097222 0.050585
0 0.579167 0.928930 0.841667 0.031773
0 0.579167 0.957776 0.841667 0.025920
