5 0.512153 0.141722 0.975694 0.031773
4 0.500000 0.410744 1.000000 0.821488
8 0.500000 0.036580 1.000000 0.073161
8 0.500000 0.215092 1.000000 0.073161
8 0.060764 0.214883 0.082639 0.052676
8 0.554514 0.215092 0.865972 0.073161
8 0.500000 0.111413 1.000000 0.073161
8 0.500000 0.289925 1.000000 0.073161
8 0.060764 0.289716 0.072917 0.046823
8 0.554514 0.289925 0.865972 0.073161
8 0.500000 0.186246 1.000000 0.073161
8 0.500000 0.364758 1.000000 0.073161
8 0.060764 0.364548 0.072917 0.046823
8 0.554514 0.364758 0.865972 0.073161
8 0.500000 0.261079 1.000000 0.073161
8 0.500000 0.439590 1.000000 0.073161
8 0.060764 0.439381 0.082639 0.052676
8 0.554514 0.439590 0.865972 0.073161
8 0.500000 0.335911 1.000000 0.073161
8 0.500000 0.514423 1.000000 0.073161
8 0.060764 0.514214 0.072917 0.046823
8 0.554514 0.514423 0.865972 0.073161
8 0.500000 0.410744 1.000000 0.073161
8 0.500000 0.589256 1.000000 0.073161
8 0.060764 0.589047 0.072917 0.046823
8 0.554514 0.589256 0.865972 0.073161
8 0.500000 0.485577 1.000000 0.073161
8 0.500000 0.664089 1.000000 0.073161
8 0.060764 0.663880 0.082639 0.052676
8 0.554514 0.664089 0.865972 0.073161
8 0.500000 0.560410 1.000000 0.073161
8 0.500000 0.738921 1.000000 0.073161
8 0.060764 0.738712 0.082639 0.052676
8 0.554514 0.738921 0.865972 0.073161
8 0.500000 0.635242 1.000000 0.073161
8 0.500000 0.813754 1.000000 0.073161
8 0.060764 0.813545 0.072917 0.046823
8 0.554514 0.813754 0.865972 0.073161
8 0.500000 0.710075 1.000000 0.073161
8 0.500000 0.888587 1.000000 0.073161
8 0.060764 0.888378 0.082639 0.052676
8 0.554514 0.888587 0.865972 0.073161
8 0.500000 0.784908 1.000000 0.073161
8 0.500000 0.963420 1.000000 0.073161
8 0.060764 0.963211 0.082639 0.052676
8 0.554514 0.963420 0.865972 0.073161
3 0.227431 0.035117 0.454861 0.070234
2 0.019444 0.070234 0.038889 0.023411
1 0.054167 0.070234 0.048611 0.029264
0 0.261806 0.070025 0.347222 0.035535
3 0.795833 0.070234 0.136111 0.070234
3 0.931944 0.070234 0.136111 0.070234
