0 0.568056 0.071094 0.863889 0.076563
3 0.068056 0.038281 0.136111 0.076563
8 0.500000 0.036914 1.000000 0.073828
0 0.265972 0.146094 0.429167 0.025781
0 0.734028 0.146289 0.429167 0.073828
8 0.500000 0.112305 1.000000 0.073828
0 0.265972 0.221484 0.429167 0.025781
0 0.734028 0.221680 0.429167 0.073828
8 0.500000 0.187695 1.000000 0.073828
0 0.265972 0.296875 0.429167 0.025781
0 0.734028 0.297070 0.429167 0.073828
8 0.500000 0.263086 1.000000 0.073828
0 0.265972 0.372266 0.429167 0.025781
0 0.734028 0.372461 0.429167 0.073828
8 0.500000 0.338477 1.000000 0.073828
0 0.265972 0.447656 0.429167 0.025781
0 0.734028 0.447852 0.429167 0.073828
8 0.500000 0.413867 1.000000 0.073828
0 0.265972 0.523047 0.429167 0.025781
0 0.734028 0.523242 0.429167 0.073828
8 0.500000 0.489258 1.000000 0.073828
0 0.265972 0.598437 0.429167 0.025781
0 0.734028 0.598633 0.429167 0.073828
8 0.500000 0.564648 1.000000 0.073828
0 0.265972 0.673828 0.429167 0.025781
0 0.734028 0.674023 0.429167 0.073828
8 0.500000 0.640039 1.000000 0.073828
0 0.265972 0.749219 0.429167 0.025781
0 0.734028 0.749414 0.429167 0.073828
8 0.500000 0.715430 1.000000 0.073828
0 0.265972 0.824609 0.429167 0.025781
0 0.734028 0.824805 0.429167 0.073828
8 0.500000 0.790820 1.000000 0.073828
0 0.734028 0.867383 0.429167 0.008203
3 0.500000 0.902930 1.000000 0.062891
