3 0.068056 0.038281 0.136111 0.076563
3 0.659722 0.071094 0.136111 0.065625
3 0.795833 0.071094 0.136111 0.065625
3 0.931944 0.071094 0.136111 0.065625
4 0.166667 0.032813 0.333333 0.065625
0 0.166667 0.142187 0.097222 0.025781
4 0.500000 0.032813 0.333333 0.065625
0 0.499653 0.142187 0.070139 0.025781
4 0.833333 0.032813 0.333333 0.065625
0 0.833333 0.142187 0.106944 0.025781
8 0.500000 0.554688 1.000000 0.759375
8 0.500000 0.379688 1.000000 0.759375
4 0.043750 0.192383 0.087500 0.034766
1 0.046528 0.182031 0.068056 0.014063
0 0.239236 0.189648 0.278472 0.029297
1 0.425000 0.183398 0.077778 0.016797
0 0.518750 0.185938 0.047222 0.021875
1 0.612500 0.183398 0.077778 0.016797
0 0.804861 0.189648 0.291667 0.029297
2 0.975347 0.175977 0.024306 0.001953
4 0.043750 0.315039 0.087500 0.079297
1 0.046528 0.314844 0.068056 0.038281
0 0.239236 0.315039 0.278472 0.068359
1 0.425000 0.314844 0.077778 0.043750
0 0.518750 0.301172 0.109722 0.025781
0 0.518750 0.327930 0.047222 0.027734
1 0.612500 0.314844 0.077778 0.043750
0 0.804861 0.315039 0.291667 0.068359
2 0.975347 0.315039 0.024306 0.013672
4 0.500000 0.032813 1.000000 0.065625
1 0.046528 0.242578 0.068056 0.032813
0 0.158681 0.242578 0.131250 0.065625
0 0.263889 0.242578 0.079167 0.065625
2 0.975347 0.242383 0.024306 0.013672
4 0.043750 0.459961 0.087500 0.079297
1 0.046528 0.459766 0.068056 0.038281
0 0.239236 0.459961 0.278472 0.068359
1 0.425000 0.459766 0.077778 0.043750
0 0.518750 0.446094 0.109722 0.025781
0 0.518750 0.472852 0.047222 0.027734
1 0.612500 0.459766 0.077778 0.043750
0 0.804861 0.459961 0.291667 0.068359
2 0.975347 0.459961 0.024306 0.013672
1 0.046528 0.387500 0.068056 0.032813
0 0.173264 0.387500 0.160417 0.065625
0 0.521875 0.387500 0.536806 0.065625
2 0.975347 0.387305 0.024306 0.013672
4 0.043750 0.604883 0.087500 0.079297
1 0.046528 0.604688 0.068056 0.038281
0 0.239236 0.604883 0.278472 0.068359
1 0.425000 0.604688 0.077778 0.043750
0 0.518750 0.591016 0.109722 0.025781
0 0.518750 0.617773 0.047222 0.027734
1 0.612500 0.604688 0.077778 0.043750
0 0.804861 0.604883 0.291667 0.068359
2 0.975347 0.604883 0.024306 0.013672
1 0.046528 0.532422 0.068056 0.032813
0 0.206944 0.532422 0.227778 0.065625
0 0.364931 0.532422 0.088194 0.065625
2 0.975347 0.532227 0.024306 0.013672
4 0.043750 0.749805 0.087500 0.079297
1 0.046528 0.749609 0.068056 0.038281
0 0.239236 0.749805 0.278472 0.068359
1 0.425000 0.749609 0.077778 0.043750
0 0.518750 0.735938 0.109722 0.025781
0 0.518750 0.762695 0.047222 0.027734
1 0.612500 0.749609 0.077778 0.043750
0 0.804861 0.749805 0.291667 0.068359
2 0.975347 0.749805 0.024306 0.013672
1 0.046528 0.677344 0.068056 0.032813
0 0.164236 0.677344 0.142361 0.065625
0 0.467014 0.677344 0.463194 0.065625
2 0.975347 0.677148 0.024306 0.013672
4 0.043750 0.894727 0.087500 0.079297
1 0.046528 0.894531 0.068056 0.038281
0 0.239236 0.894727 0.278472 0.068359
1 0.425000 0.894531 0.077778 0.043750
0 0.518750 0.880859 0.109722 0.025781
0 0.518750 0.907617 0.047222 0.027734
1 0.612500 0.894531 0.077778 0.043750
0 0.804861 0.894727 0.291667 0.068359
2 0.975347 0.894727 0.024306 0.013672
1 0.046528 0.822266 0.068056 0.032813
0 0.180903 0.822266 0.175694 0.065625
0 0.418056 0.822266 0.298611 0.065625
2 0.975347 0.822070 0.024306 0.013672
8 0.500000 0.032813 1.000000 0.065625
1 0.046528 0.184180 0.068056 0.018359
0 0.172917 0.192383 0.159722 0.034766
0 0.346528 0.192383 0.187500 0.034766
2 0.975347 0.179297 0.024306 0.008594
