0 0.256597 0.070898 0.221528 0.036328
3 0.068056 0.038281 0.136111 0.076563
0 0.500000 0.159961 0.173611 0.046484
1 0.500000 0.257031 0.243056 0.136719
4 0.487500 0.629883 0.583333 0.608984
8 0.487500 0.355469 0.583333 0.060156
1 0.225000 0.355469 0.058333 0.032813
0 0.487500 0.355273 0.161111 0.036328
1 0.750000 0.355469 0.058333 0.032813
8 0.487500 0.416406 0.583333 0.060156
1 0.225000 0.416406 0.058333 0.032813
0 0.487153 0.416211 0.174306 0.036328
1 0.750000 0.416406 0.058333 0.032813
8 0.487500 0.477344 0.583333 0.060156
1 0.225000 0.477344 0.058333 0.032813
0 0.487153 0.477148 0.184028 0.036328
1 0.750000 0.477344 0.058333 0.032813
8 0.487500 0.538281 0.583333 0.060156
1 0.225000 0.538281 0.058333 0.032813
0 0.487153 0.538086 0.250694 0.036328
1 0.750000 0.538281 0.058333 0.032813
8 0.487500 0.599219 0.583333 0.060156
1 0.225000 0.599219 0.058333 0.032813
0 0.487500 0.599023 0.204167 0.036328
1 0.750000 0.599219 0.058333 0.032813
8 0.487500 0.660156 0.583333 0.060156
1 0.225000 0.660156 0.058333 0.032813
0 0.487153 0.659961 0.134028 0.036328
1 0.750000 0.660156 0.058333 0.032813
8 0.487500 0.721094 0.583333 0.060156
1 0.225000 0.721094 0.058333 0.032813
0 0.487500 0.720898 0.194444 0.036328
1 0.750000 0.721094 0.058333 0.032813
