3 0.934375 0.040945 0.127083 0.079289
3 0.065625 0.040945 0.127083 0.079289
3 0.194792 0.040945 0.127083 0.079289
3 0.323958 0.040945 0.127083 0.079289
3 0.453125 0.040945 0.127083 0.079289
3 0.582292 0.040945 0.127083 0.079289
3 0.711458 0.040945 0.127083 0.079289
3 0.500000 0.433276 1.000000 0.866551
8 0.500000 0.219454 1.000000 0.099220
1 0.048611 0.219237 0.077778 0.048527
0 0.258681 0.202990 0.284028 0.042028
0 0.189931 0.240468 0.146528 0.032929
0 0.363889 0.240468 0.162500 0.032929
8 0.500000 0.323007 1.000000 0.099220
1 0.048611 0.322790 0.077778 0.048527
0 0.207292 0.306542 0.181250 0.042028
0 0.189931 0.344021 0.146528 0.032929
0 0.363889 0.344021 0.162500 0.032929
8 0.500000 0.426560 1.000000 0.099220
1 0.048611 0.426343 0.077778 0.048527
0 0.238194 0.410095 0.243056 0.042028
0 0.189931 0.447574 0.146528 0.032929
0 0.363889 0.447574 0.162500 0.032929
8 0.500000 0.530113 1.000000 0.099220
1 0.048611 0.529896 0.077778 0.048527
0 0.260417 0.513648 0.287500 0.042028
0 0.189931 0.551127 0.146528 0.032929
0 0.363889 0.551127 0.162500 0.032929
8 0.500000 0.633666 1.000000 0.099220
1 0.048611 0.633449 0.077778 0.048527
0 0.191667 0.617201 0.150000 0.042028
0 0.189931 0.654679 0.146528 0.032929
0 0.363889 0.654679 0.162500 0.032929
8 0.500000 0.737218 1.000000 0.099220
1 0.048611 0.737002 0.077778 0.048527
0 0.243403 0.720754 0.253472 0.042028
0 0.189931 0.758232 0.146528 0.032929
0 0.363889 0.758232 0.162500 0.032929
8 0.500000 0.840771 1.000000 0.099220
1 0.048611 0.840555 0.077778 0.048527
0 0.188194 0.824307 0.143056 0.042028
0 0.189931 0.861785 0.146528 0.032929
0 0.363889 0.861785 0.162500 0.032929
8 0.500000 0.944324 1.000000 0.099220
1 0.048611 0.944107 0.077778 0.048527
0 0.144444 0.927860 0.055556 0.042028
0 0.189931 0.965338 0.146528 0.032929
0 0.363889 0.965338 0.162500 0.032929
8 0.500000 0.999133 1.000000 0.001733
0 0.500000 0.144064 0.984722 0.051560
