4 0.526316 0.581656 0.918129 0.836688
8 0.459064 0.036139 0.918129 0.072278
1 0.114766 0.199451 0.095029 0.043001
0 0.573830 0.199451 0.823099 0.030192
8 0.459064 0.109332 0.918129 0.072278
1 0.114766 0.272644 0.095029 0.043001
0 0.573830 0.272644 0.823099 0.030192
8 0.459064 0.182525 0.918129 0.072278
1 0.114766 0.345837 0.095029 0.043001
0 0.573830 0.345837 0.823099 0.030192
8 0.459064 0.255718 0.918129 0.072278
1 0.114766 0.419030 0.095029 0.043001
0 0.573830 0.419030 0.823099 0.030192
8 0.459064 0.328911 0.918129 0.072278
1 0.114766 0.492223 0.095029 0.043001
0 0.573830 0.492223 0.823099 0.030192
8 0.459064 0.402104 0.918129 0.072278
1 0.114766 0.565416 0.095029 0.043001
0 0.573830 0.565416 0.823099 0.030192
8 0.459064 0.475297 0.918129 0.072278
1 0.114766 0.638609 0.095029 0.043001
0 0.573830 0.638609 0.823099 0.030192
8 0.459064 0.548490 0.918129 0.072278
1 0.114766 0.711802 0.095029 0.043001
0 0.573830 0.711802 0.823099 0.030192
8 0.459064 0.621683 0.918129 0.072278
1 0.114766 0.784995 0.095029 0.043001
0 0.573830 0.784995 0.823099 0.030192
8 0.459064 0.694876 0.918129 0.072278
1 0.114766 0.858188 0.095029 0.043001
0 0.573830 0.858188 0.823099 0.030192
8 0.459064 0.768070 0.918129 0.072278
1 0.114766 0.931382 0.095029 0.043001
0 0.573830 0.931382 0.823099 0.030192
8 0.459064 0.841263 0.918129 0.072278
1 0.114766 0.991537 0.095029 0.016926
0 0.573830 0.994739 0.823099 0.010522
