4 0.526316 0.593820 0.918129 0.812360
8 0.459064 0.039326 0.918129 0.078652
0 0.235380 0.226685 0.258772 0.047753
8 0.459064 0.134831 0.918129 0.110112
1 0.206140 0.322472 0.124269 0.070787
1 0.893275 0.322472 0.081871 0.062921
8 0.459064 0.246067 0.918129 0.110112
1 0.206140 0.433708 0.124269 0.070787
1 0.893275 0.433708 0.081871 0.062921
8 0.459064 0.357303 0.918129 0.110112
1 0.206140 0.544944 0.124269 0.070787
1 0.893275 0.544944 0.081871 0.062921
8 0.459064 0.468539 0.918129 0.110112
1 0.206140 0.656180 0.124269 0.070787
1 0.893275 0.656180 0.081871 0.062921
8 0.459064 0.579775 0.918129 0.110112
1 0.206140 0.767416 0.124269 0.070787
1 0.893275 0.767416 0.081871 0.062921
8 0.459064 0.691011 0.918129 0.110112
1 0.206140 0.878652 0.124269 0.070787
1 0.893275 0.878652 0.081871 0.062921
8 0.459064 0.802247 0.918129 0.110112
1 0.206140 0.977247 0.124269 0.045506
1 0.893275 0.979213 0.081871 0.041573
8 0.459064 0.913483 0.918129 0.110112
