4 0.500000 0.552676 1.000000 0.894649
8 0.500000 0.046823 0.922222 0.093645
0 0.284375 0.138169 0.452083 0.035535
0 0.330903 0.169732 0.545139 0.027592
8 0.500000 0.141304 0.922222 0.093645
0 0.181597 0.232651 0.246528 0.035535
0 0.286111 0.264214 0.455556 0.027592
8 0.500000 0.235786 0.922222 0.093645
0 0.221875 0.327132 0.327083 0.035535
0 0.245139 0.358696 0.373611 0.027592
8 0.500000 0.330268 0.922222 0.093645
0 0.195833 0.421614 0.275000 0.035535
0 0.279514 0.453177 0.442361 0.027592
8 0.500000 0.424749 0.922222 0.093645
0 0.161458 0.516095 0.206250 0.035535
0 0.283333 0.547659 0.450000 0.027592
8 0.500000 0.519231 0.922222 0.093645
0 0.188889 0.610577 0.261111 0.035535
0 0.251736 0.642140 0.386806 0.027592
8 0.500000 0.613712 0.922222 0.093645
0 0.162847 0.705059 0.209028 0.035535
0 0.255556 0.736622 0.394444 0.027592
8 0.500000 0.708194 0.922222 0.093645
0 0.191319 0.799540 0.265972 0.035535
0 0.286806 0.831104 0.456944 0.027592
8 0.500000 0.802676 0.922222 0.093645
0 0.172569 0.894022 0.228472 0.035535
0 0.226042 0.925585 0.335417 0.027592
8 0.500000 0.897157 0.922222 0.093645
0 0.173958 0.985368 0.231250 0.029264
4 0.175347 0.035117 0.310417 0.070234
1 0.068750 0.070234 0.077778 0.046823
0 0.214236 0.070025 0.193750 0.035535
