8 0.500000 0.412500 1.000000 0.825000
8 0.500000 0.240820 0.893056 0.066016
0 0.164583 0.240820 0.163889 0.033203
2 0.902778 0.240625 0.029167 0.016406
8 0.500000 0.308398 0.893056 0.066016
0 0.155556 0.308398 0.145833 0.033203
2 0.902778 0.308203 0.029167 0.016406
8 0.500000 0.375977 0.893056 0.066016
0 0.156250 0.375977 0.147222 0.033203
2 0.902778 0.375781 0.029167 0.016406
8 0.500000 0.443555 0.893056 0.066016
0 0.123264 0.443555 0.081250 0.033203
2 0.902778 0.443359 0.029167 0.016406
8 0.500000 0.511133 0.893056 0.066016
0 0.121528 0.511133 0.077778 0.033203
2 0.902778 0.510938 0.029167 0.016406
8 0.500000 0.578711 0.893056 0.066016
0 0.154514 0.578711 0.143750 0.033203
2 0.902778 0.578516 0.029167 0.016406
8 0.500000 0.646289 0.893056 0.066016
0 0.156944 0.646289 0.148611 0.033203
2 0.902778 0.646094 0.029167 0.016406
8 0.500000 0.713867 0.893056 0.066016
0 0.168750 0.713867 0.172222 0.033203
2 0.902778 0.713672 0.029167 0.016406
8 0.500000 0.781445 0.893056 0.066016
0 0.123958 0.781445 0.082639 0.033203
2 0.902778 0.781250 0.029167 0.016406
8 0.500000 0.849023 0.893056 0.066016
0 0.122917 0.849023 0.080556 0.033203
2 0.902778 0.848828 0.029167 0.016406
8 0.500000 0.908984 0.893056 0.050781
0 0.121875 0.916602 0.078472 0.033203
2 0.902778 0.916406 0.029167 0.016406
0 0.328819 0.081836 0.365972 0.036328
3 0.068056 0.038281 0.136111 0.076563
7 0.250000 0.032813 0.500000 0.065625
0 0.250000 0.032617 0.106944 0.033203
7 0.750000 0.032813 0.500000 0.065625
0 0.250000 0.032617 0.108333 0.033203
