0 0.500000 0.052885 0.980556 0.033863
0 0.500000 0.044732 1.000000 0.089465
4 0.500000 0.326087 1.000000 0.329431
8 0.500000 0.032609 1.000000 0.065217
1 0.090278 0.193980 0.058333 0.035117
0 0.232639 0.193980 0.177778 0.035953
8 0.500000 0.098662 1.000000 0.065217
1 0.090278 0.260033 0.058333 0.035117
0 0.232639 0.260033 0.177778 0.035953
8 0.500000 0.164716 1.000000 0.065217
1 0.090278 0.326087 0.058333 0.035117
0 0.232639 0.326087 0.177778 0.035953
8 0.500000 0.230769 1.000000 0.065217
1 0.090278 0.392140 0.058333 0.035117
0 0.232639 0.392140 0.177778 0.035953
8 0.500000 0.296823 1.000000 0.065217
1 0.090278 0.458194 0.058333 0.035117
0 0.252083 0.458194 0.216667 0.035953
