0 0.147917 0.125977 0.295833 0.033203
4 0.500000 0.349609 1.000000 0.414062
8 0.500000 0.028906 1.000000 0.057813
0 0.461111 0.171289 0.873611 0.033203
8 0.500000 0.088281 1.000000 0.057813
0 0.461111 0.230664 0.873611 0.033203
8 0.500000 0.147656 1.000000 0.057813
0 0.473264 0.290039 0.849306 0.033203
8 0.500000 0.207031 1.000000 0.057813
0 0.473264 0.349414 0.849306 0.033203
8 0.500000 0.266406 1.000000 0.057813
0 0.473264 0.408789 0.849306 0.033203
1 0.936806 0.408984 0.077778 0.043750
8 0.500000 0.325781 1.000000 0.057813
0 0.473264 0.468164 0.849306 0.033203
8 0.500000 0.385156 1.000000 0.057813
0 0.473264 0.527539 0.849306 0.033203
1 0.936806 0.527734 0.077778 0.043750
4 0.500000 0.071094 1.000000 0.076563
0 0.331250 0.070898 0.370833 0.033203
4 0.068056 0.038281 0.136111 0.076563
