0 0.519097 0.045996 0.221528 0.021541
3 0.068056 0.024835 0.136111 0.049671
4 0.500000 0.120502 1.000000 0.099088
1 0.175000 0.120502 0.291667 0.077800
3 0.406250 0.120502 0.112500 0.016979
0 0.879861 0.120502 0.181944 0.027623
4 0.500000 0.220603 1.000000 0.099088
1 0.175000 0.220603 0.291667 0.077800
3 0.379861 0.220603 0.059722 0.016979
0 0.879861 0.220603 0.181944 0.027623
4 0.500000 0.320705 1.000000 0.099088
1 0.175000 0.320705 0.291667 0.077800
3 0.388889 0.320705 0.077778 0.016979
0 0.879861 0.320705 0.181944 0.027623
4 0.500000 0.420806 1.000000 0.099088
1 0.175000 0.420806 0.291667 0.077800
3 0.403819 0.420806 0.107639 0.016979
0 0.879861 0.420806 0.181944 0.027623
4 0.500000 0.513938 1.000000 0.085150
1 0.175000 0.519260 0.291667 0.074506
3 0.409722 0.520907 0.119444 0.016979
0 0.879861 0.520907 0.181944 0.027623
3 0.124306 0.581348 0.170833 0.042575
3 0.312153 0.581348 0.204861 0.042575
3 0.517014 0.581348 0.204861 0.042575
3 0.721875 0.581348 0.204861 0.042575
3 0.912153 0.581348 0.175694 0.042575
