3 0.068056 0.040970 0.136111 0.081940
0 0.449653 0.075878 0.607639 0.038880
3 0.941667 0.076087 0.116667 0.070234
4 0.500000 0.558528 1.000000 0.882943
8 0.500000 0.020903 1.000000 0.041806
0 0.500000 0.137960 1.000000 0.041806
8 0.500000 0.090092 1.000000 0.094064
0 0.500000 0.207149 1.000000 0.035535
8 0.500000 0.185410 1.000000 0.094064
0 0.500000 0.302467 1.000000 0.035535
8 0.500000 0.280727 1.000000 0.094064
0 0.500000 0.397784 1.000000 0.035535
8 0.500000 0.376045 1.000000 0.094064
0 0.500000 0.493102 1.000000 0.035535
8 0.500000 0.471363 1.000000 0.094064
0 0.500000 0.588420 1.000000 0.035535
8 0.500000 0.566681 1.000000 0.094064
0 0.500000 0.683737 1.000000 0.035535
8 0.500000 0.661998 1.000000 0.094064
0 0.500000 0.779055 1.000000 0.035535
8 0.500000 0.757316 1.000000 0.094064
0 0.500000 0.874373 1.000000 0.035535
8 0.500000 0.852634 1.000000 0.094064
0 0.500000 0.969691 1.000000 0.035535
