0 0.241319 0.070898 0.132639 0.036328
3 0.068056 0.038281 0.136111 0.076563
8 0.500000 0.159375 1.000000 0.100000
1 0.104861 0.159375 0.136111 0.076563
1 0.104861 0.050000 0.136111 0.076563
0 0.572222 0.159375 0.661111 0.100000
2 0.942361 0.159375 0.018056 0.016406
8 0.500000 0.259375 1.000000 0.100000
1 0.104861 0.259375 0.136111 0.076563
0 0.572222 0.259375 0.661111 0.100000
2 0.942361 0.259375 0.018056 0.016406
8 0.500000 0.359375 1.000000 0.100000
1 0.104861 0.359375 0.136111 0.076563
0 0.572222 0.359375 0.661111 0.100000
2 0.942361 0.359375 0.018056 0.016406
8 0.500000 0.459375 1.000000 0.100000
1 0.104861 0.459375 0.136111 0.076563
0 0.572222 0.459375 0.661111 0.100000
2 0.942361 0.459375 0.018056 0.016406
8 0.500000 0.559375 1.000000 0.100000
1 0.104861 0.559375 0.136111 0.076563
0 0.572222 0.559375 0.661111 0.100000
2 0.942361 0.559375 0.018056 0.016406
8 0.500000 0.659375 1.000000 0.100000
1 0.104861 0.659375 0.136111 0.076563
0 0.572222 0.659375 0.661111 0.100000
2 0.942361 0.659375 0.018056 0.016406
8 0.500000 0.759375 1.000000 0.100000
1 0.104861 0.759375 0.136111 0.076563
0 0.572222 0.759375 0.661111 0.100000
2 0.942361 0.759375 0.018056 0.016406
8 0.500000 0.859375 1.000000 0.100000
1 0.104861 0.859375 0.136111 0.076563
0 0.572222 0.859375 0.661111 0.100000
2 0.942361 0.859375 0.018056 0.016406
8 0.500000 0.921875 1.000000 0.025000
1 0.104861 0.927734 0.136111 0.013281
0 0.572222 0.921875 0.661111 0.025000
