0 0.235764 0.070898 0.179861 0.036328
3 0.068056 0.038281 0.136111 0.076563
4 0.500000 0.521875 1.000000 0.825000
8 0.500000 0.049609 1.000000 0.099219
0 0.198611 0.146094 0.319444 0.029687
0 0.166667 0.173828 0.255556 0.025781
8 0.500000 0.150391 1.000000 0.099219
0 0.149306 0.246875 0.220833 0.029687
0 0.319097 0.274609 0.560417 0.025781
8 0.500000 0.238281 1.000000 0.073438
0 0.143403 0.347656 0.209028 0.029687
6 0.903472 0.347461 0.115278 0.037109
8 0.500000 0.326172 1.000000 0.099219
0 0.171528 0.422656 0.265278 0.029687
0 0.236806 0.450391 0.395833 0.025781
8 0.500000 0.426953 1.000000 0.099219
0 0.234375 0.523438 0.390972 0.029687
0 0.093403 0.551172 0.109028 0.025781
8 0.500000 0.527734 1.000000 0.099219
0 0.136806 0.624219 0.195833 0.029687
0 0.070139 0.651953 0.062500 0.025781
8 0.500000 0.628516 1.000000 0.099219
0 0.237153 0.725000 0.396528 0.029687
0 0.113889 0.752734 0.150000 0.025781
8 0.500000 0.729297 1.000000 0.099219
0 0.227083 0.825781 0.376389 0.029687
0 0.136111 0.853516 0.194444 0.025781
8 0.500000 0.830078 1.000000 0.099219
0 0.252778 0.923047 0.427778 0.022656
