4 0.124306 0.040970 0.248611 0.081940
1 0.124306 0.146321 0.136111 0.081940
4 0.374306 0.040970 0.248611 0.081940
1 0.374306 0.146321 0.136111 0.081940
4 0.624653 0.040970 0.249306 0.081940
1 0.624306 0.146321 0.136111 0.081940
4 0.875347 0.040970 0.249306 0.081940
1 0.875000 0.146321 0.136111 0.081940
4 0.500000 0.557274 1.000000 0.742475
8 0.487847 0.046823 0.897917 0.070234
1 0.087500 0.232860 0.077778 0.046823
0 0.462153 0.232860 0.632639 0.046823
8 0.487847 0.117893 0.897917 0.070234
0 0.497569 0.314172 0.878472 0.038043
8 0.487847 0.188963 0.897917 0.070234
0 0.462153 0.375000 0.632639 0.046823
8 0.868750 0.374791 0.116667 0.035535
4 0.248264 0.035117 0.456250 0.070234
1 0.068750 0.070234 0.077778 0.046823
0 0.287153 0.058319 0.339583 0.035535
0 0.196528 0.085702 0.158333 0.027592
3 0.071181 0.964883 0.142361 0.070234
3 0.356597 0.964883 0.142361 0.070234
3 0.642014 0.964883 0.142361 0.070234
3 0.928819 0.035117 0.142361 0.070234
