1 0.500000 0.483594 1.000000 0.901563
4 0.388889 0.034180 0.777778 0.068359
1 0.121528 0.125195 0.243056 0.048047
4 0.951042 0.125195 0.097917 0.048047
1 0.944792 0.125000 0.085417 0.034375
0 0.499653 0.066992 0.215972 0.032422
4 0.053819 0.066992 0.063194 0.035547
3 0.940972 0.066992 0.073611 0.027734
8 0.500000 0.101562 1.000000 0.000781
1 0.148611 0.136328 0.048611 0.027344
4 0.537847 0.134961 0.704861 0.066016
0 0.544097 0.134961 0.692361 0.041016
8 0.519444 0.168359 0.961111 0.000781
1 0.087500 0.203125 0.048611 0.027344
4 0.507292 0.201758 0.765972 0.066016
0 0.513542 0.201758 0.753472 0.041016
8 0.519444 0.235156 0.961111 0.000781
4 0.507292 0.268555 0.765972 0.066016
0 0.513542 0.268555 0.753472 0.041016
8 0.519444 0.301953 0.961111 0.000781
4 0.507292 0.335352 0.765972 0.066016
0 0.513542 0.335352 0.753472 0.041016
8 0.519444 0.368750 0.961111 0.000781
4 0.507292 0.402148 0.765972 0.066016
0 0.513542 0.402148 0.753472 0.041016
8 0.519444 0.435547 0.961111 0.000781
4 0.507292 0.468945 0.765972 0.066016
0 0.513542 0.468945 0.753472 0.041016
8 0.519444 0.502344 0.961111 0.000781
4 0.507292 0.535742 0.765972 0.066016
0 0.513542 0.535742 0.753472 0.041016
8 0.519444 0.569141 0.961111 0.000781
4 0.507292 0.602539 0.765972 0.066016
0 0.513542 0.602539 0.753472 0.041016
3 0.500000 0.729102 1.000000 0.073828
3 0.500000 0.831641 1.000000 0.131250
