4 0.055903 0.068771 0.111806 0.067308
0 0.349306 0.068771 0.405556 0.035535
4 0.942708 0.068771 0.111806 0.067308
4 0.830903 0.068771 0.111806 0.067308
8 0.500000 0.551212 1.000000 0.897575
8 0.500000 0.076714 1.000000 0.153428
0 0.069444 0.017768 0.138889 0.035535
0 0.362153 0.143604 0.368750 0.035535
0 0.084722 0.017768 0.169444 0.035535
0 0.391667 0.179139 0.366667 0.035535
0 0.056250 0.017768 0.112500 0.035535
0 0.561111 0.214674 0.819444 0.035535
8 0.500000 0.198997 1.000000 0.087793
0 0.405208 0.301212 0.810417 0.038880
0 0.890625 0.301421 0.160417 0.035117
