8 0.500000 0.416602 1.000000 0.833203
8 0.500000 0.159375 1.000000 0.100000
1 0.104861 0.159375 0.136111 0.076563
1 0.104861 0.050000 0.136111 0.076563
0 0.572222 0.159375 0.661111 0.100000
2 0.942361 0.159375 0.018056 0.016406
8 0.500000 0.259375 1.000000 0.100000
1 0.104861 0.259375 0.136111 0.076563
0 0.572222 0.259375 0.661111 0.100000
2 0.942361 0.259375 0.018056 0.016406
8 0.500000 0.359375 1.000000 0.100000
1 0.104861 0.359375 0.136111 0.076563
0 0.572222 0.359375 0.661111 0.100000
2 0.942361 0.359375 0.018056 0.016406
8 0.500000 0.459375 1.000000 0.100000
1 0.104861 0.459375 0.136111 0.076563
0 0.572222 0.459375 0.661111 0.100000
2 0.942361 0.459375 0.018056 0.016406
8 0.500000 0.559375 1.000000 0.100000
1 0.104861 0.559375 0.136111 0.076563
0 0.572222 0.559375 0.661111 0.100000
2 0.942361 0.559375 0.018056 0.016406
8 0.500000 0.659375 1.000000 0.100000
1 0.104861 0.659375 0.136111 0.076563
0 0.572222 0.659375 0.661111 0.100000
2 0.942361 0.659375 0.018056 0.016406
8 0.500000 0.759375 1.000000 0.100000
1 0.104861 0.759375 0.136111 0.076563
0 0.572222 0.759375 0.661111 0.100000
2 0.942361 0.759375 0.018056 0.016406
8 0.500000 0.837695 1.000000 0.056641
1 0.104861 0.843555 0.136111 0.044922
0 0.572222 0.837695 0.661111 0.056641
2 0.942361 0.858594 0.018056 0.014844
1 0.072917 0.071094 0.145833 0.076563
6 0.392361 0.071289 0.216667 0.035547
6 0.609028 0.071289 0.216667 0.035547
1 0.927083 0.071094 0.145833 0.076563
6 0.166667 0.900195 0.333333 0.068359
6 0.500000 0.900195 0.333333 0.068359
6 0.833333 0.900195 0.333333 0.068359
