4 0.500000 0.522993 1.000000 0.835284
8 0.500000 0.035117 1.000000 0.070234
1 0.065972 0.140468 0.116667 0.070234
0 0.215625 0.140468 0.153472 0.027592
1 0.957292 0.140259 0.085417 0.051421
8 0.500000 0.108278 1.000000 0.070234
1 0.065972 0.213629 0.116667 0.070234
0 0.205556 0.203595 0.133333 0.027592
0 0.329514 0.227216 0.381250 0.019649
1 0.957292 0.213420 0.085417 0.051421
8 0.500000 0.181438 1.000000 0.070234
1 0.065972 0.286789 0.116667 0.070234
0 0.226042 0.276756 0.174306 0.027592
0 0.281597 0.300376 0.285417 0.019649
1 0.957292 0.286580 0.085417 0.051421
8 0.500000 0.254599 1.000000 0.070234
1 0.065972 0.359950 0.116667 0.070234
0 0.269792 0.359950 0.261806 0.027592
1 0.957292 0.359741 0.085417 0.051421
8 0.500000 0.327759 1.000000 0.070234
1 0.065972 0.433110 0.116667 0.070234
0 0.253819 0.433110 0.229861 0.027592
1 0.957292 0.432901 0.085417 0.051421
8 0.500000 0.400920 1.000000 0.070234
1 0.065972 0.506271 0.116667 0.070234
0 0.202431 0.506271 0.127083 0.027592
1 0.957292 0.506062 0.085417 0.051421
8 0.500000 0.474080 1.000000 0.070234
1 0.065972 0.579431 0.116667 0.070234
0 0.272222 0.579431 0.266667 0.027592
1 0.957292 0.579222 0.085417 0.051421
8 0.500000 0.547241 1.000000 0.070234
1 0.065972 0.652592 0.116667 0.070234
0 0.221528 0.642559 0.165278 0.027592
0 0.303472 0.666179 0.329167 0.019649
1 0.957292 0.652383 0.085417 0.051421
8 0.500000 0.620401 1.000000 0.070234
1 0.065972 0.725753 0.116667 0.070234
0 0.239236 0.715719 0.200694 0.027592
0 0.238542 0.739339 0.199306 0.019649
1 0.957292 0.725543 0.085417 0.051421
8 0.500000 0.693562 1.000000 0.070234
1 0.065972 0.798913 0.116667 0.070234
0 0.243056 0.788880 0.208333 0.027592
0 0.297917 0.812500 0.318056 0.019649
1 0.957292 0.798704 0.085417 0.051421
8 0.500000 0.766722 1.000000 0.070234
1 0.065972 0.872074 0.116667 0.070234
0 0.239583 0.862040 0.201389 0.027592
0 0.316667 0.885661 0.355556 0.019649
1 0.957292 0.871865 0.085417 0.051421
8 0.500000 0.839883 1.000000 0.070234
1 0.065972 0.925376 0.116667 0.030518
0 0.233681 0.931020 0.189583 0.019231
1 0.957292 0.929975 0.085417 0.021321
0 0.500000 0.864967 1.000000 0.059365
3 0.237500 0.035117 0.475000 0.070234
2 0.019444 0.070234 0.038889 0.023411
1 0.068750 0.070234 0.077778 0.046823
0 0.286458 0.070025 0.338194 0.035535
