4 0.053125 0.072115 0.072917 0.043896
0 0.487847 0.071697 0.786806 0.035535
4 0.934722 0.071906 0.097222 0.058528
4 0.500000 0.554348 1.000000 0.891304
8 0.500000 0.034699 1.000000 0.069398
1 0.063889 0.143395 0.077778 0.046823
0 0.551389 0.143395 0.872222 0.027592
8 0.500000 0.104933 1.000000 0.069398
1 0.063889 0.213629 0.077778 0.046823
0 0.551389 0.213629 0.872222 0.027592
8 0.500000 0.175167 1.000000 0.069398
1 0.063889 0.283863 0.077778 0.046823
0 0.551389 0.283863 0.872222 0.027592
8 0.500000 0.245401 1.000000 0.069398
1 0.063889 0.354097 0.077778 0.046823
0 0.551389 0.354097 0.872222 0.027592
8 0.500000 0.315635 1.000000 0.069398
1 0.063889 0.424331 0.077778 0.046823
0 0.551389 0.424331 0.872222 0.027592
8 0.500000 0.385870 1.000000 0.069398
1 0.063889 0.494565 0.077778 0.046823
0 0.551389 0.494565 0.872222 0.027592
8 0.500000 0.456104 1.000000 0.069398
1 0.063889 0.564799 0.077778 0.046823
0 0.551389 0.564799 0.872222 0.027592
8 0.500000 0.526338 1.000000 0.069398
1 0.063889 0.635033 0.077778 0.046823
0 0.551389 0.635033 0.872222 0.027592
8 0.500000 0.596572 1.000000 0.069398
1 0.063889 0.705268 0.077778 0.046823
0 0.551389 0.705268 0.872222 0.027592
8 0.500000 0.666806 1.000000 0.069398
1 0.063889 0.775502 0.077778 0.046823
0 0.551389 0.775502 0.872222 0.027592
8 0.500000 0.737040 1.000000 0.069398
1 0.063889 0.845736 0.077778 0.046823
0 0.551389 0.845736 0.872222 0.027592
8 0.500000 0.807274 1.000000 0.069398
1 0.063889 0.915970 0.077778 0.046823
0 0.551389 0.915970 0.872222 0.027592
8 0.500000 0.877508 1.000000 0.069398
1 0.063889 0.981396 0.077778 0.037207
0 0.551389 0.986204 0.872222 0.027592
