4 0.500000 0.353261 1.000000 0.359532
8 0.500000 0.209448 1.000000 0.071906
0 0.321181 0.209239 0.403472 0.038880
8 0.500000 0.281355 1.000000 0.071906
0 0.341319 0.281145 0.443750 0.038880
8 0.500000 0.353261 1.000000 0.071906
0 0.330208 0.353052 0.421528 0.038880
8 0.500000 0.425167 1.000000 0.071906
0 0.312847 0.424958 0.386806 0.038880
8 0.500000 0.497074 1.000000 0.071906
0 0.297222 0.496865 0.355556 0.038880
4 0.500000 0.139423 1.000000 0.068144
0 0.200347 0.139423 0.400694 0.068144
0 0.433681 0.145276 0.046528 0.028846
3 0.190278 0.035117 0.380556 0.070234
1 0.021875 0.070443 0.043750 0.028010
1 0.073611 0.070234 0.077778 0.046823
0 0.241667 0.058319 0.238889 0.035535
0 0.235417 0.085702 0.226389 0.027592
5 0.795833 0.070234 0.136111 0.070234
1 0.795833 0.070234 0.136111 0.070234
3 0.931944 0.070234 0.136111 0.070234
