1 0.062847 0.066992 0.072917 0.068359
4 0.567014 0.066797 0.797917 0.040625
1 0.221181 0.066602 0.032639 0.025391
0 0.504861 0.066797 0.486111 0.040625
7 0.100000 0.032813 0.200000 0.065625
0 0.100000 0.133984 0.141667 0.041406
7 0.300000 0.032813 0.200000 0.065625
0 0.299653 0.133984 0.100694 0.024219
7 0.500000 0.032813 0.200000 0.065625
0 0.499653 0.133984 0.086806 0.024219
7 0.700000 0.032813 0.200000 0.065625
0 0.699653 0.133984 0.132639 0.024219
7 0.900000 0.032813 0.200000 0.065625
0 0.900000 0.133789 0.138889 0.022266
8 0.500000 0.337695 0.951389 0.287109
1 0.500000 0.337695 0.951389 0.287109
0 0.695833 0.426758 0.486111 0.062109
0 0.161111 0.206641 0.248611 0.024219
0 0.871528 0.350000 0.029167 0.044531
0 0.930903 0.350000 0.089583 0.044531
1 0.082639 0.445703 0.077778 0.043750
1 0.548611 0.283203 0.854167 0.178125
8 0.500000 0.672656 0.951389 0.300781
1 0.500000 0.672656 0.951389 0.300781
0 0.695833 0.752734 0.486111 0.093750
0 0.161111 0.548438 0.248611 0.024219
0 0.870139 0.660156 0.029167 0.044531
0 0.930208 0.660156 0.090972 0.044531
1 0.082639 0.787500 0.077778 0.043750
1 0.548611 0.602344 0.854167 0.160156
8 0.500000 0.899219 0.951389 0.070312
1 0.500000 0.899219 0.951389 0.070312
0 0.161111 0.890234 0.248611 0.024219
1 0.548611 0.899219 0.854167 0.070312
