0 0.270833 0.070898 0.191667 0.036328
3 0.068056 0.038281 0.136111 0.076563
1 0.068056 0.147656 0.058333 0.032813
0 0.207292 0.135156 0.064583 0.029687
0 0.230903 0.162891 0.111806 0.025781
3 0.873611 0.147656 0.213889 0.065625
0 0.231250 0.218750 0.384722 0.021875
8 0.500000 0.032813 1.000000 0.065625
1 0.075347 0.284375 0.072917 0.027344
0 0.319792 0.284375 0.289583 0.029687
8 0.500000 0.098437 1.000000 0.065625
1 0.075347 0.350000 0.072917 0.027344
0 0.319792 0.350000 0.289583 0.029687
8 0.500000 0.164062 1.000000 0.065625
1 0.075347 0.415625 0.072917 0.027344
0 0.319792 0.415625 0.289583 0.029687
8 0.500000 0.229687 1.000000 0.065625
1 0.075347 0.481250 0.072917 0.027344
0 0.319792 0.481250 0.289583 0.029687
8 0.500000 0.295312 1.000000 0.065625
1 0.075347 0.546875 0.072917 0.027344
0 0.319792 0.546875 0.289583 0.029687
3 0.500000 0.901563 1.000000 0.065625
