4 0.500000 0.521875 1.000000 0.825000
8 0.500000 0.044141 0.965278 0.068750
0 0.445486 0.149805 0.831250 0.033203
1 0.934028 0.153516 0.097222 0.054688
8 0.500000 0.119922 0.965278 0.068750
0 0.445486 0.225586 0.831250 0.033203
1 0.934028 0.229297 0.097222 0.054688
8 0.500000 0.195703 0.965278 0.068750
0 0.445486 0.301367 0.831250 0.033203
1 0.934028 0.305078 0.097222 0.054688
8 0.500000 0.271484 0.965278 0.068750
0 0.445486 0.377148 0.831250 0.033203
1 0.934028 0.380859 0.097222 0.054688
8 0.500000 0.347266 0.965278 0.068750
0 0.445486 0.452930 0.831250 0.033203
1 0.934028 0.456641 0.097222 0.054688
8 0.500000 0.423047 0.965278 0.068750
0 0.445486 0.528711 0.831250 0.033203
1 0.934028 0.532422 0.097222 0.054688
8 0.500000 0.498828 0.965278 0.068750
0 0.445486 0.604492 0.831250 0.033203
1 0.934028 0.608203 0.097222 0.054688
8 0.500000 0.574609 0.965278 0.068750
0 0.445486 0.680273 0.831250 0.033203
1 0.934028 0.683984 0.097222 0.054688
8 0.500000 0.650391 0.965278 0.068750
0 0.445486 0.756055 0.831250 0.033203
1 0.934028 0.759766 0.097222 0.054688
8 0.500000 0.726172 0.965278 0.068750
0 0.445486 0.831836 0.831250 0.033203
1 0.934028 0.835547 0.097222 0.054688
8 0.500000 0.801953 0.965278 0.068750
0 0.445486 0.907617 0.831250 0.033203
1 0.934028 0.909180 0.097222 0.050391
0 0.259722 0.070898 0.169444 0.036328
5 0.941667 0.071094 0.116667 0.065625
1 0.941667 0.071094 0.116667 0.065625
3 0.068056 0.038281 0.136111 0.076563
