0 0.500000 0.063477 1.000000 0.058984
4 0.500000 0.153516 0.951389 0.063281
1 0.080556 0.153516 0.097222 0.054688
0 0.517361 0.153320 0.761111 0.036328
1 0.924653 0.153320 0.053472 0.030078
4 0.500000 0.244141 0.951389 0.063281
1 0.080556 0.244141 0.097222 0.054688
0 0.517361 0.243945 0.761111 0.036328
1 0.924653 0.243945 0.053472 0.030078
4 0.500000 0.334766 0.951389 0.063281
1 0.080556 0.334766 0.097222 0.054688
0 0.517361 0.334570 0.761111 0.036328
1 0.924653 0.334570 0.053472 0.030078
4 0.500000 0.425391 0.951389 0.063281
1 0.080556 0.425391 0.097222 0.054688
0 0.517361 0.425195 0.761111 0.036328
1 0.924653 0.425195 0.053472 0.030078
4 0.500000 0.516016 0.951389 0.063281
1 0.080556 0.516016 0.097222 0.054688
0 0.517361 0.515820 0.761111 0.036328
1 0.924653 0.515820 0.053472 0.030078
4 0.500000 0.606641 0.951389 0.063281
1 0.080556 0.606641 0.097222 0.054688
0 0.517361 0.606445 0.761111 0.036328
1 0.924653 0.606445 0.053472 0.030078
4 0.500000 0.697266 0.951389 0.063281
1 0.080556 0.697266 0.097222 0.054688
0 0.517361 0.697070 0.761111 0.036328
1 0.924653 0.697070 0.053472 0.030078
