8 0.500000 0.131250 1.000000 0.043750
3 0.090278 0.132031 0.180556 0.025781
0 0.500000 0.132031 0.161111 0.025781
8 0.500000 0.434375 1.000000 0.781250
3 0.750000 0.182227 0.500000 0.058203
4 0.048611 0.247266 0.097222 0.054688
3 0.168403 0.247266 0.142361 0.054688
6 0.582292 0.247266 0.685417 0.043750
4 0.730556 0.247266 0.077778 0.043750
4 0.808333 0.247266 0.077778 0.043750
4 0.886111 0.247266 0.077778 0.043750
3 0.962500 0.247266 0.075000 0.054688
4 0.048611 0.316016 0.097222 0.054688
3 0.175694 0.316016 0.156944 0.054688
6 0.589583 0.316016 0.670833 0.043750
4 0.886111 0.316016 0.077778 0.043750
3 0.962500 0.316016 0.075000 0.054688
4 0.048611 0.384766 0.097222 0.054688
3 0.215972 0.384766 0.237500 0.054688
6 0.629861 0.384766 0.590278 0.043750
4 0.730556 0.384766 0.077778 0.043750
4 0.808333 0.384766 0.077778 0.043750
4 0.886111 0.384766 0.077778 0.043750
3 0.962500 0.384766 0.075000 0.054688
4 0.048611 0.453516 0.097222 0.054688
3 0.315625 0.453516 0.436806 0.054688
6 0.729514 0.453516 0.390972 0.043750
4 0.886111 0.453516 0.077778 0.043750
3 0.962500 0.453516 0.075000 0.054688
4 0.048611 0.522266 0.097222 0.054688
3 0.175694 0.522266 0.156944 0.054688
6 0.589583 0.522266 0.670833 0.043750
4 0.808333 0.522266 0.077778 0.043750
4 0.886111 0.522266 0.077778 0.043750
3 0.962500 0.522266 0.075000 0.054688
4 0.048611 0.591016 0.097222 0.054688
3 0.263542 0.591016 0.332639 0.054688
6 0.677431 0.591016 0.495139 0.043750
4 0.808333 0.591016 0.077778 0.043750
4 0.886111 0.591016 0.077778 0.043750
3 0.962500 0.591016 0.075000 0.054688
4 0.048611 0.659766 0.097222 0.054688
3 0.202431 0.659766 0.210417 0.054688
6 0.616319 0.659766 0.617361 0.043750
4 0.886111 0.659766 0.077778 0.043750
3 0.962500 0.659766 0.075000 0.054688
4 0.048611 0.728516 0.097222 0.054688
3 0.155556 0.728516 0.116667 0.054688
6 0.569444 0.728516 0.711111 0.043750
4 0.886111 0.728516 0.077778 0.043750
3 0.962500 0.728516 0.075000 0.054688
4 0.048611 0.797266 0.097222 0.054688
3 0.172222 0.797266 0.150000 0.054688
6 0.586111 0.797266 0.677778 0.043750
4 0.886111 0.797266 0.077778 0.043750
3 0.962500 0.797266 0.075000 0.054688
4 0.048611 0.866016 0.097222 0.054688
3 0.229514 0.866016 0.264583 0.054688
6 0.643403 0.866016 0.563194 0.043750
4 0.730556 0.866016 0.077778 0.043750
4 0.808333 0.866016 0.077778 0.043750
4 0.886111 0.866016 0.077778 0.043750
3 0.962500 0.866016 0.075000 0.054688
4 0.048611 0.920898 0.097222 0.026953
3 0.204861 0.920898 0.215278 0.026953
6 0.618750 0.923633 0.612500 0.021484
4 0.575000 0.923633 0.077778 0.021484
4 0.652778 0.923633 0.077778 0.021484
4 0.730556 0.923633 0.077778 0.021484
4 0.808333 0.923633 0.077778 0.021484
4 0.886111 0.923633 0.077778 0.021484
3 0.962500 0.920898 0.075000 0.026953
0 0.166319 0.070898 0.254861 0.036328
3 0.048611 0.038281 0.097222 0.065625
