8 0.500000 0.038281 1.000000 0.076563
1 0.077778 0.147656 0.077778 0.043750
0 0.568056 0.147656 0.786111 0.076563
8 0.500000 0.114844 1.000000 0.076563
1 0.077778 0.224219 0.077778 0.043750
0 0.568056 0.224219 0.786111 0.076563
8 0.500000 0.191406 1.000000 0.076563
1 0.077778 0.300781 0.077778 0.043750
0 0.568056 0.300781 0.786111 0.076563
8 0.500000 0.267969 1.000000 0.076563
1 0.077778 0.377344 0.077778 0.043750
0 0.568056 0.377344 0.786111 0.076563
8 0.500000 0.344531 1.000000 0.076563
1 0.077778 0.453906 0.077778 0.043750
0 0.568056 0.453906 0.786111 0.076563
8 0.500000 0.421094 1.000000 0.076563
1 0.077778 0.530469 0.077778 0.043750
0 0.568056 0.530469 0.786111 0.076563
8 0.500000 0.497656 1.000000 0.076563
1 0.077778 0.607031 0.077778 0.043750
0 0.568056 0.607031 0.786111 0.076563
8 0.500000 0.574219 1.000000 0.076563
1 0.077778 0.683594 0.077778 0.043750
0 0.568056 0.683594 0.786111 0.076563
8 0.500000 0.650781 1.000000 0.076563
1 0.077778 0.760156 0.077778 0.043750
0 0.568056 0.760156 0.786111 0.076563
8 0.500000 0.727344 1.000000 0.076563
1 0.077778 0.836719 0.077778 0.043750
0 0.568056 0.836719 0.786111 0.076563
8 0.500000 0.803906 1.000000 0.076563
1 0.077778 0.912891 0.077778 0.042969
0 0.568056 0.904687 0.786111 0.059375
0 0.325000 0.070898 0.358333 0.036328
3 0.068056 0.038281 0.136111 0.076563
3 0.941667 0.071094 0.116667 0.065625
