4 0.166667 0.032813 0.333333 0.065625
4 0.500000 0.032813 0.333333 0.065625
4 0.833333 0.032813 0.333333 0.065625
8 0.500000 0.345508 1.000000 0.691016
4 0.500000 0.520508 1.000000 0.691016
8 0.500000 0.023828 1.000000 0.047656
0 0.500000 0.198828 1.000000 0.047656
8 0.500000 0.086328 1.000000 0.078125
4 0.500000 0.261328 1.000000 0.078125
0 0.244792 0.262109 0.139583 0.029687
0 0.891319 0.250977 0.038194 0.022266
0 0.891319 0.273242 0.061806 0.022266
8 0.500000 0.164062 1.000000 0.078125
4 0.500000 0.339062 1.000000 0.078125
0 0.228819 0.339844 0.107639 0.029687
0 0.891319 0.328711 0.038194 0.022266
0 0.891319 0.350977 0.061806 0.022266
8 0.500000 0.241797 1.000000 0.078125
4 0.500000 0.416797 1.000000 0.078125
0 0.243403 0.417578 0.136806 0.029687
0 0.891319 0.406445 0.038194 0.022266
0 0.891319 0.428711 0.061806 0.022266
8 0.500000 0.319531 1.000000 0.078125
4 0.500000 0.494531 1.000000 0.078125
0 0.254861 0.495312 0.159722 0.029687
0 0.891319 0.484180 0.038194 0.022266
0 0.891319 0.506445 0.061806 0.022266
8 0.500000 0.397266 1.000000 0.078125
4 0.500000 0.572266 1.000000 0.078125
0 0.298611 0.573047 0.247222 0.029687
0 0.891319 0.561914 0.038194 0.022266
0 0.891319 0.584180 0.061806 0.022266
8 0.500000 0.459766 1.000000 0.047656
0 0.500000 0.634766 1.000000 0.047656
8 0.500000 0.522266 1.000000 0.078125
4 0.500000 0.697266 1.000000 0.078125
0 0.228125 0.698047 0.106250 0.029687
0 0.891319 0.686914 0.038194 0.022266
0 0.891319 0.709180 0.061806 0.022266
8 0.500000 0.600000 1.000000 0.078125
4 0.500000 0.775000 1.000000 0.078125
0 0.237500 0.775781 0.125000 0.029687
0 0.891319 0.764648 0.038194 0.022266
0 0.891319 0.786914 0.061806 0.022266
8 0.500000 0.677734 1.000000 0.078125
4 0.500000 0.839844 1.000000 0.052344
0 0.204514 0.852344 0.059028 0.027344
0 0.899653 0.842383 0.038194 0.022266
0 0.899653 0.859766 0.045139 0.012500
3 0.068056 0.038281 0.136111 0.076563
3 0.941667 0.071094 0.116667 0.065625
4 0.500000 0.034180 1.000000 0.068359
