0 0.403819 0.070898 0.457639 0.036328
3 0.068056 0.038281 0.136111 0.076563
3 0.941667 0.071094 0.116667 0.065625
5 0.198264 0.201367 0.299306 0.054297
3 0.459722 0.193750 0.058333 0.065625
3 0.530556 0.193750 0.058333 0.065625
3 0.804167 0.171875 0.126389 0.043750
3 0.804167 0.215625 0.126389 0.043750
5 0.274306 0.318164 0.451389 0.054297
0 0.274306 0.356055 0.451389 0.037109
5 0.725694 0.318164 0.451389 0.054297
0 0.725694 0.356055 0.451389 0.037109
0 0.870139 0.426367 0.143056 0.022266
0 0.365278 0.466016 0.633333 0.025781
0 0.816667 0.466016 0.269444 0.025781
0 0.365278 0.513672 0.633333 0.025781
0 0.816667 0.513672 0.269444 0.025781
0 0.754861 0.576758 0.373611 0.022266
0 0.333333 0.617188 0.569444 0.025781
0 0.333333 0.666016 0.569444 0.025781
0 0.333333 0.714844 0.569444 0.025781
0 0.333333 0.763672 0.569444 0.025781
0 0.333333 0.812891 0.569444 0.025781
4 0.500000 0.034180 1.000000 0.068359
