0 0.499653 0.131062 0.268750 0.029682
4 0.500000 0.578386 1.000000 0.843227
8 0.500000 0.038671 1.000000 0.077341
0 0.040625 0.195443 0.068750 0.073161
8 0.500000 0.119774 1.000000 0.077341
0 0.190625 0.276547 0.368750 0.073161
8 0.500000 0.200878 1.000000 0.077341
0 0.268403 0.357651 0.524306 0.073161
8 0.500000 0.281982 1.000000 0.077341
0 0.195833 0.438754 0.379167 0.073161
8 0.500000 0.363085 1.000000 0.077341
0 0.305556 0.519858 0.598611 0.073161
8 0.500000 0.444189 1.000000 0.077341
0 0.134722 0.600962 0.256944 0.073161
8 0.500000 0.525293 1.000000 0.077341
0 0.302083 0.682065 0.591667 0.073161
8 0.500000 0.606396 1.000000 0.077341
0 0.357639 0.763169 0.702778 0.073161
8 0.500000 0.687500 1.000000 0.077341
0 0.293403 0.844273 0.574306 0.073161
8 0.500000 0.768604 1.000000 0.077341
0 0.355556 0.925376 0.698611 0.073161
8 0.500000 0.849707 1.000000 0.077341
0 0.326042 0.984950 0.639583 0.030100
3 0.219097 0.035117 0.438194 0.070234
2 0.019444 0.070234 0.038889 0.023411
1 0.229167 0.070443 0.398611 0.038880
3 0.931944 0.070234 0.136111 0.070234
