0 0.446181 0.070898 0.367361 0.033203
1 0.194444 0.038281 0.116667 0.065625
4 0.068056 0.038281 0.136111 0.076563
8 0.487500 0.003125 0.975000 0.006250
8 0.487500 0.040234 0.975000 0.064844
8 0.487500 0.106641 0.975000 0.064844
8 0.487500 0.173047 0.975000 0.064844
8 0.487500 0.239453 0.975000 0.064844
8 0.487500 0.305859 0.975000 0.064844
8 0.487500 0.372266 0.975000 0.064844
8 0.487500 0.438672 0.975000 0.064844
8 0.487500 0.505078 0.975000 0.064844
8 0.487500 0.571484 0.975000 0.064844
8 0.487500 0.637891 0.975000 0.064844
8 0.487500 0.704297 0.975000 0.064844
8 0.487500 0.770703 0.975000 0.064844
8 0.487500 0.837109 0.975000 0.064844
4 0.951389 0.060156 0.097222 0.054688
