4 0.500000 0.487695 1.000000 0.756641
8 0.500000 0.006250 1.000000 0.012500
8 0.500000 0.044141 1.000000 0.060156
0 0.512153 0.153320 0.975694 0.032422
8 0.500000 0.105859 1.000000 0.060156
0 0.512153 0.215039 0.975694 0.032422
8 0.500000 0.167578 1.000000 0.060156
0 0.512153 0.276758 0.975694 0.032422
8 0.500000 0.229297 1.000000 0.060156
0 0.512153 0.338477 0.975694 0.032422
8 0.500000 0.291016 1.000000 0.060156
0 0.512153 0.400195 0.975694 0.032422
8 0.500000 0.352734 1.000000 0.060156
0 0.512153 0.461914 0.975694 0.032422
8 0.500000 0.414453 1.000000 0.060156
0 0.512153 0.523633 0.975694 0.032422
8 0.500000 0.476172 1.000000 0.060156
0 0.512153 0.585352 0.975694 0.032422
8 0.500000 0.537891 1.000000 0.060156
0 0.512153 0.647070 0.975694 0.032422
8 0.500000 0.599609 1.000000 0.060156
0 0.512153 0.708789 0.975694 0.032422
8 0.500000 0.661328 1.000000 0.060156
0 0.512153 0.770508 0.975694 0.032422
8 0.500000 0.723047 1.000000 0.060156
0 0.512153 0.832227 0.975694 0.032422
8 0.500000 0.784766 1.000000 0.060156
4 0.500000 0.034180 1.000000 0.068359
0 0.202778 0.070898 0.327778 0.036328
3 0.048611 0.038281 0.097222 0.065625
