0 0.148611 0.022347 0.219444 0.011450
4 0.844444 0.022408 0.116667 0.020685
3 0.165278 0.012066 0.097222 0.020685
7 0.250000 0.010342 0.500000 0.020685
0 0.250000 0.044817 0.162500 0.008126
7 0.750000 0.010342 0.500000 0.020685
0 0.749653 0.044817 0.174306 0.008126
8 0.500000 0.174834 1.000000 0.239350
8 0.500000 0.073627 0.961111 0.036937
1 0.087500 0.015513 0.097222 0.017237
0 0.500000 0.073627 0.665278 0.009357
1 0.869444 0.015513 0.136111 0.010342
8 0.500000 0.157966 0.961111 0.131741
1 0.500000 0.130263 0.937500 0.070426
0 0.148958 0.152856 0.235417 0.025240
0 0.500000 0.177666 0.937500 0.024378
3 0.219444 0.207092 0.298611 0.020685
3 0.450000 0.207092 0.162500 0.020685
8 0.500000 0.259173 0.961111 0.070672
1 0.500000 0.250923 0.937500 0.048264
0 0.335764 0.256587 0.531250 0.013790
0 0.157292 0.267545 0.174306 0.008126
1 0.820833 0.010342 0.116667 0.020685
3 0.200000 0.288230 0.298611 0.012558
3 0.430556 0.288230 0.162500 0.012558
