0 0.170139 0.070898 0.262500 0.036328
3 0.941667 0.071094 0.116667 0.065625
8 0.500000 0.086133 1.000000 0.150391
1 0.205208 0.195508 0.410417 0.150391
0 0.205208 0.195508 0.410417 0.150391
1 0.705208 0.211914 0.589583 0.117578
1 0.025694 0.075195 0.051389 0.150391
8 0.500000 0.258398 1.000000 0.150391
1 0.205208 0.367773 0.410417 0.150391
0 0.205208 0.367773 0.410417 0.150391
1 0.705208 0.384180 0.589583 0.117578
8 0.500000 0.430664 1.000000 0.150391
1 0.205208 0.540039 0.410417 0.150391
0 0.205208 0.540039 0.410417 0.150391
1 0.705208 0.556445 0.589583 0.117578
8 0.500000 0.602930 1.000000 0.150391
1 0.205208 0.712305 0.410417 0.150391
0 0.205208 0.712305 0.410417 0.150391
1 0.705208 0.728711 0.589583 0.117578
8 0.500000 0.775195 1.000000 0.150391
1 0.205208 0.871875 0.410417 0.125000
0 0.205208 0.871875 0.410417 0.125000
1 0.705208 0.888281 0.589583 0.092188
