0 0.264931 0.070898 0.179861 0.036328
3 0.068056 0.038281 0.136111 0.076563
4 0.500000 0.521875 1.000000 0.825000
8 0.500000 0.133203 1.000000 0.047656
8 0.500000 0.109961 1.000000 0.121484
0 0.210417 0.195312 0.343056 0.029687
0 0.500000 0.234180 0.922222 0.048047
8 0.500000 0.233008 1.000000 0.121484
0 0.210417 0.318359 0.343056 0.029687
0 0.500000 0.357227 0.922222 0.048047
8 0.500000 0.344922 1.000000 0.099219
0 0.131597 0.441406 0.185417 0.029687
0 0.208681 0.469141 0.339583 0.025781
8 0.500000 0.445703 1.000000 0.099219
0 0.098958 0.542188 0.120139 0.029687
0 0.132986 0.569922 0.188194 0.025781
8 0.500000 0.546484 1.000000 0.099219
0 0.339236 0.642969 0.600694 0.029687
0 0.160417 0.670703 0.243056 0.025781
8 0.500000 0.647266 1.000000 0.099219
0 0.085069 0.743750 0.092361 0.029687
0 0.121528 0.771484 0.165278 0.025781
8 0.500000 0.759180 1.000000 0.121484
0 0.226042 0.844531 0.374306 0.029687
0 0.500000 0.883398 0.922222 0.048047
8 0.500000 0.871094 1.000000 0.099219
