4 0.034028 0.069816 0.068056 0.023411
5 0.495139 0.069607 0.815278 0.035535
4 0.857292 0.069607 0.090972 0.031355
4 0.951389 0.069816 0.097222 0.035117
4 0.500000 0.553512 1.000000 0.892977
8 0.500000 0.015468 1.000000 0.030936
8 0.500000 0.072742 1.000000 0.081940
0 0.499653 0.179766 0.127083 0.027592
8 0.500000 0.130017 1.000000 0.030936
8 0.500000 0.187291 1.000000 0.081940
1 0.056250 0.294314 0.087500 0.052676
0 0.550000 0.294105 0.861111 0.033863
8 0.500000 0.270067 1.000000 0.081940
1 0.056250 0.377090 0.087500 0.052676
0 0.550000 0.376881 0.861111 0.033863
8 0.500000 0.352843 1.000000 0.081940
1 0.056250 0.459866 0.087500 0.052676
0 0.550000 0.459657 0.861111 0.033863
8 0.500000 0.435619 1.000000 0.081940
1 0.056250 0.542642 0.087500 0.052676
0 0.550000 0.542433 0.861111 0.033863
8 0.500000 0.518395 1.000000 0.081940
1 0.056250 0.625418 0.087500 0.052676
0 0.550000 0.625209 0.861111 0.033863
8 0.500000 0.601171 1.000000 0.081940
1 0.056250 0.708194 0.087500 0.052676
0 0.550000 0.707985 0.861111 0.033863
8 0.500000 0.683946 1.000000 0.081940
1 0.056250 0.790970 0.087500 0.052676
0 0.550000 0.790761 0.861111 0.033863
8 0.500000 0.766722 1.000000 0.081940
1 0.056250 0.873746 0.087500 0.052676
0 0.550000 0.873537 0.861111 0.033863
8 0.500000 0.849498 1.000000 0.081940
1 0.056250 0.956522 0.087500 0.052676
0 0.550000 0.956313 0.861111 0.033863
8 0.500000 0.932274 1.000000 0.081940
