4 0.931944 0.071094 0.097222 0.054688
1 0.173958 0.071094 0.270139 0.032813
8 0.500000 0.076953 0.961111 0.110156
0 0.553472 0.186328 0.701389 0.025781
2 0.918750 0.186328 0.029167 0.016406
8 0.500000 0.187109 0.961111 0.110156
0 0.553472 0.296484 0.701389 0.025781
2 0.918750 0.296484 0.029167 0.016406
8 0.500000 0.297266 0.961111 0.110156
0 0.553472 0.406641 0.701389 0.025781
2 0.918750 0.406641 0.029167 0.016406
8 0.500000 0.407422 0.961111 0.110156
0 0.553472 0.516797 0.701389 0.025781
2 0.918750 0.516797 0.029167 0.016406
8 0.500000 0.517578 0.961111 0.110156
0 0.553472 0.626953 0.701389 0.025781
2 0.918750 0.626953 0.029167 0.016406
4 0.166667 0.896094 0.333333 0.076563
1 0.166667 0.885156 0.058333 0.032813
0 0.166667 0.913477 0.275000 0.022266
4 0.500000 0.896094 0.333333 0.076563
1 0.500000 0.882422 0.058333 0.032813
0 0.500000 0.911719 0.275000 0.025781
4 0.833333 0.896094 0.333333 0.076563
1 0.833333 0.885156 0.058333 0.032813
0 0.833333 0.913477 0.275000 0.022266
