5 0.500000 0.152930 0.951389 0.059766
5 0.500000 0.225391 0.951389 0.057813
4 0.934028 0.225391 0.058333 0.032813
4 0.500000 0.601172 1.000000 0.666406
8 0.500000 0.029102 1.000000 0.058203
0 0.243750 0.297070 0.487500 0.058203
8 0.500000 0.088867 1.000000 0.058203
0 0.226042 0.356836 0.452083 0.058203
8 0.500000 0.148633 1.000000 0.058203
0 0.234375 0.416602 0.468750 0.058203
8 0.500000 0.208398 1.000000 0.058203
0 0.287500 0.476367 0.575000 0.058203
8 0.500000 0.268164 1.000000 0.058203
0 0.245486 0.536133 0.490972 0.058203
8 0.500000 0.327930 1.000000 0.058203
0 0.299653 0.595898 0.599306 0.058203
8 0.500000 0.387695 1.000000 0.058203
0 0.273264 0.655664 0.546528 0.058203
8 0.500000 0.447461 1.000000 0.058203
0 0.257292 0.715430 0.514583 0.058203
8 0.500000 0.507227 1.000000 0.058203
0 0.259028 0.775195 0.518056 0.058203
8 0.500000 0.566992 1.000000 0.058203
0 0.250694 0.834961 0.501389 0.058203
8 0.500000 0.626758 1.000000 0.058203
0 0.287500 0.894727 0.575000 0.058203
8 0.500000 0.686523 1.000000 0.058203
0 0.217361 0.929883 0.434722 0.008984
0 0.407639 0.070898 0.523611 0.036328
3 0.068056 0.038281 0.136111 0.076563
3 0.914931 0.071094 0.170139 0.065625
