4 0.068056 0.038281 0.136111 0.076563
4 0.847917 0.071094 0.109722 0.061719
4 0.951389 0.065625 0.097222 0.065625
4 0.500000 0.527344 0.975000 0.800000
8 0.500000 0.191992 0.975000 0.129297
0 0.115625 0.156445 0.192361 0.026172
4 0.924653 0.163867 0.072917 0.041016
0 0.609375 0.183789 0.557639 0.058984
0 0.645833 0.229492 0.630556 0.022266
8 0.500000 0.321289 0.975000 0.129297
0 0.062847 0.285742 0.086806 0.026172
4 0.924653 0.293164 0.072917 0.041016
0 0.609375 0.313086 0.557639 0.058984
0 0.645833 0.358789 0.630556 0.022266
8 0.500000 0.450586 0.975000 0.129297
0 0.062847 0.415039 0.086806 0.026172
4 0.924653 0.422461 0.072917 0.041016
0 0.609375 0.442383 0.557639 0.058984
0 0.645833 0.488086 0.630556 0.022266
8 0.500000 0.579883 0.975000 0.129297
0 0.062847 0.544336 0.086806 0.026172
4 0.924653 0.551758 0.072917 0.041016
0 0.609375 0.571680 0.557639 0.058984
0 0.645833 0.617383 0.630556 0.022266
8 0.500000 0.709180 0.975000 0.129297
0 0.062847 0.673633 0.086806 0.026172
4 0.924653 0.681055 0.072917 0.041016
0 0.609375 0.700977 0.557639 0.058984
0 0.645833 0.746680 0.630556 0.022266
8 0.500000 0.838477 0.975000 0.129297
0 0.062847 0.802930 0.086806 0.026172
4 0.924653 0.810352 0.072917 0.041016
0 0.609375 0.830273 0.557639 0.058984
0 0.645833 0.875977 0.630556 0.022266
8 0.500000 0.915234 0.975000 0.024219
0 0.062847 0.923242 0.086806 0.008203
4 0.924653 0.923242 0.072917 0.008203
