0 0.500000 0.066992 1.000000 0.068359
5 0.500000 0.137305 1.000000 0.072266
4 0.500000 0.553906 1.000000 0.760938
8 0.500000 0.038477 1.000000 0.076953
0 0.256597 0.211719 0.342361 0.029687
8 0.500000 0.115430 1.000000 0.076953
0 0.269792 0.288672 0.368750 0.029687
8 0.500000 0.192383 1.000000 0.076953
0 0.217361 0.365625 0.263889 0.029687
8 0.500000 0.269336 1.000000 0.076953
0 0.213194 0.442578 0.255556 0.029687
8 0.500000 0.346289 1.000000 0.076953
0 0.300694 0.519531 0.430556 0.029687
8 0.500000 0.423242 1.000000 0.076953
0 0.224306 0.596484 0.277778 0.029687
8 0.500000 0.500195 1.000000 0.076953
0 0.213194 0.673438 0.255556 0.029687
8 0.500000 0.577148 1.000000 0.076953
0 0.222569 0.750391 0.274306 0.029687
8 0.500000 0.654102 1.000000 0.076953
0 0.240625 0.827344 0.310417 0.029687
8 0.500000 0.731055 1.000000 0.076953
0 0.333333 0.904297 0.495833 0.029687
