4 0.500000 0.552676 1.000000 0.894649
1 0.077778 0.152174 0.155556 0.093645
0 0.559375 0.138169 0.807639 0.035535
0 0.559375 0.169732 0.807639 0.027592
1 0.077778 0.246656 0.155556 0.093645
0 0.559375 0.232651 0.807639 0.035535
0 0.559375 0.264214 0.807639 0.027592
1 0.077778 0.341137 0.155556 0.093645
0 0.559375 0.327132 0.807639 0.035535
0 0.559375 0.358696 0.807639 0.027592
1 0.077778 0.435619 0.155556 0.093645
0 0.559375 0.421614 0.807639 0.035535
0 0.559375 0.453177 0.807639 0.027592
1 0.077778 0.530100 0.155556 0.093645
0 0.559375 0.516095 0.807639 0.035535
0 0.559375 0.547659 0.807639 0.027592
1 0.077778 0.624582 0.155556 0.093645
0 0.559375 0.610577 0.807639 0.035535
0 0.559375 0.642140 0.807639 0.027592
1 0.077778 0.719064 0.155556 0.093645
0 0.559375 0.705059 0.807639 0.035535
0 0.559375 0.736622 0.807639 0.027592
1 0.077778 0.813545 0.155556 0.093645
0 0.559375 0.799540 0.807639 0.035535
0 0.559375 0.831104 0.807639 0.027592
1 0.077778 0.908027 0.155556 0.093645
0 0.559375 0.894022 0.807639 0.035535
0 0.559375 0.925585 0.807639 0.027592
1 0.077778 0.977843 0.155556 0.044314
0 0.559375 0.985368 0.807639 0.029264
3 0.103125 0.035117 0.206250 0.070234
2 0.019444 0.070234 0.038889 0.023411
0 0.112847 0.070025 0.147917 0.035535
3 0.068056 0.035117 0.136111 0.070234
