0 0.316667 0.072461 0.283333 0.036328
3 0.068056 0.038281 0.136111 0.076563
3 0.931944 0.071094 0.136111 0.065625
4 0.500000 0.523242 1.000000 0.822266
8 0.500000 0.038672 1.000000 0.077344
0 0.188194 0.152148 0.376389 0.074609
8 0.500000 0.212500 1.000000 0.046094
0 0.500000 0.212500 1.000000 0.046094
8 0.500000 0.258594 1.000000 0.046094
0 0.500000 0.258594 1.000000 0.046094
8 0.500000 0.304688 1.000000 0.046094
0 0.500000 0.304688 1.000000 0.046094
8 0.500000 0.350781 1.000000 0.046094
0 0.500000 0.350781 1.000000 0.046094
8 0.500000 0.396875 1.000000 0.046094
0 0.500000 0.396875 1.000000 0.046094
8 0.500000 0.455859 1.000000 0.071875
0 0.500000 0.455859 1.000000 0.071875
8 0.500000 0.424609 1.000000 0.089844
0 0.483681 0.544336 0.967361 0.074609
8 0.500000 0.617578 1.000000 0.071875
0 0.500000 0.617578 1.000000 0.071875
8 0.500000 0.676562 1.000000 0.046094
0 0.500000 0.676562 1.000000 0.046094
8 0.500000 0.735547 1.000000 0.071875
0 0.500000 0.735547 1.000000 0.071875
8 0.500000 0.807422 1.000000 0.071875
0 0.500000 0.807422 1.000000 0.071875
8 0.500000 0.879297 1.000000 0.071875
0 0.500000 0.879297 1.000000 0.071875
4 0.893056 0.797656 0.136111 0.076563
