0 0.500000 0.045277 1.000000 0.090555
3 0.587054 0.165295 0.825893 0.070624
4 0.587054 0.581239 0.825893 0.757799
8 0.468750 0.035312 0.937500 0.070624
0 0.618304 0.237652 0.763393 0.070624
8 0.468750 0.107669 0.937500 0.070624
0 0.618304 0.310009 0.763393 0.070624
8 0.468750 0.180026 0.937500 0.070624
0 0.618304 0.382366 0.763393 0.070624
8 0.468750 0.252383 0.937500 0.070624
0 0.618304 0.454723 0.763393 0.070624
8 0.468750 0.324740 0.937500 0.070624
0 0.618304 0.527080 0.763393 0.070624
8 0.468750 0.397097 0.937500 0.070624
0 0.618304 0.599437 0.763393 0.070624
8 0.468750 0.469454 0.937500 0.070624
0 0.618304 0.671794 0.763393 0.070624
8 0.468750 0.541811 0.937500 0.070624
0 0.618304 0.744151 0.763393 0.070624
8 0.468750 0.614168 0.937500 0.070624
0 0.618304 0.816508 0.763393 0.070624
8 0.468750 0.686525 0.937500 0.070624
0 0.618304 0.888865 0.763393 0.070624
8 0.468750 0.758882 0.937500 0.070624
0 0.618304 0.943024 0.763393 0.034229
3 0.571429 0.980936 0.857143 0.038128
