0 0.500000 0.061328 0.975000 0.057031
8 0.500000 0.073828 0.975000 0.136719
6 0.934028 0.201953 0.077778 0.043750
1 0.134028 0.163672 0.243056 0.135156
0 0.628819 0.121875 0.678472 0.029687
0 0.360417 0.208398 0.141667 0.018359
0 0.502431 0.208398 0.103472 0.018359
0 0.628819 0.167969 0.678472 0.062500
8 0.500000 0.221484 0.975000 0.136719
6 0.934028 0.349609 0.077778 0.043750
1 0.134028 0.311328 0.243056 0.135156
0 0.628819 0.269531 0.678472 0.029687
0 0.360417 0.356055 0.141667 0.018359
0 0.502431 0.356055 0.103472 0.018359
0 0.628819 0.315625 0.678472 0.062500
8 0.500000 0.369141 0.975000 0.136719
6 0.934028 0.497266 0.077778 0.043750
1 0.134028 0.458984 0.243056 0.135156
0 0.628819 0.417187 0.678472 0.029687
0 0.365972 0.503711 0.152778 0.018359
0 0.506597 0.503711 0.089583 0.018359
0 0.628819 0.463281 0.678472 0.062500
8 0.500000 0.516797 0.975000 0.136719
6 0.934028 0.644922 0.077778 0.043750
1 0.134028 0.606641 0.243056 0.135156
0 0.628819 0.564844 0.678472 0.029687
0 0.365972 0.651367 0.152778 0.018359
0 0.506597 0.651367 0.089583 0.018359
0 0.628819 0.610938 0.678472 0.062500
8 0.500000 0.664453 0.975000 0.136719
6 0.934028 0.792578 0.077778 0.043750
1 0.134028 0.754297 0.243056 0.135156
0 0.628819 0.712500 0.678472 0.029687
0 0.365972 0.799023 0.152778 0.018359
0 0.513542 0.799023 0.103472 0.018359
0 0.628819 0.758594 0.678472 0.062500
8 0.500000 0.812109 0.975000 0.136719
1 0.134028 0.851562 0.243056 0.034375
0 0.628819 0.857031 0.678472 0.023438
3 0.500000 0.901563 0.980556 0.065625
