3 0.068056 0.040970 0.136111 0.081940
0 0.310069 0.075878 0.328472 0.038880
3 0.941667 0.076087 0.116667 0.070234
4 0.500000 0.558528 1.000000 0.882943
8 0.500000 0.184992 1.000000 0.135870
0 0.500000 0.170360 0.951389 0.048077
0 0.102083 0.208194 0.155556 0.027592
8 0.500000 0.320861 1.000000 0.135870
0 0.500000 0.306229 0.951389 0.048077
0 0.115972 0.344064 0.183333 0.027592
8 0.500000 0.456731 1.000000 0.135870
0 0.500000 0.442099 0.951389 0.048077
0 0.133681 0.479933 0.218750 0.027592
8 0.500000 0.592600 1.000000 0.135870
0 0.500000 0.577968 0.951389 0.048077
0 0.128125 0.615803 0.207639 0.027592
