0 0.224653 0.070898 0.099306 0.036328
3 0.068056 0.038281 0.136111 0.076563
4 0.500000 0.521875 1.000000 0.825000
8 0.500000 0.049219 1.000000 0.076563
1 0.087500 0.158594 0.097222 0.054688
0 0.312847 0.145703 0.275694 0.029687
0 0.225694 0.173437 0.101389 0.025781
8 0.500000 0.125391 1.000000 0.076563
1 0.087500 0.234766 0.097222 0.054688
0 0.282292 0.221875 0.214583 0.029687
0 0.217708 0.249609 0.085417 0.025781
8 0.500000 0.201563 1.000000 0.076563
1 0.087500 0.310937 0.097222 0.054688
0 0.272917 0.298047 0.195833 0.029687
0 0.201736 0.325781 0.053472 0.025781
8 0.500000 0.277734 1.000000 0.076563
1 0.087500 0.387109 0.097222 0.054688
0 0.300000 0.374219 0.250000 0.029687
0 0.237153 0.401953 0.124306 0.025781
8 0.500000 0.353906 1.000000 0.076563
1 0.087500 0.463281 0.097222 0.054688
0 0.303125 0.450391 0.256250 0.029687
8 0.500000 0.430078 1.000000 0.076563
1 0.087500 0.539453 0.097222 0.054688
0 0.273264 0.526563 0.196528 0.029687
0 0.221181 0.554297 0.092361 0.025781
8 0.500000 0.506250 1.000000 0.076563
1 0.087500 0.615625 0.097222 0.054688
0 0.310764 0.602734 0.271528 0.029687
0 0.227431 0.630469 0.104861 0.025781
8 0.500000 0.582422 1.000000 0.076563
1 0.087500 0.691797 0.097222 0.054688
0 0.273958 0.678906 0.197917 0.029687
0 0.226389 0.706641 0.102778 0.025781
8 0.500000 0.658594 1.000000 0.076563
1 0.087500 0.767969 0.097222 0.054688
0 0.271528 0.755078 0.193056 0.029687
0 0.228125 0.782813 0.106250 0.025781
8 0.500000 0.734766 1.000000 0.076563
1 0.087500 0.844141 0.097222 0.054688
0 0.279861 0.831250 0.209722 0.029687
0 0.259722 0.858984 0.169444 0.025781
8 0.500000 0.810937 1.000000 0.076563
1 0.087500 0.913672 0.097222 0.041406
0 0.322917 0.907422 0.295833 0.029687
0 0.303125 0.928320 0.256250 0.012109
