4 0.500000 0.552676 0.922222 0.894649
8 0.500000 0.140468 0.922222 0.070234
8 0.500000 0.211538 0.922222 0.070234
8 0.500000 0.282609 0.922222 0.070234
8 0.500000 0.353679 0.922222 0.070234
8 0.500000 0.424749 0.922222 0.070234
8 0.500000 0.495819 0.922222 0.070234
8 0.500000 0.566890 0.922222 0.070234
8 0.500000 0.637960 0.922222 0.070234
8 0.500000 0.709030 0.922222 0.070234
8 0.500000 0.780100 0.922222 0.070234
8 0.500000 0.851171 0.922222 0.070234
8 0.500000 0.922241 0.922222 0.070234
4 0.246528 0.035117 0.452778 0.070234
1 0.068750 0.070234 0.077778 0.046823
0 0.285417 0.070025 0.336111 0.035535
3 0.068056 0.035117 0.136111 0.070234
