3 0.500000 0.890625 1.000000 0.087500
0 0.499653 0.073242 0.375694 0.026172
5 0.505903 0.144922 0.875694 0.054688
8 0.465972 0.028125 0.931944 0.056250
1 0.097222 0.232031 0.048611 0.027344
0 0.193056 0.231836 0.069444 0.026172
8 0.534028 0.288281 0.931944 0.056250
1 0.165278 0.288281 0.048611 0.027344
1 0.897917 0.288281 0.058333 0.032813
0 0.537847 0.288086 0.622917 0.048047
8 0.534028 0.344531 0.931944 0.056250
1 0.165278 0.344531 0.048611 0.027344
1 0.897917 0.344531 0.058333 0.032813
0 0.537847 0.344336 0.622917 0.048047
8 0.534028 0.400781 0.931944 0.056250
1 0.165278 0.400781 0.048611 0.027344
1 0.897917 0.400781 0.058333 0.032813
0 0.537847 0.400586 0.622917 0.048047
8 0.534028 0.457031 0.931944 0.056250
1 0.165278 0.457031 0.048611 0.027344
1 0.897917 0.457031 0.058333 0.032813
0 0.537847 0.456836 0.622917 0.048047
8 0.534028 0.513281 0.931944 0.056250
1 0.165278 0.513281 0.048611 0.027344
1 0.897917 0.513281 0.058333 0.032813
0 0.537847 0.513086 0.622917 0.048047
8 0.534028 0.569531 0.931944 0.056250
1 0.165278 0.569531 0.048611 0.027344
1 0.897917 0.569531 0.058333 0.032813
0 0.537847 0.569336 0.622917 0.048047
8 0.534028 0.625781 0.931944 0.056250
1 0.165278 0.625781 0.048611 0.027344
1 0.897917 0.625781 0.058333 0.032813
0 0.537847 0.625586 0.622917 0.048047
8 0.534028 0.682031 0.931944 0.056250
1 0.165278 0.682031 0.048611 0.027344
1 0.897917 0.682031 0.058333 0.032813
0 0.537847 0.681836 0.622917 0.048047
8 0.534028 0.738281 0.931944 0.056250
1 0.165278 0.738281 0.048611 0.027344
1 0.897917 0.738281 0.058333 0.032813
0 0.537847 0.738086 0.622917 0.048047
8 0.534028 0.794531 0.931944 0.056250
1 0.165278 0.794531 0.048611 0.027344
1 0.897917 0.794531 0.058333 0.032813
0 0.537847 0.794336 0.622917 0.048047
8 0.534028 0.833398 0.931944 0.021484
1 0.165278 0.840625 0.048611 0.007031
1 0.897917 0.839258 0.058333 0.009766
0 0.537847 0.835352 0.622917 0.017578
