4 0.500000 0.467187 1.000000 0.934375
8 0.500000 0.489844 1.000000 0.889062
8 0.500000 0.066406 1.000000 0.132812
4 0.500000 0.106250 0.961111 0.121875
1 0.165278 0.089063 0.194444 0.087500
0 0.592361 0.056836 0.562500 0.023047
0 0.645833 0.096094 0.669444 0.055469
8 0.500000 0.227344 1.000000 0.189062
4 0.500000 0.267188 0.961111 0.178125
1 0.165278 0.267188 0.194444 0.109375
0 0.582639 0.252148 0.543056 0.036328
0 0.633333 0.285156 0.644444 0.029687
8 0.500000 0.416406 1.000000 0.189062
4 0.500000 0.456250 0.961111 0.178125
1 0.165278 0.456250 0.194444 0.109375
0 0.508333 0.428320 0.394444 0.036328
0 0.645833 0.474219 0.669444 0.055469
8 0.500000 0.605469 1.000000 0.189062
4 0.500000 0.645312 0.961111 0.178125
1 0.165278 0.645312 0.194444 0.109375
0 0.421875 0.630273 0.221528 0.036328
0 0.601736 0.663281 0.581250 0.029687
8 0.500000 0.794531 1.000000 0.189062
4 0.500000 0.834375 0.961111 0.178125
1 0.165278 0.834375 0.194444 0.109375
0 0.592014 0.806445 0.561806 0.036328
0 0.645833 0.852344 0.669444 0.055469
3 0.250000 0.027344 0.500000 0.054688
3 0.750000 0.027344 0.500000 0.054688
4 0.895139 0.872656 0.161111 0.096094
2 0.895486 0.872656 0.039583 0.021875
