3 0.500000 0.230664 1.000000 0.095703
4 0.500000 0.611914 1.000000 0.644922
8 0.500000 0.060547 1.000000 0.099219
1 0.058333 0.350000 0.116667 0.076563
8 0.500000 0.161328 1.000000 0.099219
1 0.058333 0.450781 0.116667 0.076563
8 0.500000 0.262109 1.000000 0.099219
1 0.058333 0.551562 0.116667 0.076563
8 0.500000 0.362891 1.000000 0.099219
1 0.058333 0.652344 0.116667 0.076563
8 0.500000 0.463672 1.000000 0.099219
1 0.058333 0.753125 0.116667 0.076563
0 0.280208 0.065430 0.210417 0.036328
3 0.068056 0.032813 0.136111 0.065625
4 0.893403 0.065625 0.213194 0.051562
