0 0.526316 0.117201 0.795322 0.040295
8 0.459064 0.020147 0.918129 0.040295
1 0.154240 0.166594 0.092105 0.022097
0 0.541667 0.160095 0.682749 0.009099
8 0.459064 0.087522 0.918129 0.090988
1 0.154240 0.243068 0.092105 0.054593
0 0.541667 0.243068 0.682749 0.028596
8 0.459064 0.180243 0.918129 0.090988
1 0.154240 0.335789 0.092105 0.054593
0 0.541667 0.335789 0.682749 0.028596
8 0.459064 0.272964 0.918129 0.090988
1 0.154240 0.428510 0.092105 0.054593
0 0.541667 0.428510 0.682749 0.028596
8 0.459064 0.365685 0.918129 0.090988
1 0.154240 0.521231 0.092105 0.054593
0 0.541667 0.521231 0.682749 0.028596
8 0.459064 0.458406 0.918129 0.090988
1 0.154240 0.613951 0.092105 0.054593
0 0.541667 0.613951 0.682749 0.028596
8 0.459064 0.551127 0.918129 0.090988
1 0.154240 0.706672 0.092105 0.054593
0 0.541667 0.706672 0.682749 0.028596
8 0.459064 0.643847 0.918129 0.090988
1 0.154240 0.799393 0.092105 0.054593
0 0.541667 0.799393 0.682749 0.028596
1 0.913743 0.799393 0.061404 0.036395
8 0.459064 0.736568 0.918129 0.090988
1 0.154240 0.892114 0.092105 0.054593
0 0.541667 0.892114 0.682749 0.028596
3 0.862573 0.969671 0.184211 0.060659
