0 0.333681 0.038281 0.379861 0.035156
3 0.068056 0.038281 0.136111 0.076563
3 0.048611 0.038281 0.097222 0.065625
7 0.087500 0.032813 0.175000 0.065625
0 0.087500 0.103906 0.106944 0.025781
7 0.301042 0.032813 0.252083 0.065625
0 0.301042 0.103906 0.193750 0.025781
7 0.514583 0.032813 0.175000 0.065625
0 0.514583 0.103906 0.090278 0.025781
7 0.692361 0.032813 0.180556 0.065625
0 0.692361 0.103906 0.122222 0.025781
7 0.870139 0.032813 0.175000 0.065625
0 0.870139 0.103906 0.084722 0.025781
1 0.060764 0.183398 0.072917 0.041016
0 0.500000 0.179492 0.176389 0.033203
1 0.939236 0.183398 0.072917 0.041016
8 0.500000 0.015430 0.961111 0.030859
0 0.493750 0.218555 0.938889 0.022266
8 0.500000 0.087891 0.961111 0.114062
1 0.147917 0.291016 0.145833 0.082031
0 0.320486 0.268164 0.199306 0.036328
0 0.572917 0.306641 0.704167 0.040625
8 0.500000 0.201953 0.961111 0.114062
1 0.147917 0.405078 0.145833 0.082031
0 0.291667 0.382227 0.141667 0.036328
0 0.572917 0.420703 0.704167 0.040625
8 0.500000 0.316016 0.961111 0.114062
1 0.147917 0.519141 0.145833 0.082031
0 0.272222 0.496289 0.102778 0.036328
0 0.572917 0.534766 0.704167 0.040625
8 0.500000 0.430078 0.961111 0.114062
1 0.147917 0.633203 0.145833 0.082031
0 0.276389 0.610352 0.111111 0.036328
0 0.572917 0.648828 0.704167 0.040625
8 0.500000 0.544141 0.961111 0.114062
1 0.147917 0.747266 0.145833 0.082031
0 0.291667 0.724414 0.141667 0.036328
0 0.504861 0.763281 0.568056 0.041406
