0 0.591071 0.081889 0.817857 0.060659
4 0.591071 0.556109 0.817857 0.887782
8 0.460714 0.030329 0.921429 0.060659
2 0.217857 0.142548 0.057143 0.027730
0 0.623214 0.142548 0.753571 0.060659
8 0.460714 0.091854 0.921429 0.060659
2 0.217857 0.204073 0.057143 0.027730
0 0.623214 0.204073 0.753571 0.060659
8 0.460714 0.153380 0.921429 0.060659
2 0.217857 0.265598 0.057143 0.027730
0 0.623214 0.265598 0.753571 0.060659
8 0.460714 0.214905 0.921429 0.060659
2 0.217857 0.327123 0.057143 0.027730
0 0.623214 0.327123 0.753571 0.060659
8 0.460714 0.276430 0.921429 0.060659
2 0.217857 0.388648 0.057143 0.027730
0 0.623214 0.388648 0.753571 0.060659
8 0.460714 0.337955 0.921429 0.060659
2 0.217857 0.450173 0.057143 0.027730
0 0.623214 0.450173 0.753571 0.060659
8 0.460714 0.399480 0.921429 0.060659
2 0.217857 0.511698 0.057143 0.027730
0 0.623214 0.511698 0.753571 0.060659
8 0.460714 0.461005 0.921429 0.060659
2 0.217857 0.573224 0.057143 0.027730
0 0.623214 0.573224 0.753571 0.060659
8 0.460714 0.522530 0.921429 0.060659
2 0.217857 0.634749 0.057143 0.027730
0 0.623214 0.634749 0.753571 0.060659
8 0.460714 0.584055 0.921429 0.060659
2 0.217857 0.696274 0.057143 0.027730
0 0.623214 0.696274 0.753571 0.060659
8 0.460714 0.645581 0.921429 0.060659
2 0.217857 0.757799 0.057143 0.027730
0 0.623214 0.757799 0.753571 0.060659
8 0.460714 0.707106 0.921429 0.060659
2 0.217857 0.819324 0.057143 0.027730
0 0.623214 0.819324 0.753571 0.060659
8 0.460714 0.768631 0.921429 0.060659
2 0.217857 0.880849 0.057143 0.027730
0 0.623214 0.880849 0.753571 0.060659
8 0.460714 0.830156 0.921429 0.060659
2 0.217857 0.942374 0.057143 0.027730
0 0.623214 0.942374 0.753571 0.060659
8 0.460714 0.891681 0.921429 0.060659
2 0.217857 0.995017 0.057143 0.009965
0 0.623214 0.986785 0.753571 0.026430
