8 0.500000 0.046484 1.000000 0.092969
1 0.087500 0.155859 0.097222 0.054688
0 0.265278 0.155078 0.180556 0.091406
8 0.500000 0.139453 1.000000 0.092969
1 0.087500 0.248828 0.097222 0.054688
0 0.335069 0.248047 0.320139 0.091406
8 0.500000 0.232422 1.000000 0.092969
1 0.087500 0.341797 0.097222 0.054688
0 0.324306 0.341016 0.298611 0.091406
8 0.500000 0.325391 1.000000 0.092969
1 0.087500 0.434766 0.097222 0.054688
0 0.357986 0.433984 0.365972 0.091406
8 0.500000 0.418359 1.000000 0.092969
1 0.087500 0.527734 0.097222 0.054688
0 0.346181 0.526953 0.342361 0.091406
8 0.500000 0.511328 1.000000 0.092969
1 0.087500 0.620703 0.097222 0.054688
0 0.325000 0.619922 0.300000 0.091406
0 0.243403 0.070898 0.195139 0.036328
3 0.068056 0.038281 0.136111 0.076563
