1 0.081843 0.052540 0.086657 0.036374
4 0.516850 0.052540 0.687070 0.056582
1 0.202201 0.052540 0.057772 0.024249
0 0.498624 0.052396 0.525447 0.022229
1 0.937414 0.052540 0.105915 0.056582
8 0.995186 0.274394 0.009629 0.548788
8 0.495186 0.072027 0.984869 0.040704
0 0.070839 0.152858 0.097662 0.024538
8 0.495186 0.173788 0.990371 0.158199
1 0.146492 0.237009 0.288858 0.121247
4 0.245186 0.195583 0.072215 0.030312
0 0.059491 0.187500 0.114856 0.022229
0 0.639615 0.198181 0.658872 0.027425
0 0.639615 0.224163 0.658872 0.024538
0 0.383769 0.248701 0.147180 0.024538
0 0.534044 0.250433 0.114856 0.019342
0 0.529917 0.270641 0.102476 0.019342
0 0.639615 0.291426 0.658872 0.022229
0 0.639615 0.313655 0.658872 0.022229
8 0.495186 0.334296 0.990371 0.158199
1 0.146492 0.397517 0.288858 0.121247
4 0.245186 0.356091 0.072215 0.030312
0 0.059491 0.348008 0.114856 0.022229
0 0.639615 0.358689 0.658872 0.027425
0 0.639615 0.384671 0.658872 0.024538
0 0.383081 0.409209 0.145805 0.024538
0 0.528886 0.410941 0.107290 0.019342
0 0.529574 0.431149 0.101788 0.019342
0 0.639615 0.451934 0.658872 0.022229
0 0.639615 0.474163 0.658872 0.022229
8 0.495186 0.504908 0.990371 0.178406
1 0.146492 0.558025 0.288858 0.121247
4 0.245186 0.516599 0.072215 0.030312
0 0.059491 0.508516 0.114856 0.022229
0 0.639615 0.529301 0.658872 0.047633
0 0.639615 0.565387 0.658872 0.024538
0 0.388239 0.589925 0.156121 0.024538
0 0.546424 0.591657 0.121733 0.019342
0 0.527510 0.611865 0.097662 0.019342
0 0.639615 0.625577 0.658872 0.008083
0 0.349725 0.106957 0.660935 0.022229
3 0.890990 0.106957 0.160248 0.022229
3 0.745530 0.106957 0.130674 0.022229
1 0.495186 0.082852 0.990371 0.004042
1 0.495186 0.627598 0.990371 0.004042
4 0.126891 0.030456 0.245530 0.060912
1 0.126891 0.651848 0.062586 0.024249
0 0.126547 0.672200 0.067400 0.014145
4 0.372421 0.030456 0.245530 0.060912
1 0.372077 0.649827 0.057772 0.024249
0 0.372077 0.670179 0.067400 0.016455
4 0.617950 0.030456 0.245530 0.060912
1 0.617607 0.651848 0.057772 0.024249
0 0.617950 0.672200 0.123109 0.014145
4 0.863480 0.030456 0.245530 0.060912
1 0.863136 0.651848 0.057772 0.024249
0 0.863480 0.672200 0.091472 0.014145
