1 0.064931 0.064381 0.129861 0.046823
1 0.922569 0.064381 0.129861 0.046823
0 0.493750 0.064172 0.727778 0.035535
5 0.500000 0.125836 0.975000 0.049331
4 0.500000 0.538043 1.000000 0.760033
8 0.500000 0.030727 1.000000 0.061455
0 0.446875 0.188754 0.825694 0.061455
1 0.974653 0.188545 0.025694 0.046823
8 0.500000 0.094273 1.000000 0.061455
0 0.446875 0.252299 0.825694 0.061455
1 0.974653 0.252090 0.025694 0.046823
8 0.500000 0.157818 1.000000 0.061455
0 0.446875 0.315844 0.825694 0.061455
1 0.974653 0.315635 0.025694 0.046823
8 0.500000 0.221363 1.000000 0.061455
0 0.446875 0.379390 0.825694 0.061455
1 0.974653 0.379181 0.025694 0.046823
8 0.500000 0.284908 1.000000 0.061455
0 0.446875 0.442935 0.825694 0.061455
1 0.974653 0.442726 0.025694 0.046823
8 0.500000 0.348453 1.000000 0.061455
0 0.446875 0.506480 0.825694 0.061455
1 0.974653 0.506271 0.025694 0.046823
8 0.500000 0.411998 1.000000 0.061455
0 0.446875 0.570025 0.825694 0.061455
1 0.974653 0.569816 0.025694 0.046823
8 0.500000 0.475543 1.000000 0.061455
0 0.446875 0.633570 0.825694 0.061455
1 0.974653 0.633361 0.025694 0.046823
8 0.500000 0.539089 1.000000 0.061455
0 0.446875 0.697115 0.825694 0.061455
1 0.974653 0.696906 0.025694 0.046823
8 0.500000 0.602634 1.000000 0.061455
0 0.446875 0.760661 0.825694 0.061455
1 0.974653 0.760452 0.025694 0.046823
8 0.500000 0.666179 1.000000 0.061455
0 0.446875 0.824206 0.825694 0.061455
1 0.974653 0.823997 0.025694 0.046823
8 0.500000 0.729724 1.000000 0.061455
0 0.446875 0.887542 0.825694 0.061037
1 0.974653 0.887542 0.025694 0.046823
4 0.095486 0.959030 0.161806 0.070234
0 0.095486 0.981396 0.161806 0.019649
1 0.095486 0.946279 0.161806 0.044732
4 0.257292 0.959030 0.161806 0.070234
0 0.257292 0.981396 0.161806 0.019649
1 0.257292 0.946279 0.161806 0.044732
4 0.419097 0.959030 0.161806 0.070234
0 0.419097 0.981396 0.161806 0.019649
1 0.419097 0.946279 0.161806 0.044732
4 0.580903 0.959030 0.161806 0.070234
0 0.580903 0.981396 0.161806 0.019649
1 0.580903 0.946279 0.161806 0.044732
4 0.742708 0.959030 0.161806 0.070234
0 0.742708 0.981396 0.161806 0.019649
1 0.742708 0.946279 0.161806 0.044732
4 0.904514 0.959030 0.161806 0.070234
0 0.904514 0.981396 0.161806 0.019649
1 0.904514 0.946279 0.161806 0.044732
