4 0.500000 0.521875 1.000000 0.825000
8 0.500000 0.133203 1.000000 0.047656
8 0.500000 0.098828 1.000000 0.099219
0 0.209375 0.195312 0.340972 0.029687
0 0.266667 0.223047 0.455556 0.025781
6 0.922222 0.208203 0.077778 0.043750
8 0.500000 0.283203 1.000000 0.047656
8 0.500000 0.248828 1.000000 0.099219
0 0.150347 0.345313 0.222917 0.029687
0 0.105903 0.373047 0.134028 0.025781
8 0.500000 0.349609 1.000000 0.099219
0 0.140278 0.446094 0.202778 0.029687
0 0.256250 0.473828 0.434722 0.025781
0 0.352778 0.070898 0.355556 0.036328
3 0.068056 0.038281 0.136111 0.076563
