4 0.500000 0.071094 1.000000 0.076563
4 0.056250 0.071094 0.112500 0.076563
4 0.914583 0.071094 0.170833 0.076563
4 0.500000 0.521875 1.000000 0.825000
8 0.500000 0.039844 1.000000 0.079687
8 0.500000 0.120313 1.000000 0.079687
8 0.500000 0.200781 1.000000 0.079687
8 0.500000 0.281250 1.000000 0.079687
8 0.500000 0.361719 1.000000 0.079687
8 0.500000 0.442188 1.000000 0.079687
8 0.500000 0.522656 1.000000 0.079687
8 0.500000 0.603125 1.000000 0.079687
8 0.500000 0.683594 1.000000 0.079687
8 0.500000 0.764062 1.000000 0.079687
8 0.500000 0.844531 1.000000 0.079687
