3 0.500000 0.047659 1.000000 0.066054
4 0.500000 0.547659 1.000000 0.904682
8 0.500000 0.040343 1.000000 0.080686
0 0.502431 0.126881 0.985417 0.043060
8 0.500000 0.124373 1.000000 0.085702
0 0.502431 0.213420 0.985417 0.043060
8 0.500000 0.210911 1.000000 0.085702
0 0.502431 0.299958 0.985417 0.043060
8 0.500000 0.297450 1.000000 0.085702
0 0.502431 0.386497 0.985417 0.043060
8 0.500000 0.383988 1.000000 0.085702
0 0.502431 0.473035 0.985417 0.043060
8 0.500000 0.470527 1.000000 0.085702
0 0.502431 0.559574 0.985417 0.043060
8 0.500000 0.557065 1.000000 0.085702
0 0.502431 0.646112 0.985417 0.043060
8 0.500000 0.643604 1.000000 0.085702
0 0.502431 0.732651 0.985417 0.043060
8 0.500000 0.730142 1.000000 0.085702
0 0.502431 0.819189 0.985417 0.043060
8 0.500000 0.816681 1.000000 0.085702
0 0.502431 0.905727 0.985417 0.043060
8 0.500000 0.903219 1.000000 0.085702
0 0.502431 0.985368 0.985417 0.029264
