7 0.166667 0.032813 0.333333 0.065625
0 0.166319 0.142187 0.185417 0.025781
7 0.500000 0.032813 0.333333 0.065625
0 0.500000 0.142187 0.186111 0.025781
7 0.833333 0.032813 0.333333 0.065625
0 0.833333 0.141992 0.275000 0.048047
8 0.500000 0.379688 1.000000 0.759375
4 0.500000 0.554688 1.000000 0.759375
8 0.500000 0.038281 1.000000 0.076563
0 0.087500 0.213281 0.097222 0.054688
0 0.307639 0.213281 0.304167 0.029687
8 0.500000 0.116406 1.000000 0.076563
0 0.087500 0.291406 0.097222 0.054688
0 0.276389 0.291406 0.241667 0.029687
8 0.500000 0.194531 1.000000 0.076563
0 0.087500 0.369531 0.097222 0.054688
0 0.250000 0.369531 0.188889 0.029687
8 0.500000 0.272656 1.000000 0.076563
0 0.087500 0.447656 0.097222 0.054688
0 0.330903 0.447656 0.350694 0.029687
8 0.500000 0.350781 1.000000 0.076563
0 0.087500 0.525781 0.097222 0.054688
0 0.254167 0.525781 0.197222 0.029687
8 0.500000 0.428906 1.000000 0.076563
0 0.087500 0.603906 0.097222 0.054688
0 0.288542 0.603906 0.265972 0.029687
8 0.500000 0.507031 1.000000 0.076563
0 0.087500 0.682031 0.097222 0.054688
0 0.341319 0.682031 0.371528 0.029687
8 0.500000 0.585156 1.000000 0.076563
0 0.087500 0.760156 0.097222 0.054688
0 0.310417 0.760156 0.309722 0.029687
8 0.500000 0.663281 1.000000 0.076563
0 0.087500 0.838281 0.097222 0.054688
0 0.223958 0.838281 0.136806 0.029687
8 0.500000 0.741406 1.000000 0.076563
0 0.087500 0.911719 0.097222 0.045312
0 0.270833 0.916406 0.230556 0.029687
0 0.218403 0.070898 0.145139 0.036328
3 0.068056 0.038281 0.136111 0.076563
3 0.048611 0.038281 0.097222 0.065625
