4 0.500000 0.558528 1.000000 0.882943
8 0.500000 0.050794 1.000000 0.101589
1 0.084375 0.167851 0.168750 0.101589
8 0.584375 0.167851 0.831250 0.101589
8 0.500000 0.154055 1.000000 0.101589
1 0.084375 0.271112 0.168750 0.101589
8 0.584375 0.271112 0.831250 0.101589
8 0.500000 0.257316 1.000000 0.101589
1 0.084375 0.374373 0.168750 0.101589
8 0.584375 0.374373 0.831250 0.101589
8 0.500000 0.360577 1.000000 0.101589
1 0.084375 0.477634 0.168750 0.101589
8 0.584375 0.477634 0.831250 0.101589
8 0.500000 0.463838 1.000000 0.101589
1 0.084375 0.580895 0.168750 0.101589
8 0.584375 0.580895 0.831250 0.101589
8 0.500000 0.567099 1.000000 0.101589
1 0.084375 0.684156 0.168750 0.101589
8 0.584375 0.684156 0.831250 0.101589
8 0.500000 0.670360 1.000000 0.101589
1 0.084375 0.787416 0.168750 0.101589
8 0.584375 0.787416 0.831250 0.101589
8 0.500000 0.773620 1.000000 0.101589
1 0.084375 0.890677 0.168750 0.101589
8 0.584375 0.890677 0.831250 0.101589
8 0.500000 0.876881 1.000000 0.101589
1 0.084375 0.971572 0.168750 0.056856
8 0.584375 0.971572 0.831250 0.056856
0 0.371528 0.075878 0.665278 0.038880
