8 0.500000 0.067308 1.000000 0.134615
1 0.500000 0.059156 1.000000 0.048077
3 0.500000 0.120819 0.922222 0.051003
8 0.500000 0.174540 1.000000 0.079849
0 0.162847 0.224289 0.247917 0.038880
8 0.500000 0.421405 0.922222 0.413880
0 0.185069 0.285953 0.218750 0.031773
0 0.628819 0.285953 0.590972 0.031773
0 0.185069 0.342809 0.218750 0.031773
0 0.628819 0.342809 0.590972 0.031773
0 0.185069 0.399666 0.218750 0.031773
0 0.628819 0.399666 0.590972 0.031773
0 0.185069 0.456522 0.218750 0.031773
0 0.628819 0.456522 0.590972 0.031773
0 0.185069 0.513378 0.218750 0.031773
0 0.628819 0.513378 0.590972 0.031773
0 0.185069 0.570234 0.218750 0.031773
0 0.628819 0.570234 0.590972 0.031773
0 0.628819 0.627090 0.590972 0.031773
8 0.500000 0.679975 1.000000 0.079849
0 0.500000 0.729724 0.922222 0.038880
8 0.500000 0.755853 0.922222 0.060201
0 0.087500 0.790970 0.058333 0.036789
0 0.538889 0.788462 0.805556 0.031773
8 0.500000 0.833612 0.922222 0.060201
0 0.087500 0.868729 0.058333 0.036789
0 0.538889 0.866221 0.805556 0.031773
1 0.068056 0.959030 0.097222 0.058528
5 0.441667 0.958821 0.611111 0.058946
4 0.825000 0.959030 0.116667 0.081940
0 0.825000 0.959030 0.058333 0.039298
3 0.941667 0.959030 0.116667 0.081940
4 0.068056 0.040970 0.136111 0.081940
3 0.825000 0.076087 0.116667 0.070234
3 0.941667 0.076087 0.116667 0.070234
