4 0.500000 0.521875 1.000000 0.825000
8 0.500000 0.038281 1.000000 0.076563
1 0.068056 0.147656 0.058333 0.032813
0 0.529167 0.147656 0.747222 0.025781
8 0.500000 0.114844 1.000000 0.076563
1 0.068056 0.224219 0.058333 0.032813
0 0.529167 0.224219 0.747222 0.025781
8 0.500000 0.191406 1.000000 0.076563
1 0.068056 0.300781 0.058333 0.032813
0 0.529167 0.300781 0.747222 0.025781
8 0.500000 0.267969 1.000000 0.076563
1 0.068056 0.377344 0.058333 0.032813
0 0.529167 0.377344 0.747222 0.025781
8 0.500000 0.344531 1.000000 0.076563
1 0.068056 0.453906 0.058333 0.032813
0 0.529167 0.453906 0.747222 0.025781
8 0.500000 0.421094 1.000000 0.076563
1 0.068056 0.530469 0.058333 0.032813
0 0.529167 0.530469 0.747222 0.025781
8 0.500000 0.497656 1.000000 0.076563
1 0.068056 0.607031 0.058333 0.032813
0 0.529167 0.607031 0.747222 0.025781
8 0.500000 0.574219 1.000000 0.076563
1 0.068056 0.683594 0.058333 0.032813
0 0.529167 0.683594 0.747222 0.025781
8 0.500000 0.650781 1.000000 0.076563
1 0.068056 0.760156 0.058333 0.032813
0 0.529167 0.760156 0.747222 0.025781
8 0.500000 0.727344 1.000000 0.076563
1 0.068056 0.836719 0.058333 0.032813
0 0.529167 0.836719 0.747222 0.025781
8 0.500000 0.803906 1.000000 0.076563
1 0.068056 0.913281 0.058333 0.032813
0 0.529167 0.913281 0.747222 0.025781
0 0.260417 0.070898 0.443056 0.026172
4 0.926042 0.071094 0.147917 0.047656
0 0.926042 0.071094 0.147917 0.047656
