0 0.216319 0.070898 0.082639 0.033203
3 0.068056 0.038281 0.136111 0.076563
3 0.929514 0.071094 0.140972 0.065625
4 0.500000 0.488281 1.000000 0.757812
8 0.500000 0.034375 1.000000 0.068750
0 0.500000 0.143750 1.000000 0.068750
8 0.500000 0.100000 1.000000 0.061719
1 0.070486 0.212891 0.140972 0.054688
6 0.177431 0.209180 0.072917 0.041016
1 0.268750 0.209375 0.109722 0.061719
0 0.403472 0.191797 0.159722 0.026562
0 0.364931 0.218750 0.082639 0.027344
8 0.500000 0.162109 1.000000 0.061719
1 0.070486 0.275000 0.140972 0.054688
6 0.177431 0.271289 0.072917 0.041016
1 0.268750 0.271484 0.109722 0.061719
0 0.398958 0.253906 0.150694 0.026562
0 0.417014 0.280859 0.186806 0.027344
8 0.500000 0.224219 1.000000 0.061719
1 0.070486 0.337109 0.140972 0.054688
6 0.177431 0.333398 0.072917 0.041016
1 0.268750 0.333594 0.109722 0.061719
0 0.398958 0.316016 0.150694 0.026562
0 0.451042 0.342969 0.254861 0.027344
8 0.500000 0.286328 1.000000 0.061719
1 0.070486 0.399219 0.140972 0.054688
6 0.177431 0.395508 0.072917 0.041016
1 0.268750 0.395703 0.109722 0.061719
0 0.398958 0.378125 0.150694 0.026562
0 0.476389 0.405078 0.305556 0.027344
8 0.500000 0.348438 1.000000 0.061719
1 0.070486 0.461328 0.140972 0.054688
6 0.177431 0.457617 0.072917 0.041016
1 0.268750 0.457813 0.109722 0.061719
0 0.398958 0.440234 0.150694 0.026562
0 0.472222 0.467187 0.297222 0.027344
8 0.500000 0.410547 1.000000 0.061719
1 0.070486 0.523438 0.140972 0.054688
6 0.177431 0.519727 0.072917 0.041016
1 0.268750 0.519922 0.109722 0.061719
0 0.398958 0.502344 0.150694 0.026562
0 0.438194 0.529297 0.229167 0.027344
8 0.500000 0.472656 1.000000 0.061719
1 0.070486 0.585547 0.140972 0.054688
6 0.177431 0.581836 0.072917 0.041016
1 0.268750 0.582031 0.109722 0.061719
0 0.398958 0.564453 0.150694 0.026562
0 0.443750 0.591406 0.240278 0.027344
8 0.500000 0.534766 1.000000 0.061719
1 0.070486 0.647656 0.140972 0.054688
6 0.177431 0.643945 0.072917 0.041016
1 0.268750 0.644141 0.109722 0.061719
0 0.398958 0.626563 0.150694 0.026562
0 0.488542 0.653516 0.329861 0.027344
8 0.500000 0.596875 1.000000 0.061719
1 0.070486 0.709766 0.140972 0.054688
6 0.177431 0.706055 0.072917 0.041016
1 0.268750 0.706250 0.109722 0.061719
0 0.398958 0.688672 0.150694 0.026562
0 0.511111 0.715625 0.375000 0.027344
8 0.500000 0.658984 1.000000 0.061719
1 0.070486 0.771875 0.140972 0.054688
6 0.177431 0.768164 0.072917 0.041016
1 0.268750 0.768359 0.109722 0.061719
0 0.398958 0.750781 0.150694 0.026562
0 0.446528 0.777734 0.245833 0.027344
8 0.500000 0.721094 1.000000 0.061719
1 0.070486 0.833984 0.140972 0.054688
6 0.177431 0.830273 0.072917 0.041016
1 0.268750 0.830469 0.109722 0.061719
0 0.398958 0.812891 0.150694 0.026562
0 0.559028 0.839844 0.470833 0.027344
8 0.500000 0.783203 1.000000 0.061719
1 0.268750 0.864453 0.109722 0.005469
0 0.398958 0.864453 0.150694 0.005469
3 0.250000 0.901563 0.500000 0.065625
3 0.750000 0.901563 0.500000 0.065625
