0 0.352778 0.071094 0.627778 0.035156
3 0.048611 0.038281 0.097222 0.065625
3 0.166667 0.145117 0.333333 0.071484
3 0.500000 0.145117 0.333333 0.071484
3 0.833333 0.145117 0.333333 0.071484
0 0.131944 0.205664 0.186111 0.022266
4 0.500000 0.343359 1.000000 0.253125
8 0.500000 0.257812 0.965278 0.071094
1 0.090625 0.256445 0.072917 0.041016
0 0.200000 0.247070 0.097222 0.022266
0 0.179514 0.266992 0.056250 0.022266
0 0.921875 0.276758 0.086806 0.022266
1 0.943403 0.242773 0.053472 0.030078
8 0.500000 0.339844 0.965278 0.071094
1 0.090625 0.338477 0.072917 0.041016
0 0.208681 0.329102 0.114583 0.022266
0 0.223264 0.349023 0.143750 0.022266
0 0.913889 0.358789 0.102778 0.022266
1 0.943403 0.324805 0.053472 0.030078
8 0.500000 0.421875 0.965278 0.071094
1 0.090625 0.420508 0.072917 0.041016
0 0.209722 0.411133 0.116667 0.022266
0 0.223264 0.431055 0.143750 0.022266
0 0.913889 0.440820 0.102778 0.022266
1 0.943403 0.406836 0.053472 0.030078
0 0.137500 0.481055 0.197222 0.022266
4 0.500000 0.577734 1.000000 0.171094
8 0.500000 0.533203 0.965278 0.071094
1 0.090625 0.531836 0.072917 0.041016
0 0.196875 0.522461 0.090972 0.022266
0 0.252778 0.542383 0.202778 0.022266
0 0.921875 0.552148 0.086806 0.022266
1 0.943403 0.518164 0.053472 0.030078
4 0.275000 0.866016 0.097222 0.054688
4 0.387500 0.866016 0.097222 0.054688
4 0.500000 0.866016 0.097222 0.054688
4 0.612500 0.866016 0.097222 0.054688
4 0.725000 0.866016 0.097222 0.054688
1 0.500000 0.004883 1.000000 0.009766
