0 0.438889 0.082567 0.829167 0.038880
2 0.937847 0.082776 0.027083 0.010870
1 0.920833 0.082776 0.109722 0.066054
4 0.500000 0.175376 1.000000 0.083194
0 0.238889 0.175376 0.355556 0.038880
4 0.500000 0.261915 1.000000 0.083194
0 0.238889 0.261915 0.355556 0.038880
4 0.500000 0.348453 1.000000 0.083194
0 0.279861 0.348453 0.437500 0.038880
4 0.500000 0.441263 1.000000 0.083194
0 0.279861 0.441263 0.437500 0.038880
4 0.500000 0.527801 1.000000 0.083194
0 0.236458 0.527801 0.350694 0.038880
4 0.500000 0.620610 1.000000 0.083194
0 0.236458 0.620610 0.350694 0.038880
4 0.125000 0.040343 0.250000 0.080686
1 0.124653 0.959448 0.047917 0.030100
4 0.375000 0.040343 0.250000 0.080686
1 0.375000 0.959448 0.050000 0.025084
4 0.625000 0.040343 0.250000 0.080686
1 0.624653 0.959657 0.046528 0.028010
4 0.875000 0.040343 0.250000 0.080686
1 0.875000 0.959657 0.056944 0.009615
