0 0.498614 0.161914 0.624394 0.036328
0 0.498960 0.195898 0.997921 0.031641
1 0.498614 0.197852 0.363825 0.205078
0 0.498960 0.478711 0.997921 0.027734
0 0.498960 0.524414 0.997921 0.036328
3 0.498960 0.556445 0.492030 0.027734
0 0.498960 0.599414 0.167706 0.036328
3 0.498614 0.631445 0.528760 0.027734
4 0.388080 0.054688 0.776161 0.109375
4 0.498960 0.503125 0.997921 0.546875
1 0.498960 0.366406 0.997921 0.273438
1 0.498614 0.471484 0.839224 0.355469
4 0.079349 0.739453 0.133749 0.054688
4 0.240818 0.739453 0.133749 0.054688
4 0.402287 0.739453 0.133749 0.054688
4 0.563756 0.739453 0.133749 0.054688
4 0.725572 0.739453 0.134442 0.054688
4 0.888427 0.739453 0.134442 0.054688
4 0.388080 0.034180 0.776161 0.068359
4 0.498960 0.521875 0.997921 0.825000
8 0.500000 0.037695 1.000000 0.075391
1 0.064449 0.146875 0.109494 0.061719
0 0.289674 0.147070 0.302148 0.031641
8 0.500000 0.114648 1.000000 0.075391
1 0.064449 0.223828 0.109494 0.061719
0 0.345461 0.224023 0.413721 0.031641
8 0.500000 0.191602 1.000000 0.075391
1 0.064449 0.300781 0.109494 0.061719
0 0.224532 0.300977 0.171864 0.031641
8 0.500000 0.268555 1.000000 0.075391
1 0.064449 0.377734 0.109494 0.061719
0 0.377685 0.377930 0.478170 0.031641
8 0.500000 0.345508 1.000000 0.075391
1 0.064449 0.454688 0.109494 0.061719
0 0.287249 0.454883 0.297297 0.031641
8 0.500000 0.422461 1.000000 0.075391
1 0.064449 0.531641 0.109494 0.061719
0 0.223146 0.531836 0.169092 0.031641
8 0.500000 0.499414 1.000000 0.075391
1 0.064449 0.608594 0.109494 0.061719
0 0.390159 0.608789 0.503119 0.031641
8 0.500000 0.576367 1.000000 0.075391
1 0.064449 0.685547 0.109494 0.061719
0 0.520444 0.685742 0.763687 0.031641
0 0.244283 0.070898 0.197505 0.036328
3 0.067914 0.038281 0.135828 0.076563
3 0.794179 0.071094 0.135828 0.065625
3 0.930007 0.071094 0.135828 0.065625
