4 0.500000 0.521875 1.000000 0.825000
8 0.500000 0.141406 1.000000 0.064062
4 0.068056 0.141406 0.136111 0.064062
0 0.234028 0.131055 0.195833 0.033203
4 0.930556 0.130859 0.061111 0.034375
8 0.500000 0.217383 1.000000 0.084766
4 0.068056 0.217383 0.136111 0.084766
0 0.295486 0.217383 0.318750 0.033203
4 0.930556 0.217188 0.061111 0.034375
8 0.500000 0.303711 1.000000 0.084766
4 0.068056 0.303711 0.136111 0.084766
0 0.302083 0.303711 0.331944 0.033203
4 0.930556 0.303516 0.061111 0.034375
8 0.500000 0.390039 1.000000 0.084766
4 0.068056 0.390039 0.136111 0.084766
0 0.332986 0.390039 0.393750 0.033203
4 0.930556 0.389844 0.061111 0.034375
8 0.500000 0.476367 1.000000 0.084766
4 0.068056 0.476367 0.136111 0.084766
0 0.288194 0.476367 0.304167 0.033203
4 0.930556 0.476172 0.061111 0.034375
8 0.500000 0.562695 1.000000 0.084766
4 0.068056 0.562695 0.136111 0.084766
0 0.284028 0.562695 0.295833 0.033203
4 0.930556 0.562500 0.061111 0.034375
8 0.500000 0.649023 1.000000 0.084766
4 0.068056 0.649023 0.136111 0.084766
0 0.379861 0.649023 0.487500 0.033203
4 0.930556 0.648828 0.061111 0.034375
8 0.500000 0.735352 1.000000 0.084766
4 0.068056 0.735352 0.136111 0.084766
0 0.374653 0.735352 0.477083 0.033203
4 0.930556 0.735156 0.061111 0.034375
8 0.500000 0.821680 1.000000 0.084766
4 0.068056 0.821680 0.136111 0.084766
0 0.408681 0.821680 0.545139 0.033203
4 0.930556 0.821484 0.061111 0.034375
8 0.500000 0.900000 1.000000 0.068750
4 0.068056 0.900000 0.136111 0.068750
0 0.459375 0.908008 0.646528 0.033203
4 0.930556 0.907813 0.061111 0.034375
0 0.278125 0.070898 0.206250 0.036328
3 0.068056 0.038281 0.136111 0.076563
3 0.727778 0.071094 0.116667 0.065625
3 0.844444 0.071094 0.116667 0.065625
3 0.281944 0.038281 0.097222 0.065625
