8 0.500000 0.399038 1.000000 0.798077
0 0.512153 0.173286 0.975694 0.064799
4 0.500000 0.017768 1.000000 0.035535
0 0.500000 0.123119 1.000000 0.035535
0 0.512153 0.238921 0.975694 0.064799
0 0.512153 0.304557 0.975694 0.064799
0 0.512153 0.370192 0.975694 0.064799
0 0.512153 0.435828 0.975694 0.064799
0 0.512153 0.501463 0.975694 0.064799
0 0.512153 0.567099 0.975694 0.064799
0 0.512153 0.632734 0.975694 0.064799
0 0.512153 0.698370 0.975694 0.064799
0 0.512153 0.764005 0.975694 0.064799
0 0.512153 0.829640 0.975694 0.064799
0 0.512153 0.883152 0.975694 0.040552
1 0.500000 0.915134 1.000000 0.023411
1 0.500000 0.011706 1.000000 0.023411
4 0.500000 0.963420 1.000000 0.073161
1 0.500000 0.036580 1.000000 0.073161
3 0.195833 0.035117 0.391667 0.070234
2 0.019444 0.070234 0.038889 0.023411
1 0.068750 0.070234 0.077778 0.046823
0 0.244792 0.070025 0.254861 0.043060
