1 0.500000 0.759908 1.000000 0.010773
0 0.118056 0.144094 0.158333 0.029627
1 0.500000 0.170643 0.922222 0.009619
4 0.500000 0.473836 1.000000 0.582917
8 0.500000 0.019046 1.000000 0.038092
0 0.500000 0.188919 0.922222 0.013082
0 0.290972 0.205271 0.504167 0.019623
8 0.500000 0.077722 1.000000 0.076183
0 0.500000 0.250289 0.922222 0.045787
0 0.293056 0.282993 0.508333 0.019623
8 0.500000 0.155444 1.000000 0.076183
0 0.500000 0.328011 0.922222 0.045787
0 0.275000 0.360716 0.472222 0.019623
8 0.500000 0.233167 1.000000 0.076183
0 0.500000 0.405733 0.922222 0.045787
0 0.275000 0.438438 0.472222 0.019623
8 0.500000 0.310889 1.000000 0.076183
0 0.500000 0.520777 0.922222 0.120431
0 0.275347 0.516160 0.472917 0.019623
8 0.500000 0.388611 1.000000 0.076183
0 0.500000 0.561177 0.922222 0.045787
0 0.283333 0.593882 0.488889 0.019623
3 0.051736 0.809157 0.103472 0.060793
3 0.935417 0.809157 0.129167 0.060793
3 0.802778 0.809157 0.136111 0.060793
1 0.158333 0.809157 0.109722 0.060793
0 0.473958 0.809157 0.521528 0.060793
4 0.500000 0.033667 0.777778 0.067334
3 0.068056 0.037707 0.136111 0.075414
1 0.357986 0.037707 0.443750 0.075414
3 0.727778 0.070027 0.116667 0.064640
3 0.844444 0.070027 0.116667 0.064640
3 0.281944 0.037707 0.097222 0.064640
