0 0.500000 0.052885 0.980556 0.033863
4 0.500000 0.535953 1.000000 0.928094
8 0.081250 0.023411 0.162500 0.046823
0 0.081250 0.095318 0.162500 0.046823
8 0.083333 0.071070 0.166667 0.046823
0 0.083333 0.142977 0.166667 0.046823
8 0.145486 0.118729 0.290972 0.046823
0 0.145486 0.190635 0.290972 0.046823
8 0.143056 0.166388 0.286111 0.046823
0 0.143056 0.238294 0.286111 0.046823
8 0.127083 0.214047 0.254167 0.046823
0 0.127083 0.285953 0.254167 0.046823
8 0.407986 0.261706 0.815972 0.046823
0 0.407986 0.333612 0.815972 0.046823
8 0.088889 0.309365 0.177778 0.046823
0 0.088889 0.381271 0.177778 0.046823
8 0.215972 0.357023 0.431944 0.046823
0 0.215972 0.428930 0.431944 0.046823
8 0.127083 0.404682 0.254167 0.046823
0 0.127083 0.476589 0.254167 0.046823
8 0.124653 0.452341 0.249306 0.046823
0 0.124653 0.524247 0.249306 0.046823
8 0.100000 0.500000 0.200000 0.046823
0 0.100000 0.571906 0.200000 0.046823
8 0.411458 0.547659 0.822917 0.046823
0 0.411458 0.619565 0.822917 0.046823
8 0.075347 0.595318 0.150694 0.046823
0 0.075347 0.667224 0.150694 0.046823
8 0.119097 0.642977 0.238194 0.046823
0 0.119097 0.714883 0.238194 0.046823
8 0.107986 0.690635 0.215972 0.046823
0 0.107986 0.762542 0.215972 0.046823
8 0.148958 0.738294 0.297917 0.046823
0 0.148958 0.810201 0.297917 0.046823
8 0.161458 0.785953 0.322917 0.046823
0 0.161458 0.857860 0.322917 0.046823
8 0.142361 0.833612 0.284722 0.046823
0 0.142361 0.905518 0.284722 0.046823
8 0.145139 0.881271 0.290278 0.046823
0 0.145139 0.953177 0.290278 0.046823
8 0.159028 0.928930 0.318056 0.046823
0 0.159028 0.988712 0.318056 0.022575
