1 0.500000 0.483594 1.000000 0.901563
1 0.500000 0.101367 0.325000 0.068359
0 0.500000 0.216797 1.000000 0.039844
8 0.524306 0.293945 0.951389 0.059766
8 0.548611 0.353320 0.902778 0.058984
8 0.548611 0.412305 0.902778 0.058984
8 0.548611 0.471289 0.902778 0.058984
8 0.548611 0.530273 0.902778 0.058984
8 0.548611 0.589258 0.902778 0.058984
8 0.548611 0.648242 0.902778 0.058984
8 0.548611 0.707227 0.902778 0.058984
8 0.548611 0.766211 0.902778 0.058984
8 0.548611 0.825195 0.902778 0.058984
8 0.548611 0.860938 0.902778 0.012500
3 0.878819 0.901563 0.125694 0.065625
