0 0.500000 0.077132 0.427778 0.049749
4 0.500000 0.559574 1.000000 0.880853
8 0.500000 0.049749 1.000000 0.099498
0 0.509722 0.140259 0.980556 0.042224
0 0.146875 0.190008 0.199306 0.040552
8 0.500000 0.128554 1.000000 0.057274
0 0.129861 0.247701 0.165278 0.040552
8 0.500000 0.186246 1.000000 0.057274
0 0.133681 0.305393 0.172917 0.040552
8 0.500000 0.243938 1.000000 0.057274
0 0.152778 0.363085 0.211111 0.040552
8 0.500000 0.322742 1.000000 0.099498
0 0.509722 0.413253 0.980556 0.042224
0 0.233681 0.463002 0.372917 0.040552
8 0.500000 0.422659 1.000000 0.099498
0 0.509722 0.513169 0.980556 0.042224
0 0.156597 0.562918 0.218750 0.040552
8 0.500000 0.501463 1.000000 0.057274
0 0.149306 0.620610 0.204167 0.040552
8 0.500000 0.559156 1.000000 0.057274
0 0.182639 0.678303 0.270833 0.040552
8 0.500000 0.637960 1.000000 0.099498
0 0.509722 0.728470 0.980556 0.042224
0 0.151389 0.778219 0.208333 0.040552
8 0.500000 0.737876 1.000000 0.099498
0 0.509722 0.828386 0.980556 0.042224
0 0.125000 0.878135 0.155556 0.040552
8 0.500000 0.837793 1.000000 0.099498
0 0.509722 0.928303 0.980556 0.042224
0 0.135069 0.978052 0.175694 0.040552
