0 0.235764 0.070898 0.179861 0.036328
3 0.068056 0.038281 0.136111 0.076563
4 0.500000 0.521875 1.000000 0.825000
8 0.500000 0.040820 1.000000 0.081641
0 0.500000 0.150195 0.951389 0.040234
8 0.500000 0.124023 1.000000 0.081641
0 0.500000 0.233398 0.951389 0.040234
8 0.500000 0.207227 1.000000 0.081641
0 0.500000 0.316602 0.951389 0.040234
8 0.500000 0.290430 1.000000 0.081641
0 0.500000 0.399805 0.951389 0.040234
8 0.500000 0.373633 1.000000 0.081641
0 0.500000 0.483008 0.951389 0.040234
8 0.500000 0.456836 1.000000 0.081641
0 0.500000 0.566211 0.951389 0.040234
8 0.500000 0.540039 1.000000 0.081641
0 0.500000 0.649414 0.951389 0.040234
8 0.500000 0.623242 1.000000 0.081641
0 0.500000 0.732617 0.951389 0.040234
8 0.500000 0.706445 1.000000 0.081641
0 0.500000 0.815820 0.951389 0.040234
8 0.500000 0.789648 1.000000 0.081641
0 0.500000 0.899023 0.951389 0.040234
