0 0.241667 0.071094 0.133333 0.039844
3 0.068056 0.038281 0.136111 0.076563
3 0.941667 0.071094 0.116667 0.065625
4 0.500000 0.521875 1.000000 0.825000
8 0.500000 0.045898 1.000000 0.091797
0 0.080903 0.154492 0.084028 0.035547
8 0.500000 0.137695 1.000000 0.091797
0 0.080903 0.246289 0.084028 0.035547
8 0.500000 0.229492 1.000000 0.091797
0 0.074653 0.338086 0.071528 0.035547
8 0.500000 0.321289 1.000000 0.091797
0 0.078472 0.429883 0.079167 0.035547
8 0.500000 0.413086 1.000000 0.091797
0 0.078472 0.521680 0.079167 0.035547
1 0.932639 0.521484 0.058333 0.032813
8 0.500000 0.504883 1.000000 0.091797
0 0.079861 0.613477 0.081944 0.035547
8 0.500000 0.596680 1.000000 0.091797
0 0.078472 0.705273 0.079167 0.035547
8 0.500000 0.688477 1.000000 0.091797
0 0.078819 0.797070 0.079861 0.035547
8 0.500000 0.780273 1.000000 0.091797
0 0.077431 0.888867 0.077083 0.035547
