4 0.215278 0.142187 0.430556 0.065625
0 0.214931 0.142187 0.185417 0.065625
4 0.645833 0.142187 0.430556 0.065625
0 0.645486 0.142187 0.147917 0.065625
1 0.931944 0.142187 0.136111 0.065625
8 0.500000 0.261133 1.000000 0.172266
4 0.500000 0.261133 1.000000 0.150391
1 0.140972 0.261133 0.243056 0.128516
0 0.621528 0.221094 0.718056 0.048438
0 0.322569 0.260937 0.120139 0.025781
0 0.505556 0.311719 0.037500 0.027344
8 0.500000 0.427930 1.000000 0.161328
4 0.500000 0.422461 1.000000 0.150391
1 0.140972 0.422461 0.243056 0.128516
0 0.621528 0.382422 0.718056 0.048438
0 0.322569 0.422266 0.120139 0.025781
8 0.500000 0.589258 1.000000 0.161328
4 0.500000 0.583789 1.000000 0.150391
1 0.140972 0.583789 0.243056 0.128516
0 0.510764 0.543750 0.496528 0.048438
0 0.322569 0.583594 0.120139 0.025781
8 0.500000 0.750586 1.000000 0.161328
4 0.500000 0.745117 1.000000 0.150391
1 0.140972 0.745117 0.243056 0.128516
0 0.510764 0.705078 0.496528 0.048438
0 0.322569 0.744922 0.120139 0.025781
8 0.500000 0.882812 1.000000 0.103125
4 0.500000 0.882812 1.000000 0.103125
1 0.140972 0.888281 0.243056 0.092188
0 0.501736 0.866406 0.478472 0.048438
0 0.322569 0.906250 0.120139 0.025781
4 0.708333 0.071094 0.116667 0.065625
1 0.058333 0.032813 0.097222 0.054688
4 0.825000 0.071094 0.116667 0.065625
4 0.941667 0.071094 0.116667 0.065625
4 0.068056 0.038281 0.136111 0.076563
0 0.248264 0.070898 0.204861 0.033203
