4 0.587054 0.557626 0.825893 0.820624
8 0.587054 0.178943 0.825893 0.063258
0 0.439732 0.178943 0.468750 0.063258
8 0.587054 0.242201 0.825893 0.063258
0 0.439732 0.242201 0.468750 0.063258
8 0.587054 0.305459 0.825893 0.063258
0 0.439732 0.305459 0.468750 0.063258
8 0.587054 0.368718 0.825893 0.063258
0 0.439732 0.368718 0.468750 0.063258
8 0.587054 0.431976 0.825893 0.063258
0 0.439732 0.431976 0.468750 0.063258
8 0.587054 0.495234 0.825893 0.063258
0 0.439732 0.495234 0.468750 0.063258
8 0.587054 0.558492 0.825893 0.063258
0 0.439732 0.558492 0.468750 0.063258
8 0.587054 0.621750 0.825893 0.063258
0 0.439732 0.621750 0.468750 0.063258
8 0.587054 0.685009 0.825893 0.063258
0 0.439732 0.685009 0.468750 0.063258
8 0.587054 0.748267 0.825893 0.063258
0 0.439732 0.748267 0.468750 0.063258
8 0.587054 0.811525 0.825893 0.063258
0 0.439732 0.811525 0.468750 0.063258
8 0.587054 0.874783 0.825893 0.063258
0 0.439732 0.874783 0.468750 0.063258
8 0.587054 0.937175 0.825893 0.061525
0 0.439732 0.937175 0.468750 0.061525
