0 0.587500 0.070898 0.825000 0.036328
3 0.068056 0.038281 0.136111 0.076563
0 0.500000 0.157812 1.000000 0.096875
4 0.500000 0.247656 1.000000 0.082812
0 0.494097 0.234766 0.914583 0.029687
0 0.494097 0.262500 0.914583 0.025781
2 0.895139 0.027734 0.038889 0.005469
4 0.500000 0.330469 1.000000 0.082812
0 0.076736 0.315625 0.079861 0.025781
0 0.104167 0.343359 0.134722 0.029687
4 0.500000 0.413281 1.000000 0.082812
0 0.094097 0.398438 0.114583 0.025781
0 0.101736 0.426172 0.129861 0.029687
4 0.500000 0.496094 1.000000 0.082812
0 0.100000 0.481250 0.126389 0.025781
0 0.058333 0.508984 0.043056 0.029687
4 0.500000 0.578906 1.000000 0.082812
0 0.102778 0.564063 0.131944 0.025781
0 0.180208 0.591797 0.286806 0.029687
4 0.500000 0.661719 1.000000 0.082812
0 0.088542 0.646875 0.103472 0.025781
0 0.099653 0.674609 0.125694 0.029687
3 0.500000 0.893359 0.951389 0.054688
