0 0.500000 0.069189 0.133333 0.038880
4 0.500000 0.140677 1.000000 0.068144
2 0.068750 0.140677 0.040278 0.026338
0 0.477431 0.140677 0.728472 0.038880
6 0.908681 0.139632 0.134028 0.036789
4 0.500000 0.212166 1.000000 0.068144
2 0.068056 0.211957 0.038889 0.022575
0 0.522222 0.212166 0.820833 0.038880
2 0.966319 0.211957 0.018750 0.019231
4 0.500000 0.283654 1.000000 0.068144
2 0.068750 0.283654 0.040278 0.026338
0 0.522917 0.283654 0.819444 0.038880
2 0.966319 0.283445 0.018750 0.019231
4 0.500000 0.355142 1.000000 0.068144
2 0.070486 0.354933 0.043750 0.019231
0 0.524653 0.355142 0.815972 0.038880
2 0.966319 0.354933 0.018750 0.019231
0 0.499653 0.439590 0.407639 0.035535
4 0.096875 0.565217 0.145139 0.157191
1 0.096528 0.521739 0.116667 0.070234
0 0.096875 0.600334 0.145139 0.086957
4 0.317014 0.565217 0.172917 0.157191
1 0.316667 0.521739 0.116667 0.070234
0 0.317014 0.600334 0.172917 0.086957
4 0.537153 0.565217 0.145139 0.157191
1 0.536806 0.521739 0.116667 0.070234
0 0.537153 0.600334 0.145139 0.086957
4 0.743403 0.565217 0.145139 0.157191
1 0.743056 0.521739 0.116667 0.070234
0 0.743403 0.600334 0.145139 0.086957
4 0.926389 0.565217 0.098611 0.157191
1 0.933333 0.521739 0.084722 0.070234
0 0.926389 0.600334 0.098611 0.086957
4 0.125000 0.040343 0.250000 0.080686
1 0.124653 0.959448 0.047917 0.030100
4 0.375000 0.040343 0.250000 0.080686
1 0.375000 0.959448 0.050000 0.025084
4 0.625000 0.040343 0.250000 0.080686
1 0.624653 0.959657 0.046528 0.028010
4 0.875000 0.040343 0.250000 0.080686
1 0.875000 0.959657 0.056944 0.009615
