4 0.068056 0.038281 0.136111 0.076563
0 0.430208 0.059375 0.510417 0.029687
0 0.365625 0.085742 0.381250 0.023047
3 0.941667 0.071094 0.116667 0.065625
4 0.099653 0.150391 0.199306 0.082031
0 0.099653 0.138672 0.179861 0.013281
0 0.099653 0.156836 0.179861 0.023047
4 0.301736 0.150391 0.199306 0.082031
0 0.301736 0.138672 0.179861 0.013281
0 0.301736 0.156836 0.179861 0.023047
4 0.502431 0.150391 0.199306 0.082031
0 0.502431 0.138672 0.179861 0.013281
0 0.502431 0.156836 0.179861 0.023047
4 0.703125 0.150391 0.199306 0.082031
0 0.703125 0.138672 0.179861 0.013281
0 0.703125 0.156836 0.179861 0.023047
4 0.902083 0.150391 0.195833 0.082031
0 0.903819 0.138672 0.179861 0.013281
0 0.903819 0.156836 0.179861 0.023047
4 0.500000 0.563281 1.000000 0.742188
8 0.500000 0.065039 1.000000 0.130078
0 0.089236 0.227734 0.100694 0.027344
0 0.426389 0.233203 0.069444 0.016406
0 0.537153 0.233203 0.152083 0.016406
0 0.913194 0.227734 0.095833 0.027344
0 0.096181 0.262500 0.114583 0.020313
0 0.196181 0.263281 0.085417 0.016406
0 0.600000 0.263281 0.722222 0.016406
0 0.269444 0.291797 0.461111 0.016406
0 0.730556 0.291992 0.461111 0.016797
8 0.500000 0.196484 1.000000 0.129688
0 0.091319 0.359375 0.104861 0.027344
0 0.428472 0.364844 0.068056 0.016406
0 0.538542 0.364844 0.152083 0.016406
0 0.913194 0.359375 0.095833 0.027344
0 0.090972 0.394141 0.104167 0.020313
0 0.207292 0.394922 0.128472 0.016406
0 0.616319 0.394922 0.689583 0.016406
0 0.269444 0.423438 0.461111 0.016406
0 0.730556 0.423438 0.461111 0.016406
8 0.500000 0.327734 1.000000 0.129688
0 0.095139 0.490625 0.112500 0.027344
0 0.428819 0.496094 0.077083 0.016406
0 0.544097 0.496094 0.153472 0.016406
0 0.910764 0.490625 0.100694 0.027344
0 0.096528 0.525391 0.115278 0.020313
0 0.218403 0.526172 0.128472 0.016406
0 0.621875 0.526172 0.678472 0.016406
0 0.269444 0.554688 0.461111 0.016406
0 0.730556 0.554688 0.461111 0.016406
8 0.500000 0.458984 1.000000 0.129688
0 0.089236 0.621875 0.100694 0.027344
0 0.421875 0.627344 0.075694 0.016406
0 0.535764 0.627344 0.152083 0.016406
0 0.909028 0.621875 0.104167 0.027344
0 0.096181 0.656641 0.114583 0.020313
0 0.196181 0.657422 0.085417 0.016406
0 0.600000 0.657422 0.722222 0.016406
0 0.269444 0.685937 0.461111 0.016406
0 0.730556 0.685937 0.461111 0.016406
8 0.500000 0.590234 1.000000 0.129688
0 0.085069 0.753125 0.092361 0.027344
0 0.420139 0.758594 0.075000 0.016406
0 0.533681 0.758594 0.152083 0.016406
0 0.911111 0.753125 0.100000 0.027344
0 0.095833 0.787891 0.113889 0.020313
0 0.217014 0.788672 0.128472 0.016406
0 0.621181 0.788672 0.679861 0.016406
0 0.269444 0.817187 0.461111 0.016406
0 0.730556 0.817187 0.461111 0.016406
8 0.500000 0.721484 1.000000 0.129688
0 0.097917 0.884375 0.118056 0.027344
0 0.430903 0.889844 0.063194 0.016406
0 0.538542 0.889844 0.152083 0.016406
0 0.909028 0.884375 0.104167 0.027344
0 0.095833 0.919141 0.113889 0.020313
0 0.195486 0.919922 0.085417 0.016406
0 0.599653 0.919922 0.722917 0.016406
