4 0.068056 0.038281 0.136111 0.076563
0 0.430208 0.059375 0.510417 0.029687
0 0.365625 0.085742 0.381250 0.023047
3 0.941667 0.071094 0.116667 0.065625
4 0.099653 0.150391 0.199306 0.082031
0 0.099653 0.138672 0.179861 0.013281
0 0.099653 0.156836 0.179861 0.023047
4 0.301736 0.150391 0.199306 0.082031
0 0.301736 0.138672 0.179861 0.013281
0 0.301736 0.156836 0.179861 0.023047
4 0.502431 0.150391 0.199306 0.082031
0 0.502431 0.138672 0.179861 0.013281
0 0.502431 0.156836 0.179861 0.023047
4 0.703125 0.150391 0.199306 0.082031
0 0.703125 0.138672 0.179861 0.013281
0 0.703125 0.156836 0.179861 0.023047
4 0.902083 0.150391 0.195833 0.082031
0 0.903819 0.138672 0.179861 0.013281
0 0.903819 0.156836 0.179861 0.023047
4 0.500000 0.563281 1.000000 0.742188
8 0.500000 0.065039 1.000000 0.130078
0 0.089236 0.227734 0.100694 0.027344
0 0.426389 0.233203 0.076389 0.016406
0 0.540625 0.233203 0.152083 0.016406
0 0.913194 0.227734 0.095833 0.027344
0 0.095833 0.262500 0.113889 0.020313
0 0.245139 0.263281 0.184722 0.016406
0 0.649306 0.263281 0.623611 0.016406
0 0.269444 0.291797 0.461111 0.016406
0 0.730556 0.291992 0.461111 0.016797
8 0.500000 0.196680 1.000000 0.130078
0 0.089236 0.359375 0.100694 0.027344
0 0.426389 0.364844 0.076389 0.016406
0 0.540625 0.364844 0.152083 0.016406
0 0.913194 0.359375 0.095833 0.027344
0 0.095833 0.394141 0.113889 0.020313
0 0.245139 0.394922 0.184722 0.016406
0 0.649306 0.394922 0.623611 0.016406
0 0.269444 0.423438 0.461111 0.016406
0 0.730556 0.423633 0.461111 0.016797
8 0.500000 0.328320 1.000000 0.130078
0 0.089236 0.491016 0.100694 0.027344
0 0.426389 0.496484 0.076389 0.016406
0 0.540625 0.496484 0.152083 0.016406
0 0.913194 0.491016 0.095833 0.027344
0 0.096181 0.525781 0.114583 0.020313
0 0.245833 0.526563 0.184722 0.016406
0 0.649653 0.526563 0.622917 0.016406
0 0.269444 0.555078 0.461111 0.016406
0 0.730556 0.555273 0.461111 0.016797
8 0.500000 0.459961 1.000000 0.130078
0 0.089236 0.622656 0.100694 0.027344
0 0.426389 0.628125 0.076389 0.016406
0 0.540625 0.628125 0.152083 0.016406
0 0.913194 0.622656 0.095833 0.027344
0 0.096181 0.657422 0.114583 0.020313
0 0.245833 0.658203 0.184722 0.016406
0 0.649653 0.658203 0.622917 0.016406
0 0.269444 0.686719 0.461111 0.016406
0 0.730556 0.686914 0.461111 0.016797
8 0.500000 0.591602 1.000000 0.130078
0 0.089583 0.754297 0.101389 0.027344
0 0.426736 0.759766 0.070139 0.016406
0 0.537847 0.759766 0.152083 0.016406
0 0.913194 0.754297 0.095833 0.027344
0 0.095833 0.789062 0.113889 0.020313
0 0.245139 0.789844 0.184722 0.016406
0 0.649306 0.789844 0.623611 0.016406
0 0.269444 0.818359 0.461111 0.016406
0 0.730556 0.818555 0.461111 0.016797
8 0.500000 0.723242 1.000000 0.130078
0 0.089583 0.885938 0.101389 0.027344
0 0.426736 0.891406 0.070139 0.016406
0 0.537847 0.891406 0.152083 0.016406
0 0.913194 0.885938 0.095833 0.027344
0 0.095833 0.920703 0.113889 0.020313
0 0.245139 0.921484 0.184722 0.016406
0 0.649306 0.921484 0.623611 0.016406
