8 0.500000 0.198828 1.000000 0.047656
8 0.500000 0.263477 1.000000 0.080859
1 0.068056 0.261328 0.097222 0.054688
0 0.273264 0.246875 0.235417 0.025781
0 0.219097 0.281836 0.127083 0.022266
0 0.970833 0.263281 0.019444 0.025781
8 0.500000 0.344727 1.000000 0.080859
1 0.068056 0.342578 0.097222 0.054688
0 0.249306 0.328125 0.187500 0.025781
0 0.219097 0.363086 0.127083 0.022266
0 0.970833 0.344531 0.019444 0.025781
8 0.500000 0.425977 1.000000 0.080859
1 0.068056 0.423828 0.097222 0.054688
0 0.199306 0.409375 0.087500 0.025781
0 0.219097 0.444336 0.127083 0.022266
0 0.970833 0.425781 0.019444 0.025781
8 0.500000 0.507227 1.000000 0.080859
1 0.068056 0.505078 0.097222 0.054688
0 0.240972 0.490625 0.170833 0.025781
0 0.219097 0.525586 0.127083 0.022266
0 0.970833 0.507031 0.019444 0.025781
8 0.500000 0.588477 1.000000 0.080859
1 0.068056 0.586328 0.097222 0.054688
0 0.273958 0.571875 0.236806 0.025781
0 0.210764 0.606836 0.110417 0.022266
0 0.970833 0.588281 0.019444 0.025781
8 0.500000 0.653125 1.000000 0.047656
8 0.500000 0.717773 1.000000 0.080859
1 0.068056 0.715625 0.097222 0.054688
0 0.213542 0.701172 0.115972 0.025781
0 0.185764 0.736133 0.060417 0.022266
0 0.922222 0.717578 0.116667 0.025781
8 0.500000 0.799023 1.000000 0.080859
1 0.068056 0.796875 0.097222 0.054688
0 0.190972 0.782422 0.070833 0.025781
0 0.185764 0.817383 0.060417 0.022266
0 0.922222 0.798828 0.116667 0.025781
8 0.500000 0.880273 1.000000 0.080859
1 0.068056 0.878125 0.097222 0.054688
0 0.351042 0.863672 0.390972 0.025781
0 0.185764 0.898633 0.060417 0.022266
0 0.922222 0.880078 0.116667 0.025781
8 0.500000 0.927734 1.000000 0.013281
1 0.068056 0.933203 0.097222 0.002344
0 0.279861 0.933203 0.248611 0.002344
7 0.250000 0.032813 0.500000 0.065625
0 0.250000 0.142187 0.213889 0.025781
7 0.750000 0.032813 0.500000 0.065625
0 0.750000 0.142187 0.102778 0.025781
3 0.068056 0.038281 0.136111 0.076563
0 0.284028 0.070898 0.276389 0.036328
