4 0.200000 0.792582 0.400000 0.057692
1 0.029167 0.014423 0.058333 0.028846
0 0.241319 0.792582 0.129861 0.022665
4 0.700000 0.792582 0.600000 0.057692
0 0.705903 0.792582 0.100694 0.022665
0 0.806250 0.792411 0.041667 0.019574
8 0.200000 0.029018 0.400000 0.058036
0 0.183333 0.123111 0.250000 0.019574
0 0.339583 0.123111 0.033333 0.016140
8 0.200000 0.087054 0.400000 0.058036
0 0.136806 0.181147 0.156944 0.019574
8 0.200000 0.145089 0.400000 0.058036
0 0.096875 0.239183 0.077083 0.019574
8 0.200000 0.203125 0.400000 0.058036
0 0.089583 0.297218 0.062500 0.019574
8 0.200000 0.261161 0.400000 0.058036
0 0.135069 0.355254 0.153472 0.019574
8 0.200000 0.319196 0.400000 0.058036
0 0.164931 0.413290 0.213194 0.019574
8 0.200000 0.377232 0.400000 0.058036
0 0.125347 0.471326 0.134028 0.019574
8 0.200000 0.435268 0.400000 0.058036
0 0.175000 0.529361 0.233333 0.019574
8 0.200000 0.493304 0.400000 0.058036
0 0.122222 0.587397 0.127778 0.019574
8 0.200000 0.551339 0.400000 0.058036
0 0.182639 0.645433 0.248611 0.019574
8 0.200000 0.609375 0.400000 0.058036
0 0.145486 0.703468 0.174306 0.019574
8 0.200000 0.667411 0.400000 0.058036
0 0.207292 0.758757 0.297917 0.014080
8 0.700000 0.124141 0.600000 0.055975
8 0.700000 0.458963 0.600000 0.613668
8 0.300000 0.029018 0.600000 0.058036
6 0.468056 0.180975 0.077778 0.038462
8 0.300000 0.087054 0.600000 0.058036
0 0.565625 0.239183 0.059028 0.019574
6 0.468056 0.239011 0.077778 0.038462
8 0.300000 0.145089 0.600000 0.058036
0 0.599653 0.297218 0.127083 0.019574
6 0.468056 0.297047 0.077778 0.038462
8 0.300000 0.203125 0.600000 0.058036
0 0.573264 0.355254 0.074306 0.019574
6 0.468056 0.355082 0.077778 0.038462
8 0.300000 0.261161 0.600000 0.058036
0 0.568750 0.413290 0.065278 0.019574
6 0.468056 0.413118 0.077778 0.038462
8 0.300000 0.319196 0.600000 0.058036
0 0.573958 0.471326 0.075694 0.019574
6 0.468056 0.471154 0.077778 0.038462
8 0.300000 0.377232 0.600000 0.058036
0 0.591319 0.529361 0.110417 0.019574
6 0.468056 0.529190 0.077778 0.038462
8 0.300000 0.435268 0.600000 0.058036
0 0.594444 0.587397 0.116667 0.019574
6 0.468056 0.587225 0.077778 0.038462
8 0.300000 0.493304 0.600000 0.058036
0 0.560417 0.645433 0.048611 0.019574
6 0.468056 0.645261 0.077778 0.038462
8 0.300000 0.551339 0.600000 0.058036
0 0.579514 0.703468 0.086806 0.019574
6 0.468056 0.703297 0.077778 0.038462
8 0.300000 0.609375 0.600000 0.058036
0 0.593750 0.758757 0.115278 0.014080
6 0.468056 0.753949 0.077778 0.023695
0 0.219444 0.062500 0.088889 0.040522
4 0.068056 0.033654 0.136111 0.067308
4 0.745486 0.062500 0.275694 0.028846
0 0.781944 0.059409 0.202778 0.022665
3 0.941667 0.062500 0.116667 0.057692
