0 0.451389 0.065430 0.863889 0.055078
1 0.941667 0.065625 0.116667 0.065625
3 0.250347 0.032813 0.500694 0.065625
3 0.750347 0.032813 0.499306 0.065625
8 0.500000 0.385156 1.000000 0.770312
8 0.500000 0.043750 0.922222 0.065625
0 0.500000 0.207813 0.922222 0.065625
8 0.500000 0.101172 0.922222 0.049219
0 0.538889 0.264453 0.844444 0.047656
8 0.500000 0.167969 0.922222 0.084375
1 0.048611 0.041406 0.058333 0.032813
0 0.538889 0.315625 0.805556 0.029687
0 0.486806 0.348828 0.701389 0.025781
0 0.894444 0.348828 0.094444 0.025781
8 0.500000 0.252344 0.922222 0.084375
0 0.538889 0.400000 0.805556 0.029687
0 0.486806 0.433203 0.701389 0.025781
0 0.894444 0.433203 0.094444 0.025781
8 0.500000 0.336719 0.922222 0.084375
0 0.538889 0.484375 0.805556 0.029687
0 0.486806 0.517578 0.701389 0.025781
0 0.894444 0.517578 0.094444 0.025781
8 0.500000 0.421094 0.922222 0.084375
0 0.538889 0.568750 0.805556 0.029687
0 0.486806 0.601953 0.701389 0.025781
0 0.894444 0.601953 0.094444 0.025781
8 0.500000 0.505469 0.922222 0.084375
0 0.538889 0.653125 0.805556 0.029687
0 0.486806 0.686328 0.701389 0.025781
0 0.894444 0.686328 0.094444 0.025781
8 0.500000 0.572266 0.922222 0.049219
0 0.538889 0.735547 0.844444 0.047656
8 0.500000 0.639062 0.922222 0.084375
0 0.538889 0.786719 0.805556 0.029687
0 0.477083 0.819922 0.681944 0.025781
0 0.884722 0.819922 0.113889 0.025781
8 0.500000 0.723437 0.922222 0.084375
0 0.538889 0.871094 0.805556 0.029687
0 0.477083 0.904297 0.681944 0.025781
0 0.884722 0.904297 0.113889 0.025781
8 0.500000 0.807813 0.922222 0.084375
