0 0.321875 0.070898 0.293750 0.036328
3 0.068056 0.038281 0.136111 0.076563
8 0.500000 0.159375 1.000000 0.100000
1 0.104861 0.159375 0.136111 0.076563
1 0.104861 0.050000 0.136111 0.076563
0 0.572222 0.159375 0.661111 0.100000
8 0.500000 0.259375 1.000000 0.100000
1 0.104861 0.259375 0.136111 0.076563
0 0.572222 0.259375 0.661111 0.100000
8 0.500000 0.359375 1.000000 0.100000
1 0.104861 0.359375 0.136111 0.076563
0 0.572222 0.359375 0.661111 0.100000
8 0.500000 0.459375 1.000000 0.100000
1 0.104861 0.459375 0.136111 0.076563
0 0.572222 0.459375 0.661111 0.100000
8 0.500000 0.559375 1.000000 0.100000
1 0.104861 0.559375 0.136111 0.076563
0 0.572222 0.559375 0.661111 0.100000
