1 0.500000 0.483594 1.000000 0.901563
4 0.500000 0.450781 0.976389 0.901563
8 0.488194 0.039453 0.976389 0.065625
8 0.488194 0.127539 0.976389 0.110547
0 0.047569 0.125977 0.038194 0.023047
0 0.180208 0.125977 0.227083 0.023047
0 0.461111 0.125977 0.334722 0.023047
0 0.500000 0.171875 0.943056 0.068750
1 0.500000 0.214844 0.976389 0.001563
8 0.488194 0.238086 0.976389 0.110547
0 0.047569 0.236523 0.038194 0.023047
0 0.154167 0.236523 0.175000 0.023047
0 0.418403 0.236523 0.353472 0.023047
0 0.500000 0.282422 0.943056 0.068750
1 0.500000 0.325391 0.976389 0.001563
8 0.488194 0.348633 0.976389 0.110547
0 0.047569 0.347070 0.038194 0.023047
0 0.115972 0.347070 0.098611 0.023047
0 0.332639 0.347070 0.334722 0.023047
0 0.500000 0.392969 0.943056 0.068750
1 0.500000 0.435937 0.976389 0.001563
8 0.488194 0.470313 0.976389 0.132812
0 0.047569 0.457617 0.038194 0.023047
0 0.210417 0.457617 0.287500 0.023047
0 0.530903 0.457617 0.353472 0.023047
0 0.500000 0.514648 0.943056 0.091016
1 0.500000 0.568750 0.976389 0.001563
8 0.488194 0.580859 0.976389 0.088281
0 0.047569 0.590430 0.038194 0.023047
0 0.089583 0.590430 0.045833 0.023047
0 0.279861 0.590430 0.334722 0.023047
0 0.500000 0.625195 0.943056 0.046484
4 0.500000 0.896680 1.000000 0.075391
1 0.062847 0.896680 0.052083 0.033984
0 0.538542 0.896680 0.874306 0.048047
1 0.500000 0.065625 1.000000 0.065625
0 0.500000 0.065625 1.000000 0.065625
4 0.080208 0.032813 0.160417 0.065625
0 0.092708 0.065625 0.045139 0.065625
