4 0.500000 0.589256 1.000000 0.821488
8 0.500000 0.007107 1.000000 0.014214
8 0.500000 0.055393 1.000000 0.080686
1 0.067014 0.233905 0.085417 0.051421
0 0.567014 0.241848 0.865972 0.035535
8 0.500000 0.136915 1.000000 0.080686
1 0.067014 0.315426 0.085417 0.051421
0 0.567014 0.323370 0.865972 0.035535
8 0.500000 0.218436 1.000000 0.080686
1 0.067014 0.396948 0.085417 0.051421
0 0.567014 0.404891 0.865972 0.035535
8 0.500000 0.299958 1.000000 0.080686
1 0.067014 0.478470 0.085417 0.051421
0 0.567014 0.486413 0.865972 0.035535
8 0.500000 0.381480 1.000000 0.080686
1 0.067014 0.559992 0.085417 0.051421
0 0.567014 0.567935 0.865972 0.035535
8 0.500000 0.463002 1.000000 0.080686
1 0.067014 0.641513 0.085417 0.051421
0 0.567014 0.649457 0.865972 0.035535
8 0.500000 0.544523 1.000000 0.080686
1 0.067014 0.723035 0.085417 0.051421
0 0.567014 0.730978 0.865972 0.035535
8 0.500000 0.626045 1.000000 0.080686
1 0.067014 0.804557 0.085417 0.051421
0 0.567014 0.812500 0.865972 0.035535
8 0.500000 0.707567 1.000000 0.080686
1 0.067014 0.886079 0.085417 0.051421
0 0.567014 0.894022 0.865972 0.035535
8 0.500000 0.789089 1.000000 0.080686
1 0.067014 0.967600 0.085417 0.051421
0 0.567014 0.975543 0.865972 0.035535
4 0.150694 0.035117 0.261111 0.070234
1 0.068750 0.070234 0.077778 0.046823
0 0.189583 0.070025 0.144444 0.035535
