4 0.500000 0.482441 1.000000 0.964883
4 0.931944 0.070234 0.136111 0.070234
1 0.931944 0.070234 0.058333 0.070234
0 0.488889 0.070025 0.711111 0.040552
0 0.342361 0.158027 0.615278 0.035117
4 0.500000 0.263378 0.930556 0.140468
8 0.500000 0.228261 0.930556 0.070234
8 0.500000 0.298077 0.930556 0.070234
3 0.722222 0.369774 0.486111 0.037207
0 0.153472 0.458612 0.237500 0.035117
0 0.321181 0.488503 0.572917 0.024666
0 0.293056 0.512542 0.516667 0.023411
3 0.722222 0.577968 0.486111 0.037207
3 0.722222 0.632734 0.486111 0.037207
3 0.500000 0.721572 0.965278 0.070234
