4 0.388889 0.034180 0.777778 0.068359
4 0.500000 0.467187 1.000000 0.781250
8 0.500000 0.056836 1.000000 0.113672
1 0.101042 0.133398 0.182639 0.102734
1 0.929514 0.133398 0.121528 0.068359
0 0.535417 0.133398 0.666667 0.049609
8 0.500000 0.171289 1.000000 0.113672
1 0.101042 0.247852 0.182639 0.102734
1 0.929514 0.247852 0.121528 0.068359
0 0.535417 0.247852 0.666667 0.049609
8 0.500000 0.285742 1.000000 0.113672
1 0.101042 0.362305 0.182639 0.102734
1 0.929514 0.362305 0.121528 0.068359
0 0.535417 0.362305 0.666667 0.049609
8 0.500000 0.400195 1.000000 0.113672
1 0.101042 0.476758 0.182639 0.102734
1 0.929514 0.476758 0.121528 0.068359
0 0.535417 0.476758 0.666667 0.049609
8 0.500000 0.514648 1.000000 0.113672
1 0.101042 0.591211 0.182639 0.102734
1 0.929514 0.591211 0.121528 0.068359
0 0.535417 0.591211 0.666667 0.049609
8 0.500000 0.629102 1.000000 0.113672
1 0.101042 0.705664 0.182639 0.102734
1 0.929514 0.705664 0.121528 0.068359
0 0.535417 0.705664 0.666667 0.049609
8 0.500000 0.743555 1.000000 0.113672
1 0.101042 0.813281 0.182639 0.089063
1 0.929514 0.820117 0.121528 0.068359
0 0.535417 0.820117 0.666667 0.049609
3 0.500000 0.822266 0.291667 0.043750
4 0.907639 0.805859 0.136111 0.076563
4 0.338889 0.038281 0.327778 0.051562
8 0.338889 0.033203 0.327778 0.027344
8 0.338889 0.055469 0.327778 0.017188
3 0.068056 0.038281 0.136111 0.076563
3 0.941667 0.038281 0.116667 0.065625
