4 0.500000 0.500000 0.922222 0.953177
8 0.500000 0.070234 0.922222 0.070234
8 0.500000 0.140468 0.922222 0.070234
8 0.500000 0.210702 0.922222 0.070234
8 0.500000 0.280936 0.922222 0.070234
8 0.500000 0.351171 0.922222 0.070234
8 0.500000 0.421405 0.922222 0.070234
8 0.500000 0.491639 0.922222 0.070234
8 0.500000 0.561873 0.922222 0.070234
8 0.500000 0.632107 0.922222 0.070234
8 0.500000 0.702341 0.922222 0.070234
8 0.500000 0.772575 0.922222 0.070234
8 0.500000 0.842809 0.922222 0.070234
8 0.500000 0.913043 0.922222 0.070234
8 0.500000 0.962375 0.922222 0.028428
