7 0.250000 0.032813 0.500000 0.065625
0 0.250000 0.142187 0.073611 0.025781
7 0.750000 0.032813 0.500000 0.065625
0 0.749653 0.142187 0.152083 0.025781
3 0.068056 0.038281 0.136111 0.076563
5 0.941667 0.071094 0.116667 0.065625
1 0.941667 0.071094 0.116667 0.065625
0 0.577778 0.071094 0.844444 0.076563
8 0.500000 0.554688 1.000000 0.759375
8 0.500000 0.317188 1.000000 0.262500
8 0.077778 0.229687 0.077778 0.043750
8 0.197222 0.218945 0.122222 0.022266
8 0.281944 0.239258 0.291667 0.018359
8 0.184722 0.344531 0.291667 0.164062
8 0.655556 0.298828 0.572222 0.072656
8 0.500000 0.590625 1.000000 0.262500
8 0.077778 0.503125 0.077778 0.043750
8 0.177778 0.492383 0.083333 0.022266
8 0.281944 0.512695 0.291667 0.018359
8 0.184722 0.617969 0.291667 0.164062
8 0.655556 0.558008 0.572222 0.044141
8 0.500000 0.833594 1.000000 0.201563
8 0.077778 0.776563 0.077778 0.043750
8 0.180208 0.765820 0.088194 0.022266
8 0.281944 0.786133 0.291667 0.018359
8 0.184722 0.871875 0.291667 0.125000
8 0.655556 0.845703 0.572222 0.072656
