0 0.499653 0.032617 0.586806 0.039453
0 0.500000 0.090234 0.259722 0.021094
1 0.227778 0.028711 0.416667 0.057422
1 0.771875 0.028711 0.417361 0.057422
3 0.499653 0.797656 0.395139 0.021094
0 0.500000 0.857227 0.984722 0.083984
0 0.842014 0.914648 0.300694 0.016797
4 0.500000 0.474023 1.000000 0.603516
8 0.500000 0.012305 1.000000 0.024609
0 0.518403 0.174805 0.963194 0.005078
1 0.949306 0.030859 0.027778 0.034375
8 0.500000 0.055859 1.000000 0.061719
0 0.518403 0.227930 0.963194 0.023047
8 0.500000 0.117969 1.000000 0.061719
0 0.518403 0.290039 0.963194 0.023047
8 0.500000 0.180078 1.000000 0.061719
0 0.518403 0.352148 0.963194 0.023047
8 0.500000 0.242188 1.000000 0.061719
0 0.518403 0.414258 0.963194 0.023047
8 0.500000 0.304297 1.000000 0.061719
0 0.518403 0.476367 0.963194 0.023047
8 0.500000 0.366406 1.000000 0.061719
0 0.518403 0.538477 0.963194 0.023047
8 0.500000 0.428516 1.000000 0.061719
0 0.518403 0.600586 0.963194 0.023047
8 0.500000 0.490625 1.000000 0.061719
0 0.518403 0.662695 0.963194 0.023047
8 0.500000 0.552734 1.000000 0.061719
0 0.518403 0.724805 0.963194 0.023047
8 0.500000 0.614844 1.000000 0.061719
0 0.518403 0.775586 0.963194 0.000391
