8 0.500000 0.412207 1.000000 0.824415
4 0.500000 0.587793 0.990278 0.818562
8 0.163194 0.087793 0.326389 0.175585
1 0.168056 0.266304 0.326389 0.175585
0 0.287847 0.340510 0.081250 0.023829
8 0.494444 0.087793 0.326389 0.175585
1 0.499306 0.266304 0.326389 0.175585
0 0.619097 0.340510 0.081250 0.023829
8 0.825694 0.087793 0.326389 0.175585
1 0.830556 0.266304 0.326389 0.175585
0 0.958681 0.340510 0.064583 0.023829
8 0.163194 0.266304 0.326389 0.175585
1 0.168056 0.444816 0.326389 0.175585
0 0.287847 0.519022 0.081250 0.023829
8 0.494444 0.266304 0.326389 0.175585
1 0.499306 0.444816 0.326389 0.175585
0 0.619097 0.519022 0.081250 0.023829
8 0.825694 0.266304 0.326389 0.175585
1 0.830556 0.444816 0.326389 0.175585
0 0.933681 0.519022 0.114583 0.023829
8 0.163194 0.444816 0.326389 0.175585
1 0.168056 0.623328 0.326389 0.175585
0 0.287847 0.697533 0.081250 0.023829
8 0.494444 0.444816 0.326389 0.175585
1 0.499306 0.623328 0.326389 0.175585
0 0.619097 0.697533 0.081250 0.023829
8 0.825694 0.444816 0.326389 0.175585
1 0.830556 0.623328 0.326389 0.175585
0 0.950347 0.697533 0.081250 0.023829
8 0.163194 0.623328 0.326389 0.175585
1 0.168056 0.801839 0.326389 0.175585
0 0.271181 0.876045 0.114583 0.023829
8 0.494444 0.623328 0.326389 0.175585
1 0.499306 0.801839 0.326389 0.175585
0 0.602431 0.876045 0.114583 0.023829
8 0.825694 0.623328 0.326389 0.175585
1 0.830556 0.801839 0.326389 0.175585
0 0.950347 0.876045 0.081250 0.023829
8 0.163194 0.801839 0.326389 0.175585
1 0.168056 0.944816 0.326389 0.104515
8 0.494444 0.801839 0.326389 0.175585
1 0.499306 0.944816 0.326389 0.104515
8 0.825694 0.801839 0.326389 0.175585
1 0.830556 0.944816 0.326389 0.104515
4 0.272917 0.035117 0.505556 0.070234
1 0.068750 0.070234 0.077778 0.046823
0 0.311806 0.070025 0.388889 0.035535
3 0.931944 0.070234 0.136111 0.070234
4 0.126389 0.035117 0.248611 0.070234
0 0.123958 0.034908 0.057639 0.023829
4 0.376389 0.035117 0.248611 0.070234
0 0.123958 0.034908 0.063194 0.023829
4 0.626736 0.035117 0.249306 0.070234
0 0.124653 0.034908 0.056250 0.023829
4 0.876389 0.035117 0.247222 0.070234
0 0.124306 0.034908 0.050000 0.023829
