0 0.273611 0.070898 0.255556 0.036328
4 0.068056 0.038281 0.136111 0.076563
8 0.500000 0.042188 1.000000 0.084375
0 0.076042 0.131250 0.074306 0.029687
0 0.268403 0.158984 0.459028 0.025781
8 0.500000 0.219141 1.000000 0.047656
8 0.500000 0.205078 1.000000 0.099219
0 0.170139 0.301563 0.262500 0.029687
0 0.143750 0.329297 0.209722 0.025781
8 0.500000 0.305859 1.000000 0.099219
0 0.141667 0.402344 0.205556 0.029687
0 0.180556 0.430078 0.283333 0.025781
8 0.500000 0.406641 1.000000 0.099219
0 0.163542 0.503125 0.249306 0.029687
0 0.280556 0.530859 0.483333 0.025781
8 0.500000 0.591016 1.000000 0.047656
8 0.500000 0.576953 1.000000 0.099219
0 0.154167 0.673438 0.230556 0.029687
0 0.204861 0.701172 0.331944 0.025781
8 0.500000 0.677734 1.000000 0.099219
0 0.090625 0.774219 0.103472 0.029687
0 0.106250 0.801953 0.134722 0.025781
8 0.500000 0.778516 1.000000 0.099219
0 0.146875 0.875000 0.215972 0.029687
0 0.293750 0.902734 0.509722 0.025781
