4 0.500000 0.552676 1.000000 0.894649
8 0.500000 0.163043 0.951389 0.296823
0 0.177431 0.136915 0.172917 0.019649
4 0.500000 0.249791 0.951389 0.191890
1 0.183681 0.249791 0.318750 0.191890
0 0.498264 0.212166 0.271528 0.031355
0 0.659375 0.284281 0.593750 0.036789
4 0.073958 0.380853 0.099306 0.070234
2 0.049306 0.035117 0.040278 0.024247
4 0.926042 0.380853 0.099306 0.070234
2 0.050000 0.035117 0.040278 0.024247
8 0.500000 0.474498 0.951389 0.296823
0 0.121181 0.448370 0.060417 0.019649
4 0.500000 0.561246 0.951389 0.191890
1 0.183681 0.561246 0.318750 0.191890
0 0.441319 0.506480 0.157639 0.031355
0 0.659375 0.595736 0.593750 0.071070
4 0.073958 0.692308 0.099306 0.070234
4 0.926042 0.692308 0.099306 0.070234
8 0.500000 0.785953 0.951389 0.296823
0 0.160069 0.759824 0.138194 0.019649
4 0.500000 0.872701 0.951389 0.191890
1 0.183681 0.872701 0.318750 0.191890
0 0.659375 0.843855 0.593750 0.058946
0 0.436458 0.921196 0.147917 0.019649
4 0.073958 0.984323 0.099306 0.031355
4 0.926042 0.984323 0.099306 0.031355
3 0.215278 0.035117 0.430556 0.070234
2 0.019444 0.070234 0.038889 0.023411
1 0.068750 0.070234 0.077778 0.046823
0 0.264236 0.070025 0.293750 0.035535
3 0.068056 0.035117 0.136111 0.070234
