4 0.500000 0.590719 1.000000 0.818562
8 0.500000 0.204849 0.922222 0.046823
8 0.500000 0.095318 0.922222 0.093645
0 0.261458 0.276547 0.371528 0.029682
8 0.500000 0.190635 0.922222 0.093645
0 0.231597 0.371865 0.311806 0.029682
8 0.500000 0.285953 0.922222 0.093645
0 0.221181 0.467182 0.290972 0.029682
8 0.500000 0.381271 0.922222 0.093645
0 0.186111 0.562500 0.220833 0.029682
8 0.500000 0.476589 0.922222 0.093645
0 0.264931 0.657818 0.378472 0.029682
8 0.500000 0.571906 0.922222 0.093645
0 0.269444 0.741430 0.387500 0.029682
0 0.095139 0.768186 0.038889 0.023829
8 0.500000 0.825251 0.922222 0.046823
8 0.500000 0.715719 0.922222 0.093645
0 0.229167 0.896948 0.306944 0.029682
8 0.500000 0.811037 0.922222 0.093645
0 0.114583 0.988712 0.077778 0.022575
4 0.124653 0.032191 0.249306 0.064381
1 0.124653 0.149038 0.072917 0.043896
4 0.374306 0.032191 0.250000 0.064381
1 0.373958 0.149038 0.072917 0.043896
4 0.499653 0.031982 0.000694 0.043896
4 0.625000 0.032191 0.250000 0.064381
1 0.624653 0.149038 0.072917 0.043896
4 0.875000 0.032191 0.250000 0.064381
1 0.874653 0.149038 0.072917 0.043896
3 0.068056 0.040970 0.136111 0.081940
0 0.311458 0.075878 0.331250 0.038880
3 0.951389 0.076087 0.097222 0.070234
