0 0.500000 0.078595 1.000000 0.086957
4 0.500000 0.561037 1.000000 0.877926
8 0.500000 0.153010 1.000000 0.061873
6 0.038889 0.153010 0.077778 0.046823
0 0.168403 0.162625 0.181250 0.027592
0 0.629514 0.152801 0.740972 0.043060
8 0.500000 0.215719 1.000000 0.061873
6 0.038889 0.215719 0.077778 0.046823
0 0.119792 0.225334 0.084028 0.027592
0 0.580903 0.215510 0.838194 0.043060
8 0.500000 0.278428 1.000000 0.061873
6 0.038889 0.278428 0.077778 0.046823
0 0.119792 0.288043 0.084028 0.027592
0 0.580903 0.278219 0.838194 0.043060
8 0.500000 0.341137 1.000000 0.061873
6 0.038889 0.341137 0.077778 0.046823
0 0.168403 0.350753 0.181250 0.027592
0 0.629514 0.340928 0.740972 0.043060
8 0.500000 0.403846 1.000000 0.061873
6 0.038889 0.403846 0.077778 0.046823
0 0.168403 0.413462 0.181250 0.027592
0 0.629514 0.403637 0.740972 0.043060
8 0.500000 0.466555 1.000000 0.061873
6 0.038889 0.466555 0.077778 0.046823
0 0.119792 0.476171 0.084028 0.027592
0 0.580903 0.466346 0.838194 0.043060
8 0.500000 0.529264 1.000000 0.061873
6 0.038889 0.529264 0.077778 0.046823
0 0.119792 0.538880 0.084028 0.027592
0 0.580903 0.529055 0.838194 0.043060
8 0.500000 0.591973 1.000000 0.061873
6 0.038889 0.591973 0.077778 0.046823
0 0.119792 0.601589 0.084028 0.027592
0 0.580903 0.591764 0.838194 0.043060
8 0.500000 0.654682 1.000000 0.061873
6 0.038889 0.654682 0.077778 0.046823
0 0.119792 0.664298 0.084028 0.027592
0 0.580903 0.654473 0.838194 0.043060
8 0.500000 0.717391 1.000000 0.061873
6 0.038889 0.717391 0.077778 0.046823
0 0.119792 0.727007 0.084028 0.027592
0 0.580903 0.717182 0.838194 0.043060
8 0.500000 0.780100 1.000000 0.061873
6 0.038889 0.780100 0.077778 0.046823
0 0.119792 0.789716 0.084028 0.027592
0 0.580903 0.779891 0.838194 0.043060
8 0.500000 0.842809 1.000000 0.061873
6 0.038889 0.842809 0.077778 0.046823
0 0.119792 0.852425 0.084028 0.027592
0 0.580903 0.842600 0.838194 0.043060
8 0.500000 0.905518 1.000000 0.061873
6 0.038889 0.905518 0.077778 0.046823
0 0.142361 0.915134 0.129167 0.027592
0 0.603472 0.905309 0.793056 0.043060
8 0.500000 0.968227 1.000000 0.061873
6 0.038889 0.968227 0.077778 0.046823
0 0.142361 0.977843 0.129167 0.027592
0 0.603472 0.968018 0.793056 0.043060
