8 0.500000 0.038281 1.000000 0.076563
8 0.500000 0.140039 1.000000 0.126953
1 0.093403 0.040820 0.052083 0.029297
0 0.112847 0.187305 0.109028 0.023047
0 0.593403 0.172852 0.774306 0.105078
8 0.500000 0.267383 1.000000 0.127734
0 0.860764 0.266406 0.278472 0.027344
0 0.339931 0.271875 0.232639 0.038281
0 0.611806 0.307227 0.776389 0.032422
0 0.611806 0.343750 0.776389 0.040625
8 0.500000 0.395117 1.000000 0.127734
0 0.870833 0.394141 0.258333 0.027344
0 0.289583 0.399609 0.131944 0.038281
0 0.611806 0.434961 0.776389 0.032422
0 0.611806 0.471484 0.776389 0.040625
8 0.500000 0.522852 1.000000 0.127734
0 0.860764 0.521875 0.278472 0.027344
0 0.272222 0.527344 0.097222 0.038281
0 0.611806 0.562695 0.776389 0.032422
0 0.611806 0.599219 0.776389 0.040625
8 0.500000 0.650586 1.000000 0.127734
0 0.860764 0.649609 0.278472 0.027344
0 0.354861 0.655078 0.262500 0.038281
2 0.510069 0.654883 0.038194 0.021484
0 0.611806 0.690430 0.776389 0.032422
0 0.611806 0.726953 0.776389 0.040625
8 0.500000 0.778320 1.000000 0.127734
0 0.860764 0.777344 0.278472 0.027344
0 0.305208 0.782813 0.163194 0.038281
0 0.611806 0.818164 0.776389 0.032422
0 0.611806 0.846094 0.776389 0.023438
3 0.383333 0.071094 0.233333 0.043750
3 0.616667 0.071094 0.233333 0.043750
4 0.917361 0.071094 0.087500 0.049219
1 0.043750 0.024609 0.087500 0.049219
4 0.125000 0.896094 0.250000 0.076563
1 0.125000 0.025391 0.058333 0.032813
0 0.125000 0.912305 0.072222 0.025391
4 0.375000 0.896094 0.250000 0.076563
0 0.374653 0.912305 0.140972 0.025391
4 0.625000 0.896094 0.250000 0.076563
1 0.076389 0.016406 0.058333 0.032813
0 0.625000 0.912305 0.152778 0.025391
0 0.672222 0.872656 0.038889 0.021875
4 0.875000 0.896094 0.250000 0.076563
0 0.874653 0.912305 0.046528 0.025391
