0 0.499653 0.069189 0.292361 0.038880
4 0.500000 0.472826 1.000000 0.688127
8 0.500000 0.184783 1.000000 0.112040
1 0.091667 0.161789 0.109722 0.066054
0 0.591667 0.161580 0.816667 0.038880
8 0.500000 0.297659 1.000000 0.112040
1 0.091667 0.274666 0.109722 0.066054
0 0.591667 0.274457 0.816667 0.038880
8 0.500000 0.410535 1.000000 0.112040
1 0.091667 0.387542 0.109722 0.066054
0 0.591667 0.387333 0.816667 0.038880
8 0.500000 0.523411 1.000000 0.112040
1 0.091667 0.500418 0.109722 0.066054
0 0.591667 0.500209 0.816667 0.038880
8 0.500000 0.636288 1.000000 0.112040
1 0.091667 0.613294 0.109722 0.066054
0 0.591667 0.613085 0.816667 0.038880
8 0.500000 0.749164 1.000000 0.112040
1 0.091667 0.726171 0.109722 0.066054
0 0.591667 0.725962 0.816667 0.038880
8 0.500000 0.811455 1.000000 0.010870
1 0.094444 0.811455 0.115278 0.010870
4 0.125000 0.040343 0.250000 0.080686
1 0.124653 0.959448 0.047917 0.030100
4 0.375000 0.040343 0.250000 0.080686
1 0.375000 0.959448 0.050000 0.025084
4 0.625000 0.040343 0.250000 0.080686
1 0.624653 0.959657 0.046528 0.028010
4 0.875000 0.040343 0.250000 0.080686
1 0.875000 0.959657 0.056944 0.009615
