8 0.500000 0.467187 1.000000 0.934375
8 0.500000 0.334961 1.000000 0.095703
1 0.106944 0.334766 0.097222 0.054688
8 0.500000 0.430664 1.000000 0.095703
1 0.106944 0.430469 0.097222 0.054688
8 0.500000 0.526367 1.000000 0.095703
1 0.106944 0.526172 0.097222 0.054688
8 0.500000 0.622070 1.000000 0.095703
1 0.106944 0.621875 0.097222 0.054688
8 0.500000 0.717773 1.000000 0.095703
1 0.106944 0.717578 0.097222 0.054688
8 0.500000 0.813477 1.000000 0.095703
1 0.106944 0.813281 0.097222 0.054688
8 0.500000 0.909180 1.000000 0.095703
1 0.106944 0.908008 0.097222 0.052734
3 0.068056 0.071094 0.136111 0.076563
3 0.500000 0.251563 1.000000 0.065625
