4 0.500000 0.521875 1.000000 0.825000
8 0.500000 0.124219 1.000000 0.029687
8 0.500000 0.167969 1.000000 0.057031
8 0.500000 0.133984 1.000000 0.092969
0 0.860069 0.243164 0.221528 0.058984
4 0.720139 0.243359 0.058333 0.082031
0 0.408681 0.232617 0.564583 0.060547
0 0.408681 0.264258 0.564583 0.040234
8 0.500000 0.227344 1.000000 0.092969
4 0.892708 0.336719 0.156250 0.082031
0 0.892708 0.336523 0.097917 0.044141
0 0.470486 0.325977 0.688194 0.060547
0 0.470486 0.357617 0.688194 0.040234
0 0.297917 0.056445 0.304167 0.036328
0 0.330208 0.089258 0.368750 0.029297
3 0.068056 0.038281 0.136111 0.076563
