4 0.500000 0.554139 1.000000 0.891722
8 0.500000 0.040343 1.000000 0.080686
1 0.062500 0.148411 0.109722 0.066054
0 0.554861 0.148620 0.875000 0.043060
8 0.500000 0.122701 1.000000 0.080686
1 0.062500 0.230769 0.109722 0.066054
0 0.554861 0.230978 0.875000 0.043060
8 0.500000 0.205059 1.000000 0.080686
1 0.062500 0.313127 0.109722 0.066054
0 0.554861 0.313336 0.875000 0.043060
8 0.500000 0.287416 1.000000 0.080686
1 0.062500 0.395485 0.109722 0.066054
0 0.554861 0.395694 0.875000 0.043060
8 0.500000 0.369774 1.000000 0.080686
1 0.062500 0.477843 0.109722 0.066054
0 0.554861 0.478052 0.875000 0.043060
8 0.500000 0.452132 1.000000 0.080686
1 0.062500 0.560201 0.109722 0.066054
0 0.554861 0.560410 0.875000 0.043060
8 0.500000 0.534490 1.000000 0.080686
1 0.062500 0.642559 0.109722 0.066054
0 0.554861 0.642768 0.875000 0.043060
0 0.114583 0.064172 0.161111 0.043060
0 0.118056 0.089883 0.168056 0.027592
