8 0.500000 0.026267 1.000000 0.052533
1 0.080208 0.100933 0.053472 0.020533
0 0.305556 0.100800 0.261111 0.021333
8 0.500000 0.078800 1.000000 0.052533
1 0.080208 0.153467 0.053472 0.020533
0 0.348958 0.153333 0.347917 0.021333
8 0.500000 0.131333 1.000000 0.052533
1 0.080208 0.206000 0.053472 0.020533
0 0.251736 0.205867 0.153472 0.021333
8 0.500000 0.183867 1.000000 0.052533
1 0.080208 0.258533 0.053472 0.020533
0 0.368750 0.258400 0.387500 0.021333
8 0.500000 0.236400 1.000000 0.052533
1 0.080208 0.311067 0.053472 0.020533
0 0.332639 0.310933 0.315278 0.021333
8 0.500000 0.288933 1.000000 0.052533
1 0.080208 0.363600 0.053472 0.020533
0 0.223264 0.363467 0.096528 0.021333
8 0.500000 0.341467 1.000000 0.052533
1 0.080208 0.416133 0.053472 0.020533
0 0.294444 0.416000 0.238889 0.021333
8 0.500000 0.394000 1.000000 0.052533
1 0.080208 0.468667 0.053472 0.020533
0 0.414583 0.468533 0.479167 0.021333
8 0.500000 0.446533 1.000000 0.052533
1 0.080208 0.521200 0.053472 0.020533
0 0.280556 0.521067 0.211111 0.021333
8 0.500000 0.499067 1.000000 0.052533
1 0.080208 0.573733 0.053472 0.020533
0 0.332986 0.573600 0.315972 0.021333
8 0.500000 0.551600 1.000000 0.052533
1 0.080208 0.626267 0.053472 0.020533
0 0.265278 0.626133 0.180556 0.021333
3 0.068056 0.026133 0.136111 0.052267
0 0.329167 0.048400 0.308333 0.024800
4 0.825000 0.048533 0.116667 0.044800
1 0.825000 0.048533 0.058333 0.022400
4 0.941667 0.048533 0.116667 0.044800
1 0.941667 0.046933 0.058333 0.019733
0 0.954861 0.040533 0.031944 0.012267
