0 0.217056 0.083398 0.234666 0.036328
3 0.038781 0.038281 0.077562 0.076563
7 0.056589 0.032813 0.113178 0.065625
0 0.056589 0.154688 0.079937 0.025781
7 0.163039 0.032813 0.099723 0.065625
0 0.163039 0.154688 0.051444 0.025781
7 0.272260 0.032813 0.118718 0.065625
0 0.272260 0.154688 0.085477 0.025781
7 0.388207 0.032813 0.113178 0.065625
0 0.388207 0.154688 0.079937 0.025781
7 0.506727 0.032813 0.123862 0.065625
0 0.506727 0.154688 0.090621 0.025781
7 0.618520 0.032813 0.099723 0.065625
8 0.284923 0.365234 0.569846 0.730469
8 0.284923 0.261914 0.531065 0.061328
0 0.284923 0.261914 0.505738 0.036328
8 0.284923 0.361523 0.531065 0.061328
0 0.284923 0.361523 0.505738 0.036328
8 0.284923 0.461133 0.531065 0.061328
0 0.284923 0.461133 0.505738 0.036328
8 0.284923 0.560742 0.531065 0.061328
0 0.284923 0.560742 0.505738 0.036328
8 0.284923 0.660352 0.531065 0.061328
0 0.284923 0.660352 0.505738 0.036328
8 0.284923 0.759961 0.531065 0.061328
0 0.284923 0.759961 0.505738 0.036328
8 0.284923 0.847461 0.531065 0.037109
0 0.284923 0.853711 0.505738 0.024609
4 0.221607 0.034180 0.443213 0.068359
