0 0.583929 0.097054 0.832143 0.097054
5 0.599554 0.199523 0.800893 0.071490
4 0.599554 0.625217 0.800893 0.749567
8 0.443750 0.032712 0.887500 0.065425
0 0.375000 0.283146 0.289286 0.035095
0 0.985714 0.283146 0.028571 0.035095
8 0.443750 0.099003 0.887500 0.065425
0 0.320536 0.349437 0.180357 0.035095
0 0.971875 0.349437 0.056250 0.035095
8 0.443750 0.165295 0.887500 0.065425
0 0.314286 0.415728 0.167857 0.035095
0 0.971875 0.415728 0.056250 0.035095
8 0.443750 0.231586 0.887500 0.065425
0 0.435714 0.482019 0.410714 0.035095
0 0.999554 0.482019 0.000893 0.035095
8 0.443750 0.297877 0.887500 0.065425
0 0.325000 0.548310 0.189286 0.035095
0 0.971875 0.548310 0.056250 0.035095
8 0.443750 0.364168 0.887500 0.065425
0 0.314286 0.614601 0.167857 0.035095
0 0.971875 0.614601 0.056250 0.035095
8 0.443750 0.430459 0.887500 0.065425
0 0.327232 0.680893 0.193750 0.035095
0 0.999554 0.680893 0.000893 0.035095
8 0.443750 0.496750 0.887500 0.065425
0 0.452679 0.747184 0.444643 0.035095
0 0.999554 0.747184 0.000893 0.035095
8 0.443750 0.563042 0.887500 0.065425
0 0.345536 0.813475 0.230357 0.035095
0 0.985714 0.813475 0.028571 0.035095
8 0.443750 0.629333 0.887500 0.065425
0 0.330804 0.879766 0.200893 0.035095
0 0.971875 0.879766 0.056250 0.035095
8 0.443750 0.695624 0.887500 0.065425
0 0.301339 0.946057 0.141964 0.035095
0 0.971875 0.946057 0.056250 0.035095
8 0.443750 0.761915 0.887500 0.065425
0 0.433929 0.997400 0.407143 0.005199
0 0.971875 0.997400 0.056250 0.005199
