4 0.500000 0.467187 1.000000 0.934375
0 0.264931 0.070898 0.179861 0.036328
3 0.941667 0.071094 0.116667 0.065625
3 0.068056 0.038281 0.136111 0.076563
4 0.500000 0.521875 1.000000 0.825000
4 0.500000 0.487695 1.000000 0.756641
8 0.500000 0.257031 1.000000 0.514062
8 0.500000 0.177734 1.000000 0.355469
1 0.500000 0.287109 1.000000 0.355469
0 0.500000 0.396289 1.000000 0.027734
3 0.257292 0.508594 0.475694 0.065625
3 0.742708 0.508594 0.475694 0.065625
3 0.257292 0.579688 0.475694 0.065625
3 0.742708 0.579688 0.475694 0.065625
8 0.500000 0.684961 1.000000 0.341797
1 0.500000 0.744727 1.000000 0.242578
3 0.886111 0.801758 0.179167 0.101172
4 0.500000 0.034180 1.000000 0.068359
4 0.500000 0.412500 1.000000 0.825000
3 0.536458 0.142187 0.927083 0.029687
3 0.536458 0.209375 0.927083 0.029687
3 0.536458 0.276562 0.927083 0.029687
3 0.536458 0.343750 0.927083 0.029687
3 0.536458 0.410938 0.927083 0.029687
3 0.536458 0.478125 0.927083 0.029687
3 0.536458 0.545312 0.927083 0.029687
0 0.500000 0.900781 1.000000 0.025781
