3 0.068056 0.038281 0.136111 0.076563
0 0.345833 0.070898 0.341667 0.036328
3 0.941667 0.071094 0.116667 0.065625
7 0.250000 0.032813 0.500000 0.065625
0 0.250000 0.141992 0.170833 0.022266
7 0.750000 0.032813 0.500000 0.065625
0 0.750000 0.141992 0.202778 0.022266
8 0.500000 0.379688 1.000000 0.759375
8 0.500000 0.204687 1.000000 0.059375
1 0.089931 0.195703 0.102083 0.041406
0 0.345833 0.188672 0.331944 0.027344
8 0.500000 0.277539 1.000000 0.086328
1 0.089931 0.274023 0.102083 0.057422
0 0.253125 0.273828 0.146528 0.029687
8 0.500000 0.363867 1.000000 0.086328
1 0.089931 0.360352 0.102083 0.057422
0 0.230556 0.360156 0.101389 0.029687
8 0.500000 0.450195 1.000000 0.086328
1 0.089931 0.446680 0.102083 0.057422
0 0.273264 0.446484 0.186806 0.029687
8 0.500000 0.536523 1.000000 0.086328
1 0.089931 0.533008 0.102083 0.057422
0 0.235069 0.532813 0.110417 0.029687
8 0.500000 0.622852 1.000000 0.086328
1 0.089931 0.619336 0.102083 0.057422
0 0.233681 0.619141 0.107639 0.029687
8 0.500000 0.709180 1.000000 0.086328
1 0.089931 0.705664 0.102083 0.057422
0 0.239583 0.705469 0.119444 0.029687
8 0.500000 0.795508 1.000000 0.086328
1 0.089931 0.791992 0.102083 0.057422
0 0.370833 0.791797 0.381944 0.029687
8 0.500000 0.886523 1.000000 0.095703
