1 0.500000 0.483594 1.000000 0.901563
4 0.087847 0.091406 0.097917 0.064844
1 0.081597 0.091406 0.085417 0.034375
1 0.907639 0.091406 0.058333 0.032813
1 0.499653 0.078711 0.647917 0.048047
0 0.500000 0.115625 0.766667 0.025781
3 0.121528 0.091602 0.243056 0.117578
3 0.500000 0.091602 0.513889 0.117578
3 0.878472 0.091602 0.243056 0.117578
1 0.500000 0.792188 1.000000 0.000781
4 0.388889 0.034180 0.777778 0.068359
6 0.126389 0.897852 0.252778 0.073047
6 0.384722 0.897852 0.263889 0.073047
6 0.632986 0.897852 0.232639 0.073047
6 0.874653 0.897852 0.250694 0.073047
8 0.500000 0.058203 1.000000 0.116406
1 0.056597 0.181250 0.064583 0.034375
0 0.544444 0.176172 0.862500 0.032031
4 0.500000 0.529297 1.000000 0.525000
8 0.500000 0.307812 1.000000 0.082031
8 0.500000 0.138672 1.000000 0.112500
0 0.083333 0.390234 0.118056 0.082031
1 0.178819 0.390234 0.072917 0.054688
0 0.381944 0.390039 0.284722 0.029297
0 0.619792 0.390234 0.142361 0.054688
0 0.833333 0.390234 0.284722 0.054688
0 0.615278 0.447852 0.676389 0.027734
8 0.500000 0.251563 1.000000 0.112500
0 0.085764 0.503125 0.122917 0.082031
1 0.183681 0.503125 0.072917 0.054688
0 0.385764 0.502930 0.282639 0.029297
0 0.621875 0.503125 0.140972 0.054688
0 0.834028 0.503125 0.283333 0.054688
0 0.617361 0.560742 0.672222 0.027734
8 0.500000 0.364453 1.000000 0.112500
0 0.085764 0.616016 0.122917 0.082031
1 0.183681 0.616016 0.072917 0.054688
0 0.385764 0.615820 0.282639 0.029297
0 0.621875 0.616016 0.140972 0.054688
0 0.834028 0.616016 0.283333 0.054688
0 0.617361 0.673633 0.672222 0.027734
8 0.500000 0.728906 1.000000 0.082031
8 0.500000 0.559766 1.000000 0.112500
0 0.086458 0.781055 0.124306 0.021484
1 0.185069 0.787891 0.072917 0.007812
0 0.622569 0.787891 0.140972 0.007812
0 0.834375 0.787891 0.282639 0.007812
