0 0.527431 0.145703 0.945139 0.072656
4 0.500000 0.558203 1.000000 0.752344
8 0.500000 0.036328 1.000000 0.072656
0 0.524306 0.218359 0.951389 0.072656
1 0.929167 0.036328 0.058333 0.032813
8 0.500000 0.110547 1.000000 0.072656
0 0.524306 0.292578 0.951389 0.072656
8 0.500000 0.184766 1.000000 0.072656
0 0.524306 0.366797 0.951389 0.072656
8 0.500000 0.258984 1.000000 0.072656
0 0.524306 0.441016 0.951389 0.072656
8 0.500000 0.333203 1.000000 0.072656
0 0.524306 0.515234 0.951389 0.072656
3 0.068056 0.038281 0.136111 0.076563
0 0.283333 0.070898 0.275000 0.036328
