0 0.311111 0.070898 0.330556 0.036328
3 0.068056 0.038281 0.136111 0.076563
3 0.825000 0.071094 0.116667 0.065625
3 0.941667 0.071094 0.116667 0.065625
3 0.500000 0.528711 1.000000 0.811328
8 0.500000 0.124609 1.000000 0.003125
8 0.500000 0.123828 1.000000 0.001563
8 0.500000 0.125391 1.000000 0.001563
8 0.500000 0.229883 1.000000 0.207422
8 0.526736 0.159766 0.946528 0.025781
8 0.129861 0.230469 0.116667 0.065625
1 0.925694 0.246094 0.051389 0.028906
8 0.539236 0.206055 0.702083 0.033203
8 0.539236 0.246680 0.702083 0.048047
8 0.539236 0.283594 0.702083 0.025781
8 0.500000 0.426172 1.000000 0.185156
8 0.526736 0.367188 0.946528 0.025781
8 0.129861 0.437891 0.116667 0.065625
1 0.925694 0.442188 0.051389 0.028906
8 0.539236 0.413477 0.702083 0.033203
8 0.539236 0.442969 0.702083 0.025781
8 0.539236 0.468750 0.702083 0.025781
8 0.500000 0.611328 1.000000 0.185156
8 0.526736 0.552344 0.946528 0.025781
8 0.129861 0.623047 0.116667 0.065625
1 0.925694 0.627344 0.051389 0.028906
8 0.539236 0.598633 0.702083 0.033203
8 0.539236 0.628125 0.702083 0.025781
8 0.539236 0.653906 0.702083 0.025781
8 0.500000 0.810742 1.000000 0.213672
8 0.526736 0.737500 0.946528 0.025781
8 0.129861 0.808203 0.116667 0.065625
1 0.925694 0.826953 0.051389 0.028906
8 0.539236 0.798047 0.702083 0.061719
8 0.539236 0.841797 0.702083 0.025781
8 0.539236 0.867578 0.702083 0.025781
8 0.500000 0.925977 1.000000 0.016797
