3 0.068056 0.038281 0.136111 0.076563
0 0.501042 0.071094 0.110417 0.076563
0 0.290972 0.070898 0.290278 0.036328
8 0.500000 0.043750 1.000000 0.087500
1 0.931944 0.153125 0.136111 0.076563
3 0.431944 0.151562 0.863889 0.073438
8 0.500000 0.131250 1.000000 0.087500
1 0.931944 0.240625 0.136111 0.076563
3 0.431944 0.239063 0.863889 0.073438
8 0.500000 0.218750 1.000000 0.087500
1 0.931944 0.328125 0.136111 0.076563
3 0.431944 0.326562 0.863889 0.073438
8 0.500000 0.306250 1.000000 0.087500
1 0.931944 0.415625 0.136111 0.076563
3 0.431944 0.414062 0.863889 0.073438
8 0.500000 0.393750 1.000000 0.087500
1 0.931944 0.503125 0.136111 0.076563
3 0.431944 0.501563 0.863889 0.073438
8 0.500000 0.481250 1.000000 0.087500
1 0.931944 0.590625 0.136111 0.076563
3 0.431944 0.589063 0.863889 0.073438
8 0.500000 0.580859 1.000000 0.111719
1 0.931944 0.678125 0.136111 0.076563
3 0.431944 0.689453 0.863889 0.099219
