3 0.500000 0.447324 1.000000 0.894649
8 0.500000 0.252508 1.000000 0.505017
4 0.500000 0.252508 1.000000 0.505017
8 0.500000 0.040343 1.000000 0.080686
0 0.218750 0.145485 0.354167 0.027592
1 0.029167 0.040134 0.058333 0.080268
8 0.500000 0.121028 1.000000 0.080686
0 0.262500 0.226171 0.441667 0.027592
8 0.500000 0.201714 1.000000 0.080686
0 0.254861 0.306856 0.426389 0.027592
8 0.500000 0.282400 1.000000 0.080686
0 0.179167 0.387542 0.275000 0.027592
8 0.500000 0.363085 1.000000 0.080686
0 0.194444 0.468227 0.305556 0.027592
8 0.500000 0.443771 1.000000 0.080686
0 0.168750 0.548913 0.254167 0.027592
1 0.034028 0.020485 0.068056 0.040970
3 0.244444 0.020485 0.245833 0.040970
0 0.244444 0.639214 0.245833 0.040970
3 0.147569 0.035117 0.254861 0.070234
2 0.030208 0.070443 0.000694 0.000418
0 0.147917 0.070025 0.215278 0.035535
3 0.068056 0.035117 0.136111 0.070234
