4 0.500000 0.521875 1.000000 0.825000
8 0.500000 0.021875 1.000000 0.043750
8 0.500000 0.131250 1.000000 0.043750
8 0.500000 0.072070 1.000000 0.053516
8 0.055208 0.181445 0.085417 0.048047
8 0.322917 0.181250 0.425000 0.034375
8 0.500000 0.127148 1.000000 0.053516
8 0.055208 0.236523 0.085417 0.048047
8 0.285764 0.236328 0.350694 0.034375
8 0.500000 0.182227 1.000000 0.053516
8 0.055208 0.291602 0.085417 0.048047
8 0.298958 0.291406 0.377083 0.034375
8 0.500000 0.237305 1.000000 0.053516
8 0.055208 0.346680 0.085417 0.048047
8 0.266319 0.346484 0.311806 0.034375
8 0.500000 0.292383 1.000000 0.053516
8 0.055208 0.401758 0.085417 0.048047
8 0.160069 0.401562 0.099306 0.034375
8 0.500000 0.347461 1.000000 0.053516
8 0.055208 0.456836 0.085417 0.048047
8 0.312500 0.456641 0.404167 0.034375
8 0.500000 0.402539 1.000000 0.053516
8 0.055208 0.511914 0.085417 0.048047
8 0.218403 0.511719 0.215972 0.034375
8 0.500000 0.457617 1.000000 0.053516
8 0.055208 0.566992 0.085417 0.048047
8 0.162500 0.566797 0.104167 0.034375
8 0.500000 0.507812 1.000000 0.043750
8 0.500000 0.617188 1.000000 0.043750
8 0.500000 0.558008 1.000000 0.053516
8 0.055208 0.667383 0.085417 0.048047
8 0.210069 0.667188 0.199306 0.034375
8 0.500000 0.613086 1.000000 0.053516
8 0.055208 0.722461 0.085417 0.048047
8 0.202778 0.722266 0.184722 0.034375
8 0.500000 0.668164 1.000000 0.053516
8 0.055208 0.777539 0.085417 0.048047
8 0.267708 0.777344 0.314583 0.034375
8 0.500000 0.718359 1.000000 0.043750
8 0.500000 0.827734 1.000000 0.043750
8 0.500000 0.768555 1.000000 0.053516
8 0.055208 0.877930 0.085417 0.048047
8 0.188542 0.877734 0.156250 0.034375
8 0.500000 0.823633 1.000000 0.053516
8 0.055208 0.921680 0.085417 0.025391
8 0.316319 0.925000 0.411806 0.018750
3 0.068056 0.038281 0.136111 0.076563
0 0.447917 0.070898 0.604167 0.036328
3 0.844444 0.071094 0.116667 0.065625
3 0.165278 0.038281 0.097222 0.065625
