4 0.526316 0.704863 0.918129 0.590274
8 0.459064 0.051064 0.918129 0.102128
0 0.526316 0.460486 0.836257 0.051672
8 0.459064 0.154407 0.918129 0.102128
0 0.526316 0.563830 0.836257 0.051672
8 0.459064 0.257751 0.918129 0.102128
0 0.526316 0.667173 0.836257 0.051672
8 0.459064 0.361094 0.918129 0.102128
0 0.526316 0.770517 0.836257 0.051672
8 0.459064 0.464438 0.918129 0.102128
0 0.526316 0.873860 0.836257 0.051672
8 0.459064 0.567781 0.918129 0.102128
0 0.526316 0.975684 0.836257 0.048632
8 0.459064 0.671125 0.918129 0.102128
8 0.459064 0.774468 0.918129 0.102128
