5 0.500000 0.173047 0.922222 0.061719
4 0.500000 0.585742 0.922222 0.653516
8 0.461111 0.044531 0.922222 0.089063
0 0.500000 0.303516 0.844444 0.025781
8 0.461111 0.134375 0.922222 0.089063
0 0.500000 0.393359 0.844444 0.025781
8 0.461111 0.224219 0.922222 0.089063
0 0.500000 0.483203 0.844444 0.025781
8 0.461111 0.314063 0.922222 0.089063
0 0.500000 0.573047 0.844444 0.025781
8 0.461111 0.403906 0.922222 0.089063
0 0.500000 0.662891 0.844444 0.025781
8 0.461111 0.493750 0.922222 0.089063
0 0.500000 0.752734 0.844444 0.025781
8 0.461111 0.583594 0.922222 0.089063
0 0.500000 0.842578 0.844444 0.025781
8 0.461111 0.673438 0.922222 0.089063
0 0.309375 0.070898 0.268750 0.036328
3 0.068056 0.038281 0.136111 0.076563
