1 0.079167 0.065625 0.077778 0.065625
0 0.215278 0.052930 0.162500 0.033203
5 0.296181 0.080664 0.324306 0.022266
0 0.296181 0.080664 0.324306 0.022266
3 0.867361 0.065625 0.226389 0.065625
5 0.500000 0.134570 0.961111 0.072266
4 0.500000 0.545508 0.961111 0.749609
8 0.480556 0.027344 0.961111 0.054688
4 0.443750 0.023438 0.887500 0.046875
4 0.132639 0.023438 0.265278 0.046875
1 0.093056 0.198047 0.068056 0.032813
0 0.193403 0.198047 0.113194 0.025781
2 0.284722 0.198047 0.029167 0.016406
8 0.480556 0.073047 0.961111 0.036719
0 0.123611 0.249219 0.208333 0.025781
8 0.500000 0.294922 0.961111 0.065625
1 0.106944 0.294922 0.058333 0.032813
6 0.883333 0.294922 0.077778 0.043750
0 0.287847 0.294727 0.225694 0.033203
8 0.500000 0.360547 0.961111 0.065625
1 0.106944 0.360547 0.058333 0.032813
6 0.883333 0.360547 0.077778 0.043750
0 0.334028 0.360352 0.318056 0.033203
8 0.500000 0.426172 0.961111 0.065625
1 0.106944 0.426172 0.058333 0.032813
6 0.883333 0.426172 0.077778 0.043750
0 0.235069 0.425977 0.120139 0.033203
8 0.500000 0.491797 0.961111 0.065625
1 0.106944 0.491797 0.058333 0.032813
6 0.883333 0.491797 0.077778 0.043750
0 0.246528 0.491602 0.143056 0.033203
0 0.359375 0.491602 0.024306 0.033203
8 0.500000 0.557422 0.961111 0.065625
1 0.106944 0.557422 0.058333 0.032813
6 0.883333 0.557422 0.077778 0.043750
0 0.238542 0.557227 0.127083 0.033203
0 0.343403 0.557227 0.024306 0.033203
8 0.500000 0.623047 0.961111 0.065625
1 0.106944 0.623047 0.058333 0.032813
6 0.883333 0.623047 0.077778 0.043750
0 0.319792 0.622852 0.289583 0.033203
0 0.505903 0.622852 0.024306 0.033203
8 0.500000 0.688672 0.961111 0.065625
1 0.106944 0.688672 0.058333 0.032813
6 0.883333 0.688672 0.077778 0.043750
0 0.268056 0.688477 0.186111 0.033203
0 0.402431 0.688477 0.024306 0.033203
8 0.480556 0.569141 0.961111 0.036719
0 0.067708 0.745313 0.096528 0.025781
8 0.480556 0.642188 0.961111 0.109375
1 0.116667 0.812891 0.116667 0.065625
6 0.902778 0.812891 0.077778 0.043750
0 0.331250 0.812695 0.234722 0.033203
