4 0.500000 0.523411 1.000000 0.812709
8 0.500000 0.152174 1.000000 0.070234
8 0.500000 0.224080 1.000000 0.070234
8 0.500000 0.295987 1.000000 0.070234
8 0.500000 0.367893 1.000000 0.070234
8 0.500000 0.439799 1.000000 0.070234
8 0.500000 0.511706 1.000000 0.070234
8 0.500000 0.583612 1.000000 0.070234
8 0.500000 0.655518 1.000000 0.070234
8 0.500000 0.727425 1.000000 0.070234
8 0.500000 0.799331 1.000000 0.070234
8 0.500000 0.871237 1.000000 0.070234
8 0.500000 0.918896 1.000000 0.021739
3 0.106944 0.964883 0.213889 0.070234
3 0.320833 0.964883 0.213889 0.070234
5 0.713889 0.963211 0.572222 0.066054
0 0.267014 0.075878 0.456250 0.038880
3 0.048611 0.040970 0.097222 0.070234
