0 0.529167 0.070898 0.708333 0.040234
3 0.068056 0.038281 0.136111 0.076563
3 0.941667 0.071094 0.116667 0.065625
7 0.125000 0.032813 0.250000 0.065625
1 0.125000 0.032813 0.058333 0.032813
7 0.375000 0.032813 0.250000 0.065625
7 0.625000 0.032813 0.250000 0.065625
7 0.875000 0.032813 0.250000 0.065625
8 0.500000 0.379688 1.000000 0.759375
8 0.500000 0.093750 1.000000 0.187500
4 0.500000 0.275586 0.951389 0.173828
1 0.121875 0.250195 0.121528 0.068359
0 0.572917 0.229883 0.731944 0.027734
0 0.572917 0.255859 0.731944 0.024219
0 0.500000 0.309766 0.951389 0.050781
8 0.500000 0.281250 1.000000 0.187500
4 0.500000 0.463086 0.951389 0.173828
1 0.121875 0.437695 0.121528 0.068359
0 0.572917 0.417383 0.731944 0.027734
0 0.572917 0.443359 0.731944 0.024219
0 0.500000 0.497266 0.951389 0.050781
8 0.500000 0.468750 1.000000 0.187500
4 0.500000 0.650586 0.951389 0.173828
1 0.121875 0.625195 0.121528 0.068359
0 0.572917 0.604883 0.731944 0.027734
0 0.572917 0.630859 0.731944 0.024219
0 0.500000 0.684766 0.951389 0.050781
8 0.500000 0.656250 1.000000 0.187500
4 0.500000 0.838086 0.951389 0.173828
1 0.121875 0.812695 0.121528 0.068359
0 0.572917 0.792383 0.731944 0.027734
0 0.572917 0.818359 0.731944 0.024219
0 0.500000 0.872266 0.951389 0.050781
8 0.500000 0.875000 1.000000 0.250000
4 0.500000 0.929688 1.000000 0.009375
1 0.500000 0.929688 1.000000 0.009375
4 0.893056 0.874219 0.136111 0.076563
