0 0.314931 0.069381 0.279861 0.035550
3 0.068056 0.037462 0.136111 0.074924
3 0.938542 0.069572 0.122917 0.064220
0 0.461111 0.132263 0.844444 0.029052
6 0.922222 0.132263 0.077778 0.042813
0 0.461111 0.196483 0.844444 0.029052
6 0.922222 0.196483 0.077778 0.042813
0 0.461111 0.260703 0.844444 0.029052
6 0.922222 0.260703 0.077778 0.042813
0 0.461111 0.324924 0.844444 0.029052
6 0.922222 0.324924 0.077778 0.042813
0 0.500000 0.385703 1.000000 0.057339
0 0.461111 0.446483 0.844444 0.029052
6 0.922222 0.446483 0.077778 0.042813
0 0.461111 0.510703 0.844444 0.029052
6 0.922222 0.510703 0.077778 0.042813
0 0.461111 0.574924 0.844444 0.029052
6 0.922222 0.574924 0.077778 0.042813
0 0.461111 0.639144 0.844444 0.029052
6 0.922222 0.639144 0.077778 0.042813
0 0.461111 0.703364 0.844444 0.029052
6 0.922222 0.703364 0.077778 0.042813
0 0.500000 0.764144 1.000000 0.057339
0 0.461111 0.824924 0.844444 0.029052
6 0.922222 0.824924 0.077778 0.042813
0 0.500000 0.885703 1.000000 0.057339
