4 0.500000 0.483594 1.000000 0.901563
0 0.242014 0.070898 0.134028 0.036328
3 0.068056 0.038281 0.136111 0.076563
4 0.500000 0.039844 1.000000 0.079687
1 0.056250 0.149219 0.077778 0.043750
0 0.250000 0.129883 0.275000 0.023047
0 0.550000 0.162109 0.875000 0.035937
4 0.500000 0.119531 1.000000 0.079687
1 0.056250 0.228906 0.077778 0.043750
0 0.224653 0.209570 0.224306 0.023047
0 0.550000 0.241797 0.875000 0.035937
4 0.500000 0.199219 1.000000 0.079687
1 0.056250 0.308594 0.077778 0.043750
0 0.225694 0.289258 0.226389 0.023047
0 0.550000 0.321484 0.875000 0.035937
4 0.500000 0.278906 1.000000 0.079687
1 0.056250 0.388281 0.077778 0.043750
0 0.236111 0.368945 0.247222 0.023047
0 0.550000 0.401172 0.875000 0.035937
4 0.500000 0.358594 1.000000 0.079687
1 0.056250 0.467969 0.077778 0.043750
0 0.219444 0.456836 0.213889 0.023047
0 0.468750 0.480859 0.712500 0.019531
4 0.500000 0.438281 1.000000 0.079687
1 0.056250 0.547656 0.077778 0.043750
0 0.292361 0.528320 0.359722 0.023047
0 0.550000 0.560547 0.875000 0.035937
0 0.205903 0.606055 0.411806 0.037109
4 0.500000 0.555078 1.000000 0.079687
1 0.056250 0.664453 0.077778 0.043750
0 0.236111 0.663086 0.247222 0.023047
4 0.500000 0.634766 1.000000 0.079687
1 0.056250 0.744141 0.077778 0.043750
0 0.279861 0.742773 0.334722 0.023047
4 0.500000 0.714453 1.000000 0.079687
1 0.056250 0.823828 0.077778 0.043750
0 0.213542 0.822461 0.202083 0.023047
