8 0.609375 0.073161 0.781250 0.146321
1 0.375000 0.073161 0.250000 0.117057
0 0.381250 0.119565 0.237500 0.024247
0 0.765625 0.045987 0.468750 0.060201
0 0.765625 0.088211 0.468750 0.024247
2 0.015625 0.011915 0.031250 0.014632
0 0.679464 0.118311 0.208929 0.024247
8 0.609375 0.219482 0.781250 0.146321
1 0.375000 0.219482 0.250000 0.117057
0 0.381250 0.265886 0.237500 0.024247
0 0.765625 0.192308 0.468750 0.060201
0 0.765625 0.234532 0.468750 0.024247
0 0.647321 0.264632 0.144643 0.024247
8 0.609375 0.365803 0.781250 0.146321
1 0.375000 0.365803 0.250000 0.117057
0 0.381250 0.412207 0.237500 0.024247
0 0.765625 0.338629 0.468750 0.060201
0 0.765625 0.380853 0.468750 0.024247
0 0.676339 0.410953 0.202679 0.024247
8 0.609375 0.512124 0.781250 0.146321
1 0.375000 0.512124 0.250000 0.117057
0 0.381250 0.558528 0.237500 0.024247
0 0.765625 0.484950 0.468750 0.060201
0 0.765625 0.527174 0.468750 0.024247
0 0.676339 0.557274 0.202679 0.024247
8 0.609375 0.658445 0.781250 0.146321
1 0.375000 0.658445 0.250000 0.117057
0 0.381250 0.704849 0.237500 0.024247
0 0.765625 0.631271 0.468750 0.060201
0 0.765625 0.673495 0.468750 0.024247
0 0.676339 0.703595 0.202679 0.024247
8 0.609375 0.804766 0.781250 0.146321
1 0.375000 0.804766 0.250000 0.117057
0 0.381250 0.851171 0.237500 0.024247
0 0.765625 0.777592 0.468750 0.060201
0 0.765625 0.819816 0.468750 0.024247
0 0.676339 0.849916 0.202679 0.024247
8 0.609375 0.897993 0.781250 0.040134
1 0.375000 0.905309 0.250000 0.025502
0 0.765625 0.905936 0.468750 0.024247
1 0.609375 0.959030 0.781250 0.081940
