0 0.349306 0.071094 0.406944 0.041406
3 0.068056 0.038281 0.136111 0.076563
8 0.500000 0.521875 1.000000 0.825000
8 0.500000 0.139648 1.000000 0.060547
0 0.518056 0.139648 0.890278 0.033203
8 0.500000 0.200195 1.000000 0.060547
0 0.518056 0.200195 0.890278 0.033203
8 0.500000 0.260742 1.000000 0.060547
0 0.518056 0.260742 0.890278 0.033203
8 0.500000 0.321289 1.000000 0.060547
0 0.518056 0.321289 0.890278 0.033203
8 0.500000 0.381836 1.000000 0.060547
0 0.518056 0.381836 0.890278 0.033203
8 0.500000 0.442383 1.000000 0.060547
0 0.518056 0.442383 0.890278 0.033203
