4 0.075347 0.074624 0.150694 0.073161
0 0.542361 0.074415 0.783333 0.058528
4 0.939236 0.074624 0.072917 0.043896
4 0.500000 0.516304 1.000000 0.815217
8 0.500000 0.175376 1.000000 0.133361
8 0.500000 0.115385 0.951389 0.007525
8 0.125347 0.179139 0.177083 0.090719
8 0.397917 0.151547 0.343056 0.035535
8 0.562153 0.196906 0.671528 0.055184
8 0.936806 0.178930 0.029167 0.030936
8 0.500000 0.312500 1.000000 0.125836
8 0.125347 0.312500 0.177083 0.090719
8 0.369444 0.284908 0.286111 0.035535
8 0.562153 0.330268 0.671528 0.055184
8 0.936806 0.312291 0.029167 0.030936
8 0.500000 0.445861 1.000000 0.125836
8 0.125347 0.445861 0.177083 0.090719
8 0.290625 0.418269 0.128472 0.035535
8 0.562153 0.463629 0.671528 0.055184
8 0.936806 0.445652 0.029167 0.030936
8 0.500000 0.579222 1.000000 0.125836
8 0.125347 0.579222 0.177083 0.090719
8 0.292014 0.551630 0.131250 0.035535
8 0.562153 0.596990 0.671528 0.055184
8 0.936806 0.579013 0.029167 0.030936
8 0.500000 0.712584 1.000000 0.125836
8 0.125347 0.712584 0.177083 0.090719
8 0.407639 0.684992 0.362500 0.035535
8 0.562153 0.730351 0.671528 0.055184
8 0.936806 0.712375 0.029167 0.030936
8 0.500000 0.845945 1.000000 0.125836
8 0.125347 0.845945 0.177083 0.090719
8 0.396528 0.818353 0.340278 0.035535
8 0.562153 0.863712 0.671528 0.055184
8 0.936806 0.845736 0.029167 0.030936
8 0.500000 0.920151 1.000000 0.007525
1 0.083333 0.961957 0.166667 0.064381
1 0.250000 0.961957 0.166667 0.064381
1 0.416667 0.961957 0.166667 0.064381
1 0.583333 0.961957 0.166667 0.064381
1 0.750000 0.961957 0.166667 0.064381
1 0.916667 0.961957 0.166667 0.064381
