3 0.128472 0.081940 0.256944 0.093645
3 0.375000 0.081940 0.263889 0.093645
3 0.625000 0.081940 0.263889 0.093645
3 0.871528 0.081940 0.256944 0.093645
4 0.500000 0.564381 1.000000 0.871237
0 0.952431 0.164925 0.095139 0.023829
0 0.452431 0.161580 0.904861 0.035535
0 0.452431 0.193144 0.904861 0.027592
0 0.952431 0.259406 0.095139 0.023829
0 0.452431 0.256062 0.904861 0.035535
0 0.452431 0.287625 0.904861 0.027592
0 0.952431 0.353888 0.095139 0.023829
0 0.452431 0.350543 0.904861 0.035535
0 0.452431 0.382107 0.904861 0.027592
0 0.952431 0.448370 0.095139 0.023829
0 0.452431 0.445025 0.904861 0.035535
0 0.452431 0.476589 0.904861 0.027592
0 0.952431 0.542851 0.095139 0.023829
0 0.452431 0.539507 0.904861 0.035535
0 0.452431 0.571070 0.904861 0.027592
0 0.952431 0.637333 0.095139 0.023829
0 0.452431 0.633988 0.904861 0.035535
0 0.452431 0.665552 0.904861 0.027592
0 0.944097 0.731814 0.111806 0.023829
0 0.444097 0.728470 0.888194 0.035535
0 0.444097 0.760033 0.888194 0.027592
0 0.952431 0.826296 0.095139 0.023829
0 0.452431 0.822952 0.904861 0.035535
0 0.452431 0.854515 0.904861 0.027592
