0 0.500000 0.069189 1.000000 0.068144
4 0.475694 0.027383 0.951389 0.054766
0 0.262847 0.151965 0.428472 0.047241
4 0.475694 0.082567 0.951389 0.054766
0 0.252431 0.207149 0.407639 0.047241
4 0.475694 0.137751 0.951389 0.054766
0 0.113889 0.262333 0.130556 0.047241
4 0.475694 0.192935 0.951389 0.054766
0 0.109375 0.317517 0.121528 0.047241
4 0.475694 0.248119 0.951389 0.054766
0 0.269444 0.372701 0.441667 0.047241
0 0.475694 0.297032 0.951389 0.043060
4 0.475694 0.346363 0.951389 0.054766
0 0.152431 0.470945 0.207639 0.047241
4 0.475694 0.401547 0.951389 0.054766
0 0.129514 0.526129 0.161806 0.047241
