1 0.500000 0.053094 1.000000 0.059365
4 0.500000 0.570652 1.000000 0.858696
8 0.500000 0.042224 1.000000 0.084448
0 0.500000 0.170151 0.922222 0.034281
0 0.455208 0.200669 0.832639 0.026756
8 0.500000 0.126254 1.000000 0.084448
0 0.500000 0.254181 0.922222 0.034281
0 0.404861 0.284699 0.731944 0.026756
8 0.500000 0.210284 1.000000 0.084448
0 0.500000 0.338211 0.922222 0.034281
0 0.466319 0.368729 0.854861 0.026756
8 0.500000 0.294314 1.000000 0.084448
0 0.500000 0.422241 0.922222 0.034281
0 0.465625 0.452759 0.853472 0.026756
8 0.500000 0.378344 1.000000 0.084448
0 0.500000 0.506271 0.922222 0.034281
0 0.465625 0.536789 0.853472 0.026756
8 0.500000 0.475753 1.000000 0.111204
0 0.500000 0.590301 0.922222 0.034281
0 0.500000 0.634197 0.922222 0.053512
8 0.500000 0.586538 1.000000 0.111204
0 0.500000 0.701087 0.922222 0.034281
0 0.500000 0.744983 0.922222 0.053512
8 0.500000 0.683946 1.000000 0.084448
0 0.500000 0.811873 0.922222 0.034281
0 0.462847 0.842391 0.847917 0.026756
8 0.500000 0.781355 1.000000 0.111204
0 0.500000 0.895903 0.922222 0.034281
0 0.500000 0.939799 0.922222 0.053512
8 0.500000 0.878763 1.000000 0.084448
0 0.500000 0.994774 0.922222 0.010452
