8 0.500000 0.103906 1.000000 0.142187
0 0.253125 0.071094 0.214583 0.027344
3 0.068056 0.038281 0.136111 0.076563
6 0.918056 0.070898 0.115278 0.037109
7 0.242014 0.032813 0.484028 0.065625
0 0.241667 0.141992 0.244444 0.016797
7 0.741667 0.032813 0.515278 0.065625
0 0.741319 0.141992 0.275694 0.016797
8 0.500000 0.554688 1.000000 0.759375
8 0.500000 0.417969 1.000000 0.835938
8 0.500000 0.035547 1.000000 0.071094
0 0.107292 0.210352 0.068750 0.023047
2 0.920486 0.210352 0.043750 0.024609
8 0.500000 0.106641 1.000000 0.071094
0 0.153125 0.281445 0.160417 0.023047
2 0.920486 0.281445 0.043750 0.024609
8 0.500000 0.177734 1.000000 0.071094
0 0.111458 0.352539 0.077083 0.023047
2 0.920486 0.352539 0.043750 0.024609
8 0.500000 0.248828 1.000000 0.071094
0 0.154861 0.423633 0.163889 0.023047
2 0.920486 0.423633 0.043750 0.024609
8 0.500000 0.319922 1.000000 0.071094
0 0.110069 0.494727 0.074306 0.023047
2 0.920486 0.494727 0.043750 0.024609
8 0.500000 0.391016 1.000000 0.071094
0 0.111458 0.565820 0.077083 0.023047
2 0.920486 0.565820 0.043750 0.024609
2 0.871875 0.565820 0.043750 0.024609
8 0.500000 0.462109 1.000000 0.071094
0 0.131944 0.636914 0.118056 0.023047
2 0.920486 0.636914 0.043750 0.024609
8 0.500000 0.533203 1.000000 0.071094
0 0.109722 0.708008 0.073611 0.023047
2 0.920486 0.708008 0.043750 0.024609
8 0.500000 0.604297 1.000000 0.071094
0 0.148958 0.779102 0.152083 0.023047
2 0.920486 0.779102 0.043750 0.024609
8 0.500000 0.675391 1.000000 0.071094
0 0.109375 0.850195 0.072917 0.023047
2 0.920486 0.850195 0.043750 0.024609
