4 0.596429 0.491639 0.807143 0.806020
8 0.596429 0.123746 0.807143 0.070234
8 0.596429 0.193980 0.807143 0.070234
8 0.596429 0.264214 0.807143 0.070234
8 0.596429 0.334448 0.807143 0.070234
8 0.596429 0.404682 0.807143 0.070234
8 0.596429 0.474916 0.807143 0.070234
8 0.596429 0.545151 0.807143 0.070234
8 0.596429 0.615385 0.807143 0.070234
8 0.596429 0.685619 0.807143 0.070234
8 0.596429 0.755853 0.807143 0.070234
8 0.596429 0.826087 0.807143 0.070234
8 0.596429 0.877926 0.807143 0.033445
3 0.734375 0.935619 0.241964 0.070234
3 0.927679 0.935619 0.144643 0.070234
