4 0.500000 0.464883 1.000000 0.918060
8 0.500000 0.057065 1.000000 0.102425
1 0.085069 0.057065 0.170139 0.102425
0 0.244792 0.056856 0.149306 0.047659
8 0.500000 0.160326 1.000000 0.102425
1 0.085069 0.160326 0.170139 0.102425
0 0.280903 0.160117 0.221528 0.047659
8 0.500000 0.263587 1.000000 0.102425
1 0.085069 0.263587 0.170139 0.102425
0 0.247222 0.263378 0.154167 0.047659
8 0.500000 0.366848 1.000000 0.102425
1 0.085069 0.366848 0.170139 0.102425
0 0.362847 0.366639 0.385417 0.047659
8 0.500000 0.470109 1.000000 0.102425
1 0.085069 0.470109 0.170139 0.102425
0 0.354514 0.469900 0.368750 0.047659
8 0.500000 0.573370 1.000000 0.102425
1 0.085069 0.573370 0.170139 0.102425
0 0.364236 0.573161 0.388194 0.047659
