4 0.500000 0.143945 1.000000 0.068359
0 0.500000 0.143945 1.000000 0.068359
8 0.500000 0.377734 1.000000 0.755469
8 0.500000 0.072461 1.000000 0.144922
1 0.085069 0.251367 0.170139 0.095703
0 0.585069 0.221680 0.756250 0.044141
0 0.585069 0.273438 0.756250 0.059375
8 0.500000 0.217383 1.000000 0.144922
1 0.085069 0.396289 0.170139 0.095703
0 0.585069 0.366602 0.756250 0.044141
0 0.585069 0.418359 0.756250 0.059375
8 0.500000 0.362305 1.000000 0.144922
1 0.085069 0.541211 0.170139 0.095703
0 0.585069 0.511523 0.756250 0.044141
0 0.585069 0.563281 0.756250 0.059375
8 0.500000 0.493359 1.000000 0.117188
1 0.085069 0.672070 0.170139 0.095703
0 0.585069 0.656445 0.756250 0.044141
0 0.585069 0.694336 0.756250 0.031641
8 0.500000 0.624414 1.000000 0.144922
1 0.085069 0.803320 0.170139 0.095703
0 0.585069 0.773633 0.756250 0.044141
0 0.585069 0.825391 0.756250 0.059375
1 0.075347 0.070898 0.072917 0.041016
4 0.070833 0.024023 0.116667 0.033984
1 0.902083 0.070898 0.116667 0.033984
0 0.503125 0.071094 0.656250 0.038281
