1 0.500000 0.035117 1.000000 0.070234
1 0.058333 0.070234 0.116667 0.070234
1 0.441667 0.070234 0.650000 0.070234
1 0.825000 0.070234 0.116667 0.070234
1 0.941667 0.070234 0.116667 0.070234
4 0.500000 0.513169 1.000000 0.815635
8 0.500000 0.004390 1.000000 0.008779
8 0.500000 0.351380 1.000000 0.685201
1 0.500000 0.355560 0.898611 0.465301
0 0.500000 0.654264 0.898611 0.132107
1 0.109028 0.755435 0.116667 0.070234
8 0.500000 0.803930 1.000000 0.219900
0 0.500000 0.864548 0.898611 0.112876
4 0.388889 0.036580 0.777778 0.073161
4 0.500000 0.447324 1.000000 0.894649
1 0.500000 0.194607 1.000000 0.178512
4 0.166667 0.205686 0.333333 0.200669
4 0.500000 0.205686 0.333333 0.200669
4 0.833333 0.205686 0.333333 0.200669
1 0.218056 0.362458 0.241667 0.066054
0 0.620833 0.362458 0.563889 0.066054
5 0.500000 0.447742 0.883333 0.057692
5 0.500000 0.505435 0.883333 0.057692
6 0.257292 0.557692 0.397917 0.046823
4 0.499653 0.670360 0.364583 0.073161
3 0.233681 0.765677 0.350694 0.035535
