1 0.500000 0.043269 1.000000 0.016304
1 0.499653 0.061455 0.364583 0.052676
0 0.499653 0.173704 0.513194 0.033863
0 0.500000 0.231814 0.863889 0.023829
0 0.500000 0.308737 0.866667 0.043896
5 0.500000 0.356187 0.866667 0.051003
5 0.500000 0.407191 0.866667 0.051003
3 0.862153 0.407191 0.084028 0.051003
3 0.233333 0.470736 0.320833 0.027592
3 0.499653 0.533445 0.382639 0.056856
0 0.499653 0.595945 0.527083 0.023829
3 0.499653 0.621656 0.527083 0.027592
3 0.115278 0.978261 0.230556 0.043478
3 0.888889 0.978261 0.222222 0.043478
