1 0.500000 0.183008 0.777778 0.068359
5 0.470833 0.292383 0.868056 0.068359
1 0.934028 0.292187 0.058333 0.032813
5 0.500000 0.360742 1.000000 0.068359
5 0.500000 0.429102 1.000000 0.068359
4 0.500000 0.497461 1.000000 0.068359
0 0.465972 0.497461 0.858333 0.068359
6 0.934028 0.497266 0.077778 0.043750
4 0.500000 0.565820 1.000000 0.068359
0 0.465972 0.565820 0.858333 0.068359
6 0.934028 0.565625 0.077778 0.043750
3 0.500000 0.658789 0.926389 0.062891
1 0.063194 0.898828 0.126389 0.071094
3 0.500000 0.898828 0.402778 0.071094
1 0.936806 0.898828 0.126389 0.071094
