0 0.275694 0.070898 0.259722 0.036328
3 0.068056 0.038281 0.136111 0.076563
3 0.844444 0.071094 0.116667 0.065625
3 0.165278 0.038281 0.097222 0.065625
8 0.500000 0.030859 1.000000 0.061719
0 0.500000 0.140234 1.000000 0.061719
8 0.500000 0.178320 1.000000 0.233203
0 0.500000 0.215625 0.975000 0.061719
4 0.500000 0.332227 0.688889 0.075391
1 0.054861 0.037500 0.070833 0.039844
0 0.563542 0.332227 0.561806 0.075391
8 0.500000 0.325781 1.000000 0.061719
0 0.500000 0.435156 1.000000 0.061719
8 0.500000 0.387500 1.000000 0.061719
1 0.060764 0.496680 0.072917 0.041016
0 0.257639 0.496875 0.281944 0.029687
6 0.948958 0.496875 0.102083 0.043750
8 0.500000 0.449219 1.000000 0.061719
1 0.060764 0.558398 0.072917 0.041016
0 0.263542 0.558594 0.293750 0.029687
