1 0.286458 0.079013 0.499306 0.040970
1 0.475694 0.146321 0.951389 0.292642
0 0.323611 0.200669 0.550000 0.035117
0 0.395139 0.242893 0.693056 0.020067
5 0.196181 0.036580 0.072917 0.073161
5 0.293403 0.036580 0.072917 0.073161
5 0.390625 0.036580 0.072917 0.073161
5 0.487847 0.036580 0.072917 0.073161
5 0.585069 0.036580 0.072917 0.073161
5 0.682292 0.036580 0.072917 0.073161
3 0.471528 0.471363 0.200000 0.045569
2 0.587847 0.051212 0.032639 0.021321
3 0.500000 0.569816 0.854167 0.026756
3 0.500000 0.625836 0.854167 0.026756
