0 0.114236 0.070898 0.150694 0.036328
1 0.499653 0.058203 0.121528 0.061719
0 0.500000 0.224219 0.436111 0.024219
0 0.268403 0.301172 0.439583 0.029687
0 0.719792 0.301367 0.463194 0.022266
4 0.500000 0.377148 0.951389 0.075391
0 0.461111 0.376953 0.825000 0.029687
0 0.912500 0.376953 0.077778 0.025781
4 0.500000 0.452930 0.951389 0.075391
0 0.445139 0.452734 0.793056 0.029687
0 0.896528 0.452734 0.109722 0.025781
3 0.153819 0.536133 0.259028 0.090234
3 0.409028 0.536133 0.202778 0.090234
3 0.500000 0.641406 0.951389 0.065625
