1 0.951389 0.038281 0.097222 0.032813
3 0.068056 0.038281 0.136111 0.076563
0 0.236111 0.070898 0.180556 0.036328
1 0.500000 0.483594 1.000000 0.901563
4 0.500000 0.483594 1.000000 0.901563
1 0.085069 0.084180 0.086806 0.033984
1 0.499653 0.083398 0.297917 0.101172
4 0.500000 0.382031 0.912500 0.364844
5 0.500000 0.268750 0.825000 0.075000
5 0.500000 0.357422 0.825000 0.075000
3 0.240625 0.433203 0.257639 0.027344
6 0.418056 0.433203 0.048611 0.027344
3 0.500000 0.507031 0.825000 0.065625
4 0.500000 0.672852 1.000000 0.233203
3 0.500000 0.737109 0.461111 0.047656
3 0.500000 0.784766 0.163889 0.047656
