1 0.201042 0.032005 0.324306 0.036577
3 0.048611 0.032005 0.097222 0.054866
4 0.125000 0.027433 0.250000 0.054866
0 0.125000 0.118877 0.102778 0.054866
4 0.375000 0.027433 0.250000 0.054866
0 0.374653 0.118877 0.132639 0.054866
4 0.625000 0.027433 0.250000 0.054866
0 0.625000 0.118877 0.183333 0.054866
4 0.875000 0.027433 0.250000 0.054866
0 0.875000 0.118877 0.094444 0.054866
8 0.500000 0.317440 1.000000 0.634879
3 0.500000 0.148759 1.000000 0.004899
0 0.500000 0.148759 0.408333 0.004899
0 0.499653 0.171130 0.560417 0.039843
0 0.499653 0.217995 0.571528 0.053886
3 0.500000 0.276453 0.534722 0.063031
0 0.499653 0.330993 0.146528 0.046048
5 0.500000 0.381613 0.922222 0.055193
5 0.434722 0.445950 0.791667 0.055193
3 0.895833 0.443174 0.130556 0.033312
3 0.185764 0.507185 0.293750 0.030699
3 0.827083 0.507185 0.345833 0.030699
0 0.500000 0.636185 0.922222 0.039843
0 0.500000 0.685336 0.922222 0.058459
4 0.461111 0.085728 0.922222 0.171457
3 0.461111 0.085728 0.922222 0.171457
