1 0.365625 0.021948 0.731250 0.043896
1 0.780208 0.075878 0.072917 0.043896
1 0.865625 0.075878 0.072917 0.043896
1 0.951042 0.075878 0.072917 0.043896
4 0.500000 0.558528 1.000000 0.882943
1 0.500000 0.265468 1.000000 0.296823
0 0.212153 0.543269 0.224306 0.039716
5 0.637500 0.553094 0.525000 0.059365
0 0.209375 0.641931 0.218750 0.039716
5 0.637500 0.651756 0.525000 0.059365
3 0.815278 0.740176 0.169444 0.058946
3 0.622222 0.843227 0.555556 0.029264
3 0.753819 0.892140 0.292361 0.029264
6 0.126042 0.730560 0.052083 0.031355
0 0.332639 0.730560 0.322222 0.039716
