1 0.934375 0.069727 0.053472 0.030078
0 0.500000 0.308008 1.000000 0.091016
5 0.548611 0.415625 0.902778 0.058594
1 0.063194 0.415625 0.077778 0.043750
5 0.548611 0.474219 0.902778 0.058594
1 0.063194 0.474219 0.077778 0.043750
5 0.502431 0.532813 0.810417 0.058594
1 0.063194 0.532813 0.077778 0.043750
1 0.931944 0.532617 0.058333 0.023828
5 0.394792 0.591406 0.595139 0.058594
0 0.841319 0.591406 0.297917 0.029687
1 0.063194 0.591406 0.077778 0.043750
3 0.500000 0.669922 0.902778 0.054688
3 0.500000 0.732227 0.922222 0.048047
