3 0.260764 0.734180 0.453472 0.061328
3 0.739236 0.734180 0.453472 0.061328
3 0.260764 0.809180 0.453472 0.061328
3 0.739236 0.809180 0.453472 0.061328
0 0.499653 0.856055 0.736806 0.018359
4 0.500000 0.907422 1.000000 0.053906
0 0.499653 0.907422 0.156250 0.025781
4 0.500000 0.465234 1.000000 0.065625
1 0.064583 0.466406 0.061111 0.034375
0 0.542708 0.465039 0.827083 0.048047
4 0.500000 0.540625 1.000000 0.065625
1 0.064583 0.541797 0.061111 0.034375
0 0.542708 0.540430 0.827083 0.048047
4 0.500000 0.616016 1.000000 0.065625
1 0.064583 0.617188 0.061111 0.034375
0 0.542708 0.616016 0.827083 0.025781
1 0.500000 0.191602 1.000000 0.317578
1 0.500000 0.353125 0.200000 0.112500
