1 0.068056 0.191602 0.058333 0.079297
0 0.179167 0.194531 0.125000 0.029687
6 0.478472 0.176563 0.202778 0.065625
6 0.702778 0.176563 0.245833 0.065625
1 0.068056 0.286328 0.058333 0.065625
3 0.538889 0.290234 0.844444 0.073438
1 0.068056 0.382031 0.058333 0.065625
4 0.538889 0.385937 0.844444 0.073438
0 0.538889 0.433789 0.844444 0.022266
1 0.068056 0.485547 0.058333 0.065625
5 0.538889 0.481641 0.844444 0.073438
1 0.068056 0.581250 0.058333 0.065625
5 0.538889 0.577344 0.844444 0.073438
3 0.500000 0.680078 0.883333 0.065625
3 0.500000 0.823633 0.922222 0.199609
3 0.068056 0.038281 0.136111 0.076563
0 0.258681 0.070898 0.167361 0.036328
3 0.936806 0.071094 0.126389 0.065625
