1 0.500000 0.075460 0.294444 0.057274
5 0.500000 0.206522 0.941667 0.076087
4 0.500000 0.206522 0.941667 0.076087
5 0.500000 0.215510 0.941667 0.058110
5 0.500000 0.303512 0.941667 0.082776
4 0.500000 0.303512 0.941667 0.082776
5 0.500000 0.312500 0.941667 0.064799
5 0.500000 0.403846 0.941667 0.082776
4 0.500000 0.403846 0.941667 0.082776
5 0.500000 0.412834 0.941667 0.064799
3 0.500000 0.512960 0.941667 0.047659
3 0.500000 0.607023 0.941667 0.087793
0 0.312847 0.718436 0.567361 0.028010
0 0.500000 0.763796 0.941667 0.047659
1 0.038889 0.023411 0.077778 0.046823
0 0.393750 0.827968 0.340278 0.028010
0 0.553472 0.865803 0.659722 0.047659
0 0.429514 0.921196 0.411806 0.028010
0 0.553472 0.959030 0.659722 0.047659
