1 0.065625 0.087500 0.053472 0.060156
3 0.854167 0.087500 0.213889 0.065625
0 0.500000 0.219727 0.922222 0.034766
2 0.058333 0.297656 0.038889 0.016406
5 0.529167 0.297656 0.863889 0.066406
1 0.058333 0.366406 0.038889 0.025781
5 0.422222 0.365625 0.650000 0.066406
3 0.854167 0.367969 0.213889 0.065625
3 0.219792 0.443359 0.361806 0.065625
3 0.500000 0.545508 0.922222 0.067578
0 0.500000 0.616602 0.077778 0.074609
3 0.500000 0.687500 0.922222 0.067187
0 0.500000 0.737891 0.922222 0.033594
0 0.500000 0.781641 0.922222 0.053906
