3 0.500000 0.286719 0.729167 0.082031
0 0.364583 0.098633 0.729167 0.033203
4 0.500000 0.477148 0.729167 0.068359
1 0.060764 0.034180 0.121528 0.068359
0 0.500000 0.477148 0.729167 0.068359
4 0.311806 0.566211 0.352778 0.068359
1 0.196181 0.566211 0.121528 0.068359
0 0.352778 0.566211 0.191667 0.068359
4 0.688542 0.566211 0.352083 0.068359
1 0.573264 0.566211 0.121528 0.068359
0 0.191667 0.034180 0.140278 0.068359
4 0.500000 0.675391 0.729167 0.092188
0 0.426736 0.677539 0.031250 0.022266
0 0.384722 0.046289 0.136111 0.028516
