3 0.500000 0.952132 1.000000 0.095736
0 0.499653 0.075669 0.193750 0.051839
1 0.109722 0.182065 0.194444 0.116639
0 0.307986 0.159490 0.177083 0.038043
0 0.318056 0.200878 0.197222 0.044732
0 0.499653 0.277592 0.053472 0.044314
5 0.500000 0.343855 0.926389 0.073161
0 0.500000 0.322324 0.926389 0.024247
5 0.500000 0.418687 0.926389 0.073161
0 0.500000 0.397157 0.926389 0.024247
5 0.500000 0.493520 0.926389 0.073161
0 0.500000 0.471990 0.926389 0.024247
5 0.500000 0.568353 0.926389 0.073161
0 0.500000 0.546823 0.926389 0.024247
5 0.500000 0.643186 0.926389 0.073161
0 0.500000 0.621656 0.926389 0.024247
5 0.500000 0.718018 0.926389 0.073161
0 0.500000 0.696488 0.926389 0.024247
0 0.341667 0.799122 0.609722 0.059783
6 0.817014 0.798913 0.292361 0.040970
