1 0.500000 0.110159 0.319444 0.073997
0 0.512153 0.200251 0.379861 0.030100
1 0.057292 0.205059 0.046528 0.039716
8 0.500000 0.612458 1.000000 0.775084
5 0.500000 0.289298 0.951389 0.070234
5 0.500000 0.374164 0.951389 0.070234
5 0.500000 0.459030 0.951389 0.070234
5 0.500000 0.543896 0.951389 0.070234
3 0.085764 0.622910 0.097917 0.029264
0 0.148264 0.622910 0.007639 0.023411
3 0.219097 0.622910 0.114583 0.029264
4 0.619792 0.622910 0.686806 0.029264
0 0.755208 0.622910 0.313194 0.029264
6 0.943750 0.622910 0.038889 0.023411
