1 0.061458 0.034911 0.122917 0.033840
1 0.124306 0.034804 0.002778 0.022489
0 0.217361 0.034911 0.183333 0.023131
5 0.500000 0.082245 0.951389 0.038124
5 0.500000 0.127865 0.951389 0.038124
3 0.190278 0.155065 0.293056 0.016278
3 0.500000 0.204755 0.951389 0.038124
0 0.500000 0.242879 0.122222 0.023131
3 0.500000 0.281002 0.951389 0.038124
0 0.500000 0.343757 1.000000 0.030413
1 0.100000 0.017991 0.200000 0.035982
1 0.300000 0.017991 0.200000 0.035982
1 0.500000 0.017991 0.200000 0.035982
1 0.700000 0.017991 0.200000 0.035982
1 0.900000 0.017991 0.200000 0.035982
3 0.500000 0.461127 0.951389 0.058685
