4 0.216319 0.071094 0.432639 0.076563
0 0.255208 0.071094 0.277083 0.076563
4 0.931944 0.071094 0.136111 0.076563
1 0.931597 0.070898 0.072917 0.041016
4 0.166667 0.131250 0.333333 0.065625
0 0.166667 0.131250 0.333333 0.065625
4 0.500000 0.131250 0.333333 0.065625
0 0.500000 0.131250 0.333333 0.065625
4 0.833333 0.131250 0.333333 0.065625
0 0.833333 0.131250 0.333333 0.065625
4 0.500000 0.264453 0.922222 0.069531
0 0.546181 0.264453 0.377083 0.069531
0 0.499653 0.333984 0.109028 0.025781
5 0.500000 0.401758 0.922222 0.066016
5 0.500000 0.489648 0.922222 0.066016
4 0.259722 0.579297 0.441667 0.069531
0 0.259722 0.579297 0.441667 0.069531
4 0.740278 0.579297 0.441667 0.069531
0 0.740278 0.579297 0.441667 0.069531
3 0.500000 0.670703 0.922222 0.069531
