1 0.500000 0.483594 1.000000 0.901563
3 0.500000 0.483594 1.000000 0.901563
3 0.499653 0.189258 0.607639 0.062891
3 0.500000 0.275391 0.593056 0.054688
0 0.500000 0.360156 0.902778 0.032813
0 0.163889 0.439453 0.194444 0.043750
5 0.606944 0.437500 0.652778 0.043750
0 0.163889 0.494531 0.194444 0.043750
4 0.606944 0.492578 0.652778 0.043750
3 0.273611 0.571875 0.450000 0.065625
3 0.737153 0.571875 0.428472 0.065625
3 0.500000 0.638086 0.902778 0.025391
0 0.500000 0.720898 0.902778 0.071484
3 0.500000 0.783008 0.902778 0.025391
