4 0.371181 0.066472 0.257639 0.052676
1 0.331250 0.066263 0.048611 0.028010
0 0.401736 0.066472 0.067361 0.031773
4 0.628819 0.066472 0.257639 0.052676
1 0.578125 0.066263 0.053472 0.028010
0 0.661806 0.066472 0.088889 0.031773
2 0.055208 0.161998 0.036806 0.019649
0 0.496875 0.161998 0.831250 0.019649
4 0.498958 0.260242 0.924306 0.039716
0 0.171528 0.260242 0.111111 0.029682
1 0.069097 0.260242 0.064583 0.039716
0 0.391667 0.260242 0.313889 0.022157
4 0.498958 0.358487 0.924306 0.039716
0 0.177431 0.358487 0.122917 0.029682
1 0.069097 0.358487 0.064583 0.039716
0 0.375694 0.358487 0.258333 0.022157
5 0.498958 0.414925 0.875694 0.043896
5 0.498958 0.473453 0.875694 0.043896
0 0.115625 0.523829 0.109028 0.027592
3 0.754514 0.531982 0.364583 0.043896
0 0.156250 0.590510 0.190278 0.043896
3 0.669444 0.590510 0.194444 0.043896
4 0.863889 0.590510 0.145833 0.043896
0 0.204861 0.655100 0.287500 0.040970
6 0.803472 0.655100 0.266667 0.040970
0 0.286458 0.713629 0.435417 0.014214
3 0.584375 0.713629 0.150694 0.014214
3 0.498958 0.757316 0.364583 0.043896
