4 0.500000 0.474312 1.000000 0.948623
0 0.499653 0.070489 0.396528 0.029182
4 0.072917 0.070489 0.145833 0.071928
1 0.072917 0.070284 0.047222 0.028771
0 0.500000 0.025072 0.902778 0.027127
0 0.499653 0.104603 0.699306 0.209207
0 0.499653 0.262844 0.603472 0.107275
3 0.500000 0.382244 0.926389 0.064940
0 0.462847 0.042335 0.084028 0.027127
4 0.500000 0.536991 0.926389 0.075216
0 0.452083 0.036786 0.487500 0.063707
2 0.743750 0.536169 0.022222 0.008631
0 0.463194 0.057131 0.926389 0.114262
0 0.073958 0.706330 0.074306 0.034936
5 0.500000 0.745787 0.926389 0.043979
0 0.102083 0.785245 0.130556 0.034936
5 0.500000 0.824702 0.926389 0.043979
3 0.500000 0.907933 0.926389 0.064940
4 0.499653 0.961776 0.456250 0.042746
0 0.499653 0.965269 0.314583 0.023428
