0 0.499653 0.150293 0.235417 0.043060
0 0.500000 0.185619 0.616667 0.027592
0 0.128819 0.013796 0.257639 0.027592
5 0.500000 0.280936 0.922222 0.057692
0 0.243750 0.112458 0.487500 0.051003
4 0.500000 0.385870 0.922222 0.046823
1 0.038889 0.023411 0.077778 0.046823
0 0.247222 0.385661 0.261111 0.035535
0 0.234375 0.434783 0.390972 0.051003
5 0.500000 0.490803 0.922222 0.057692
5 0.500000 0.548495 0.922222 0.057692
5 0.500000 0.606187 0.922222 0.057692
3 0.499653 0.693562 0.524306 0.070234
3 0.499306 0.763796 0.180556 0.070234
4 0.332639 0.035117 0.586111 0.070234
1 0.088194 0.070234 0.077778 0.046823
0 0.371528 0.070025 0.469444 0.035535
