0 0.500347 0.071094 0.140972 0.032031
3 0.926042 0.071094 0.147917 0.076563
3 0.068056 0.038281 0.136111 0.076563
1 0.146875 0.198242 0.170139 0.095703
5 0.617708 0.167578 0.706250 0.061719
5 0.617708 0.229297 0.706250 0.061719
1 0.117708 0.030859 0.235417 0.032813
3 0.316667 0.291016 0.104167 0.061719
2 0.121181 0.030664 0.034028 0.019141
5 0.576389 0.291016 0.322222 0.061719
5 0.617708 0.352734 0.706250 0.061719
1 0.117708 0.030664 0.235417 0.042578
5 0.617708 0.414453 0.706250 0.061719
3 0.499653 0.689648 0.488194 0.041797
