0 0.463194 0.019310 0.926389 0.029050
0 0.463194 0.045113 0.926389 0.022556
3 0.500000 0.171224 0.926389 0.057416
0 0.463194 0.135509 0.926389 0.029050
0 0.463194 0.161312 0.926389 0.022556
0 0.463194 0.202324 0.926389 0.025974
5 0.500000 0.335270 0.926389 0.048530
5 0.500000 0.393370 0.926389 0.048530
5 0.500000 0.451470 0.926389 0.048530
5 0.500000 0.509569 0.926389 0.048530
0 0.463194 0.483595 0.926389 0.025974
5 0.500000 0.616541 0.926389 0.048530
0 0.463194 0.590567 0.926389 0.025974
5 0.500000 0.723855 0.926389 0.049214
4 0.100000 0.782980 0.200000 0.069036
1 0.100000 0.775120 0.058333 0.028708
0 0.100000 0.800410 0.200000 0.021873
4 0.300000 0.782980 0.200000 0.069036
1 0.300000 0.775120 0.058333 0.028708
0 0.300000 0.800410 0.200000 0.021873
4 0.500000 0.782980 0.200000 0.069036
1 0.500000 0.775120 0.058333 0.028708
0 0.500000 0.800410 0.200000 0.021873
4 0.700000 0.782980 0.200000 0.069036
1 0.700000 0.775120 0.058333 0.028708
0 0.700000 0.800410 0.200000 0.021873
4 0.900000 0.782980 0.200000 0.069036
1 0.900000 0.775120 0.058333 0.028708
0 0.900000 0.800410 0.200000 0.021873
3 0.089583 0.028708 0.179167 0.057416
2 0.012153 0.057416 0.024306 0.015038
1 0.092361 0.057416 0.154167 0.028708
0 0.500000 0.057245 0.370833 0.031784
