1 0.500000 0.188754 0.854167 0.102425
1 0.060764 0.033027 0.121528 0.066054
5 0.560764 0.339047 0.732639 0.066054
1 0.133681 0.412625 0.121528 0.066054
5 0.560764 0.412625 0.732639 0.066054
1 0.866319 0.412625 0.121528 0.066054
4 0.500000 0.499164 0.854167 0.066054
3 0.500000 0.499164 0.854167 0.066054
4 0.286458 0.676421 0.427083 0.097826
1 0.286458 0.656773 0.427083 0.058528
0 0.286458 0.711538 0.427083 0.027592
4 0.713542 0.676421 0.427083 0.097826
1 0.713542 0.656773 0.427083 0.058528
0 0.713542 0.711538 0.427083 0.027592
