1 0.500000 0.253066 1.000000 0.471791
1 0.123264 0.050797 0.149306 0.052944
5 0.500000 0.121218 0.902778 0.022077
5 0.500000 0.163328 0.902778 0.022077
6 0.499653 0.204415 0.524306 0.020033
3 0.500000 0.250204 0.902778 0.034342
0 0.211806 0.292723 0.326389 0.013491
3 0.479514 0.292723 0.160417 0.013491
0 0.098958 0.309894 0.100694 0.013491
3 0.237153 0.309894 0.150694 0.013491
3 0.409028 0.309894 0.168056 0.013491
4 0.236111 0.351186 0.108333 0.031889
1 0.236111 0.351186 0.108333 0.031889
4 0.500000 0.351186 0.108333 0.031889
1 0.500000 0.351186 0.108333 0.031889
4 0.763889 0.351186 0.108333 0.031889
1 0.763889 0.351186 0.108333 0.031889
4 0.500000 0.417416 0.951389 0.041701
0 0.242014 0.417416 0.435417 0.018397
1 0.924306 0.417416 0.077778 0.022895
4 0.500000 0.469951 0.951389 0.022895
0 0.159375 0.469951 0.270139 0.018397
1 0.924306 0.469951 0.077778 0.022895
