0 0.499653 0.129599 0.286806 0.027592
5 0.500000 0.237040 0.926389 0.058528
5 0.500000 0.323161 0.926389 0.058528
5 0.500000 0.409281 0.926389 0.058528
5 0.500000 0.495401 0.926389 0.058528
5 0.500000 0.581522 0.926389 0.058528
6 0.091667 0.640050 0.109722 0.058528
3 0.416319 0.634615 0.539583 0.025920
6 0.336111 0.713211 0.598611 0.058528
3 0.500000 0.786371 0.926389 0.058528
4 0.134375 0.035117 0.268750 0.070234
2 0.017708 0.070234 0.035417 0.016722
1 0.142708 0.070234 0.232639 0.030936
3 0.659722 0.070234 0.097222 0.070234
3 0.756944 0.070234 0.097222 0.070234
3 0.854167 0.070234 0.097222 0.070234
3 0.951389 0.070234 0.097222 0.070234
