4 0.166667 0.808031 0.333333 0.069038
1 0.166667 0.800634 0.058333 0.029588
0 0.166319 0.825114 0.078472 0.020077
4 0.500000 0.808031 0.333333 0.069038
1 0.500000 0.800634 0.058333 0.029588
0 0.500000 0.828813 0.111111 0.027474
4 0.833333 0.808031 0.333333 0.069038
1 0.833333 0.795703 0.058333 0.029588
0 0.833333 0.821064 0.126389 0.023248
1 0.499653 0.107256 0.170139 0.115886
5 0.500000 0.214688 0.926389 0.061641
5 0.500000 0.276682 0.926389 0.061641
3 0.500000 0.356992 0.926389 0.061641
3 0.233681 0.413526 0.393750 0.026770
3 0.500000 0.477633 0.622222 0.052131
0 0.500000 0.558295 0.052778 0.035224
3 0.500000 0.643713 0.926389 0.061641
0 0.500000 0.721029 0.926389 0.055653
