0 0.437153 0.129599 0.286806 0.027592
5 0.437500 0.237040 0.801389 0.058528
5 0.437500 0.323161 0.801389 0.058528
0 0.400347 0.197952 0.790972 0.022157
6 0.091667 0.433110 0.109722 0.058528
3 0.492361 0.471154 0.691667 0.134615
3 0.437500 0.582358 0.801389 0.058528
4 0.134375 0.035117 0.268750 0.070234
2 0.017708 0.070234 0.035417 0.016722
1 0.142708 0.070234 0.232639 0.030936
3 0.659722 0.070234 0.097222 0.070234
3 0.756944 0.070234 0.097222 0.070234
3 0.854167 0.070234 0.097222 0.070234
3 0.951389 0.070234 0.097222 0.070234
