4 0.182292 0.071094 0.364583 0.076563
4 0.068056 0.071094 0.136111 0.076563
1 0.068056 0.038281 0.116667 0.065625
0 0.269792 0.071094 0.189583 0.076563
4 0.160417 0.194141 0.243056 0.136719
1 0.063194 0.011719 0.051389 0.023438
0 0.160069 0.208398 0.127083 0.022266
5 0.640972 0.151562 0.640278 0.029687
5 0.640972 0.231250 0.640278 0.029687
5 0.500000 0.310937 0.922222 0.029687
5 0.500000 0.390625 0.922222 0.029687
5 0.500000 0.470313 0.922222 0.029687
4 0.500000 0.564063 1.000000 0.079687
5 0.500000 0.550000 0.922222 0.029687
5 0.500000 0.629687 0.922222 0.029687
3 0.500000 0.723047 0.941667 0.078906
3 0.500000 0.791992 0.922222 0.037109
