5 0.257292 0.142187 0.475694 0.065625
5 0.752431 0.142187 0.456250 0.065625
3 0.257292 0.207813 0.475694 0.065625
3 0.752431 0.207813 0.456250 0.065625
5 0.500000 0.273438 0.961111 0.065625
5 0.500000 0.339062 0.961111 0.065625
4 0.080208 0.416992 0.121528 0.068359
6 0.079861 0.416797 0.048611 0.027344
3 0.560764 0.416797 0.839583 0.029687
4 0.080208 0.507227 0.121528 0.068359
6 0.079861 0.507031 0.048611 0.027344
0 0.560764 0.507031 0.839583 0.055469
0 0.249306 0.038086 0.148611 0.033203
3 0.068056 0.038281 0.136111 0.076563
3 0.930903 0.071094 0.138194 0.065625
