0 0.344444 0.070898 0.127778 0.033984
3 0.068056 0.038281 0.136111 0.076563
1 0.227778 0.038281 0.105556 0.059375
1 0.500000 0.671875 1.000000 0.423438
4 0.500000 0.171094 0.926389 0.054688
1 0.085417 0.171094 0.097222 0.054688
0 0.500000 0.170898 0.337500 0.026172
0 0.499653 0.238477 0.045139 0.025391
0 0.154514 0.295117 0.161806 0.033203
3 0.865278 0.281055 0.195833 0.059766
5 0.500000 0.341211 0.926389 0.058984
0 0.152431 0.414648 0.157639 0.033203
3 0.865278 0.400586 0.195833 0.059766
5 0.500000 0.460742 0.926389 0.058984
6 0.499653 0.538477 0.406250 0.055078
6 0.500000 0.604297 0.926389 0.054688
3 0.500000 0.604297 0.926389 0.054688
3 0.500000 0.658398 0.926389 0.026172
