4 0.500000 0.366349 1.000000 0.732698
3 0.499653 0.339683 0.999306 0.679365
4 0.499653 0.193492 0.999306 0.386984
4 0.500000 0.104603 0.975000 0.202222
4 0.480208 0.090000 0.960417 0.180000
5 0.500694 0.133651 0.936111 0.044444
5 0.500694 0.183810 0.936111 0.044444
3 0.495486 0.220794 0.559028 0.018095
5 0.500694 0.257778 0.936111 0.044444
3 0.506250 0.094603 0.962500 0.022222
3 0.499653 0.310952 0.960417 0.039048
3 0.499653 0.355714 0.960417 0.039048
3 0.499653 0.400476 0.960417 0.039048
3 0.499653 0.445238 0.960417 0.039048
4 0.499653 0.026667 0.999306 0.053333
3 0.499653 0.053492 0.999306 0.033333
3 0.000347 0.379524 0.000694 0.759048
