3 0.058333 0.065625 0.116667 0.065625
3 0.889583 0.065625 0.220833 0.065625
3 0.499653 0.158008 0.475694 0.031641
3 0.499653 0.192383 0.638194 0.023047
0 0.500000 0.286523 0.922222 0.077734
5 0.519444 0.358203 0.883333 0.065625
5 0.500000 0.358203 0.844444 0.065625
5 0.519444 0.423828 0.883333 0.065625
5 0.500000 0.423828 0.844444 0.065625
5 0.519444 0.489453 0.883333 0.065625
5 0.500000 0.489453 0.844444 0.065625
3 0.899653 0.489453 0.122917 0.065625
0 0.500000 0.561133 0.922222 0.077734
4 0.500000 0.632812 0.844444 0.065625
3 0.485417 0.710938 0.815278 0.046875
