1 0.499653 0.237040 0.717361 0.228261
0 0.500000 0.048286 1.000000 0.096572
1 0.068056 0.031773 0.058333 0.035117
5 0.548611 0.498955 0.902778 0.063963
5 0.548611 0.564590 0.902778 0.063963
0 0.476736 0.037834 0.377083 0.040552
6 0.827778 0.637542 0.266667 0.040970
3 0.500000 0.732860 0.922222 0.070234
3 0.259722 0.826505 0.441667 0.070234
3 0.740278 0.826505 0.441667 0.070234
0 0.500000 0.875418 1.000000 0.038462
3 0.134375 0.035117 0.268750 0.070234
2 0.019444 0.070234 0.038889 0.023411
1 0.068750 0.070234 0.077778 0.046823
0 0.183333 0.070025 0.131944 0.035535
