0 0.249653 0.070898 0.149306 0.036328
4 0.068056 0.038281 0.136111 0.076563
3 0.250000 0.146289 0.500000 0.073828
3 0.750000 0.146289 0.500000 0.073828
8 0.500000 0.560156 1.000000 0.748437
5 0.500000 0.261914 0.873611 0.029297
5 0.500000 0.337695 0.873611 0.029297
5 0.500000 0.413477 0.873611 0.029297
3 0.859028 0.413477 0.136111 0.029297
5 0.500000 0.489258 0.873611 0.029297
3 0.859028 0.489258 0.136111 0.029297
6 0.091667 0.557422 0.134722 0.065625
0 0.573611 0.557422 0.804167 0.065625
3 0.500000 0.677734 0.951389 0.065625
