0 0.239236 0.071094 0.128472 0.028125
3 0.068056 0.038281 0.136111 0.076563
0 0.219792 0.151758 0.342361 0.019141
5 0.500000 0.210547 0.902778 0.065625
0 0.122917 0.269336 0.148611 0.019141
5 0.500000 0.328125 0.902778 0.065625
1 0.862153 0.327930 0.111806 0.048047
4 0.500000 0.401953 1.000000 0.027344
6 0.072917 0.401953 0.048611 0.027344
0 0.260764 0.402734 0.268750 0.021875
3 0.500000 0.478516 0.902778 0.071094
3 0.500000 0.563281 0.902778 0.043750
3 0.221181 0.607031 0.345139 0.043750
3 0.500000 0.698828 0.922222 0.071094
3 0.500000 0.767188 0.902778 0.043750
4 0.500000 0.847852 1.000000 0.070703
0 0.325694 0.841016 0.515278 0.029687
2 0.631944 0.028516 0.019444 0.017969
