1 0.500000 0.071094 0.727778 0.065625
3 0.068056 0.038281 0.136111 0.076563
0 0.500000 0.151367 0.922222 0.040234
5 0.500000 0.204102 0.922222 0.021484
0 0.500000 0.249609 0.922222 0.025781
5 0.500000 0.293359 0.922222 0.061719
5 0.500000 0.384375 0.922222 0.032813
0 0.441667 0.384375 0.805556 0.029687
0 0.500000 0.435547 0.922222 0.025781
5 0.500000 0.479297 0.922222 0.061719
3 0.500000 0.567187 0.922222 0.070312
0 0.500000 0.637109 0.922222 0.025781
5 0.500000 0.680859 0.922222 0.061719
6 0.199653 0.755469 0.321528 0.043750
3 0.519444 0.833984 0.961111 0.025781
3 0.500000 0.901563 1.000000 0.065625
