8 0.500000 0.554688 1.000000 0.759375
3 0.182986 0.212695 0.317361 0.048047
3 0.500347 0.212695 0.317361 0.048047
3 0.817361 0.212695 0.316667 0.048047
4 0.500000 0.592383 1.000000 0.683984
8 0.500000 0.305859 1.000000 0.110937
1 0.085417 0.305859 0.145833 0.082031
0 0.372917 0.284180 0.404167 0.040234
0 0.410069 0.329492 0.478472 0.036328
0 0.903125 0.284180 0.120139 0.040234
0 0.920833 0.328516 0.061111 0.034375
8 0.500000 0.418359 1.000000 0.110937
1 0.085417 0.418359 0.145833 0.082031
0 0.434722 0.396680 0.527778 0.040234
0 0.427431 0.441992 0.513194 0.036328
0 0.903125 0.396680 0.120139 0.040234
0 0.920833 0.441016 0.061111 0.034375
8 0.500000 0.530859 1.000000 0.110937
1 0.085417 0.530859 0.145833 0.082031
0 0.085417 0.530859 0.145833 0.082031
0 0.407292 0.509180 0.472917 0.040234
0 0.427431 0.554492 0.513194 0.036328
0 0.903472 0.509180 0.119444 0.040234
4 0.872222 0.862500 0.158333 0.089063
1 0.079167 0.044531 0.158333 0.089063
1 0.870833 0.861719 0.155556 0.087500
1 0.500000 0.076172 1.000000 0.001563
0 0.114931 0.038281 0.152083 0.029687
3 0.844444 0.071094 0.116667 0.065625
3 0.165278 0.038281 0.097222 0.065625
3 0.166319 0.032813 0.332639 0.065625
0 0.165972 0.139453 0.165278 0.060156
4 0.498958 0.032813 0.334028 0.065625
0 0.498958 0.139453 0.167361 0.060156
4 0.832292 0.032813 0.334028 0.065625
0 0.832292 0.139453 0.174306 0.060156
