1 0.500000 0.179557 0.583333 0.078177
1 0.499653 0.314799 0.363194 0.163043
0 0.500000 0.432483 0.883333 0.072324
0 0.500000 0.488921 0.883333 0.040552
5 0.500000 0.567308 0.834722 0.057692
5 0.500000 0.625000 0.834722 0.057692
3 0.500000 0.732860 0.883333 0.070234
0 0.445486 0.810201 0.306250 0.055184
3 0.652778 0.810201 0.108333 0.025920
3 0.500000 0.865385 0.883333 0.055184
3 0.165625 0.035117 0.331250 0.070234
2 0.019444 0.070234 0.038889 0.023411
1 0.068750 0.070234 0.077778 0.046823
0 0.214583 0.070025 0.194444 0.035535
