1 0.500000 0.106250 1.000000 0.212500
1 0.072222 0.079687 0.058333 0.032813
7 0.250000 0.032813 0.500000 0.065625
0 0.249653 0.277930 0.117361 0.032422
7 0.750000 0.032813 0.500000 0.065625
0 0.750000 0.277930 0.143056 0.032422
8 0.500000 0.311719 1.000000 0.623437
5 0.500000 0.393164 0.837500 0.065234
5 0.500000 0.494336 0.837500 0.065234
3 0.811111 0.577734 0.291667 0.025781
3 0.500000 0.668164 0.913889 0.073047
0 0.500000 0.781836 0.038889 0.032422
1 0.245486 0.866602 0.404861 0.073047
1 0.754514 0.866602 0.404861 0.073047
