0 0.167361 0.038281 0.334722 0.076563
3 0.068056 0.038281 0.136111 0.076563
5 0.255903 0.150586 0.463194 0.055078
5 0.744097 0.150586 0.463194 0.055078
5 0.500000 0.219336 0.951389 0.055078
5 0.500000 0.288086 0.951389 0.055078
5 0.500000 0.356836 0.951389 0.055078
3 0.500000 0.426758 0.951389 0.057422
0 0.499653 0.493945 0.038194 0.022266
4 0.255903 0.561133 0.463194 0.057422
1 0.134028 0.028516 0.058333 0.032813
0 0.296875 0.560937 0.170139 0.025781
4 0.743750 0.561133 0.463889 0.057422
1 0.154167 0.028516 0.058333 0.032813
0 0.785069 0.560937 0.131250 0.025781
