1 0.500000 0.088838 1.000000 0.177676
0 0.500000 0.152592 0.783333 0.071070
0 0.500000 0.221363 0.902778 0.138378
0 0.500000 0.330895 0.902778 0.051421
5 0.500000 0.423913 0.902778 0.046823
5 0.500000 0.500000 0.902778 0.046823
3 0.500000 0.625836 0.805556 0.058528
3 0.499653 0.687500 0.302083 0.020485
3 0.500000 0.730142 0.400000 0.020485
1 0.500000 0.965301 0.222222 0.025084
4 0.271875 0.035117 0.503472 0.070234
1 0.068750 0.070234 0.077778 0.046823
0 0.310764 0.070025 0.386806 0.035535
3 0.068056 0.035117 0.136111 0.070234
