0 0.245833 0.071094 0.141667 0.030469
3 0.068056 0.038281 0.136111 0.076563
0 0.384028 0.163867 0.651389 0.021484
0 0.500000 0.218945 0.883333 0.066797
3 0.834722 0.295898 0.213889 0.021484
3 0.509722 0.295898 0.319444 0.021484
1 0.951389 0.136719 0.097222 0.054688
0 0.500000 0.354492 0.805556 0.024609
5 0.500000 0.437891 0.877778 0.109375
5 0.500000 0.547266 0.877778 0.109375
3 0.500000 0.655469 0.877778 0.065625
3 0.370833 0.712695 0.250000 0.021484
0 0.562153 0.726367 0.010417 0.048828
3 0.691319 0.712695 0.125694 0.021484
