0 0.258681 0.070898 0.225694 0.036328
3 0.068056 0.038281 0.136111 0.076563
1 0.500000 0.252344 1.000000 0.242188
5 0.500000 0.439258 0.844444 0.033203
5 0.381597 0.495898 0.607639 0.033203
3 0.803819 0.495898 0.236806 0.033203
6 0.500000 0.557813 0.422222 0.043750
3 0.500000 0.623437 0.825000 0.065625
4 0.500000 0.702930 0.883333 0.060547
1 0.354167 0.705859 0.077778 0.043750
0 0.548611 0.705859 0.272222 0.025781
3 0.500000 0.858984 0.211111 0.025781
0 0.500000 0.887500 0.400000 0.025781
0 0.500000 0.916016 0.277778 0.025781
