1 0.500000 0.133984 0.554167 0.049219
5 0.500000 0.235156 0.854167 0.054688
5 0.500000 0.291406 0.854167 0.054688
3 0.210417 0.358594 0.275000 0.054688
3 0.864931 0.358594 0.124306 0.054688
3 0.358681 0.760742 0.211806 0.045703
0 0.480556 0.760742 0.031944 0.045703
3 0.621528 0.760742 0.250000 0.045703
3 0.499653 0.813867 0.470139 0.022266
3 0.159375 0.904492 0.170139 0.051172
0 0.159375 0.891602 0.043750 0.025391
0 0.159028 0.917188 0.147222 0.025781
3 0.329514 0.903125 0.170139 0.053906
1 0.329514 0.890234 0.036806 0.028125
0 0.329514 0.917188 0.070139 0.025781
3 0.669792 0.904492 0.170139 0.051172
0 0.669444 0.891602 0.034722 0.025391
0 0.669444 0.917188 0.069444 0.025781
3 0.839931 0.910156 0.170139 0.039844
1 0.839931 0.893750 0.046528 0.007031
0 0.839583 0.917188 0.137500 0.025781
3 0.500000 0.898828 0.145833 0.071094
0 0.500000 0.883789 0.022222 0.019922
0 0.500000 0.908594 0.095833 0.029687
