1 0.500000 0.483594 1.000000 0.901563
4 0.388889 0.034180 0.777778 0.068359
1 0.121528 0.125195 0.243056 0.048047
4 0.951042 0.125195 0.097917 0.048047
1 0.944792 0.125000 0.085417 0.034375
4 0.500000 0.450781 1.000000 0.901563
0 0.499653 0.064648 0.379861 0.036328
3 0.925694 0.063086 0.104167 0.033203
0 0.499653 0.111914 0.313194 0.033203
4 0.500000 0.396094 1.000000 0.792188
3 0.500000 0.396094 1.000000 0.792188
1 0.085417 0.770117 0.145833 0.030078
5 0.500000 0.192188 0.926389 0.058594
4 0.951389 0.814844 0.048611 0.027344
0 0.475694 0.812305 0.902778 0.036328
0 0.500000 0.875586 0.951389 0.090234
