4 0.500000 0.500000 1.000000 1.000000
4 0.500000 0.032457 1.000000 0.064915
1 0.067014 0.032264 0.085417 0.047527
0 0.261806 0.017774 0.279167 0.025502
0 0.339931 0.045209 0.435417 0.029366
0 0.918403 0.011978 0.138194 0.023957
1 0.485069 0.091190 0.785417 0.027048
1 0.890278 0.091383 0.025000 0.047527
4 0.951389 0.091383 0.097222 0.047527
1 0.048611 0.023570 0.077778 0.043277
4 0.125000 0.838099 0.250000 0.054096
1 0.125000 0.027048 0.061111 0.034003
4 0.375000 0.838099 0.250000 0.054096
1 0.375000 0.838099 0.077778 0.043277
4 0.625000 0.838099 0.250000 0.054096
1 0.125000 0.027048 0.077778 0.043277
4 0.875000 0.838099 0.250000 0.054096
1 0.500000 0.027048 1.000000 0.054096
4 0.060764 0.148570 0.121528 0.066847
0 0.060417 0.033230 0.041667 0.054096
4 0.060764 0.216963 0.121528 0.066847
0 0.060417 0.033230 0.036111 0.054096
1 0.083333 0.894900 0.155556 0.043277
1 0.250000 0.894900 0.155556 0.043277
1 0.416667 0.894900 0.155556 0.043277
1 0.583333 0.894900 0.166667 0.043277
1 0.750000 0.894900 0.166667 0.043277
1 0.916319 0.894900 0.140972 0.043277
