3 0.500000 0.483594 1.000000 0.901563
4 0.500000 0.078320 1.000000 0.091016
3 0.068056 0.071094 0.136111 0.076563
4 0.509722 0.074219 0.747222 0.082812
0 0.509722 0.063086 0.747222 0.033203
0 0.509722 0.090820 0.747222 0.022266
3 0.941667 0.071094 0.116667 0.076563
3 0.068056 0.162109 0.106944 0.060156
3 0.187500 0.162109 0.106944 0.060156
3 0.077778 0.890625 0.126389 0.071094
3 0.231250 0.890625 0.126389 0.071094
0 0.433333 0.899805 0.248611 0.027734
1 0.433333 0.920312 0.248611 0.011719
3 0.768750 0.890625 0.126389 0.071094
3 0.922222 0.804297 0.126389 0.071094
3 0.922222 0.890625 0.126389 0.071094
