4 0.500000 0.487695 1.000000 0.756641
3 0.500000 0.378320 1.000000 0.756641
1 0.085417 0.734570 0.145833 0.030078
0 0.946528 0.139453 0.097222 0.054688
4 0.388889 0.034180 0.777778 0.068359
4 0.500000 0.916602 0.777778 0.035547
8 0.291667 0.140234 0.583333 0.061719
8 0.291667 0.201563 0.583333 0.061719
8 0.291667 0.262891 0.583333 0.061719
8 0.291667 0.324219 0.583333 0.061719
8 0.291667 0.385547 0.583333 0.061719
8 0.291667 0.446875 0.583333 0.061719
8 0.291667 0.508203 0.583333 0.061719
8 0.291667 0.569531 0.583333 0.061719
8 0.291667 0.630859 0.583333 0.061719
8 0.291667 0.692187 0.583333 0.061719
8 0.291667 0.753516 0.583333 0.061719
0 0.310069 0.070898 0.328472 0.036328
3 0.068056 0.038281 0.136111 0.076563
3 0.844444 0.071094 0.116667 0.065625
3 0.165278 0.038281 0.097222 0.065625
