5 0.268056 0.038281 0.263889 0.039844
0 0.204861 0.038281 0.112500 0.025781
3 0.068056 0.038281 0.136111 0.076563
3 0.834722 0.038281 0.136111 0.065625
3 0.184722 0.038281 0.097222 0.065625
4 0.500000 0.505469 1.000000 0.857812
3 0.500000 0.428906 1.000000 0.857812
1 0.085417 0.680273 0.145833 0.030078
1 0.097222 0.505469 0.194444 0.109375
1 0.934028 0.845313 0.097222 0.054688
1 0.818056 0.848828 0.109722 0.061719
4 0.416319 0.133984 0.163194 0.032813
4 0.582986 0.133984 0.163194 0.032813
0 0.499306 0.096875 0.229167 0.040625
4 0.500000 0.910352 1.000000 0.048047
1 0.499653 0.910156 0.072917 0.027344
