8 0.500000 0.059524 1.000000 0.119048
3 0.231597 0.102587 0.385417 0.024691
2 0.434375 0.001543 0.043750 0.003086
2 0.478125 0.001543 0.043750 0.003086
2 0.521875 0.001543 0.043750 0.003086
2 0.565625 0.001543 0.043750 0.003086
3 0.931944 0.135509 0.116667 0.024691
3 0.192361 0.187096 0.306944 0.024691
3 0.499653 0.187096 0.307639 0.024691
3 0.807292 0.187096 0.307639 0.024691
4 0.500000 0.267196 0.922222 0.119048
3 0.461111 0.059524 0.922222 0.119048
1 0.072917 0.005658 0.145833 0.011317
3 0.500000 0.267196 0.922222 0.119048
4 0.500000 0.339065 0.922222 0.024691
4 0.500000 0.351484 0.922222 0.000147
3 0.068056 0.014403 0.136111 0.028807
3 0.058333 0.014403 0.116667 0.024691
