4 0.500000 0.356445 1.000000 0.647266
4 0.511111 0.337109 0.102778 0.057813
4 0.499653 0.320312 0.139583 0.028125
4 0.474306 0.318555 0.088889 0.024609
4 0.063194 0.644531 0.077778 0.043750
4 0.189583 0.644531 0.077778 0.043750
4 0.895139 0.585547 0.161111 0.096094
1 0.895139 0.585547 0.058333 0.032813
8 0.159028 0.088867 0.318056 0.177734
1 0.158681 0.744922 0.110417 0.043750
0 0.158681 0.793359 0.114583 0.042188
8 0.479861 0.088867 0.318056 0.177734
1 0.479861 0.744922 0.077778 0.043750
0 0.479861 0.793359 0.131944 0.042188
8 0.800694 0.088867 0.318056 0.177734
1 0.800694 0.744922 0.079167 0.043750
0 0.800347 0.793359 0.143750 0.042188
8 0.981250 0.088867 0.037500 0.177734
4 0.063194 0.101172 0.077778 0.043750
6 0.938542 0.100195 0.074306 0.041797
4 0.068056 0.896094 0.077778 0.043750
0 0.499653 0.895898 0.275694 0.033203
4 0.931944 0.896094 0.077778 0.043750
