4 0.500000 0.483594 1.000000 0.901563
3 0.500000 0.450781 1.000000 0.901563
1 0.085417 0.879492 0.145833 0.030078
1 0.110069 0.045508 0.220139 0.091016
4 0.500000 0.099219 1.000000 0.198437
0 0.268750 0.070898 0.187500 0.036328
3 0.068056 0.038281 0.136111 0.076563
3 0.941667 0.071094 0.116667 0.065625
7 0.064236 0.032813 0.128472 0.065625
0 0.103125 0.142187 0.070139 0.025781
7 0.194792 0.032813 0.132639 0.065625
0 0.233681 0.142187 0.074306 0.025781
1 0.500000 0.028125 1.000000 0.056250
5 0.456250 0.203125 0.834722 0.056250
1 0.936806 0.202930 0.126389 0.051953
