0 0.195833 0.070898 0.100000 0.030078
3 0.068056 0.038281 0.136111 0.076563
3 0.825000 0.071094 0.116667 0.065625
3 0.941667 0.071094 0.116667 0.065625
4 0.500000 0.412500 1.000000 0.825000
3 0.500000 0.412500 1.000000 0.825000
1 0.085417 0.459180 0.145833 0.030078
1 0.924653 0.042383 0.102083 0.057422
3 0.500000 0.881055 0.922222 0.062891
4 0.268750 0.696680 0.459722 0.086328
0 0.268750 0.684570 0.381944 0.018359
0 0.268750 0.705859 0.381944 0.024219
4 0.731250 0.696680 0.459722 0.086328
0 0.731250 0.684570 0.381944 0.018359
0 0.731250 0.705859 0.381944 0.024219
4 0.268750 0.784570 0.459722 0.086328
0 0.268750 0.772461 0.381944 0.018359
0 0.268750 0.793750 0.381944 0.024219
4 0.731250 0.784570 0.459722 0.086328
0 0.731250 0.772461 0.381944 0.018359
0 0.731250 0.793750 0.381944 0.024219
0 0.180208 0.611133 0.282639 0.041016
