4 0.500000 0.274219 1.000000 0.329688
4 0.500000 0.164844 0.975000 0.315625
4 0.487500 0.116602 0.975000 0.233203
3 0.500000 0.233008 0.975000 0.233203
4 0.047222 0.330078 0.069444 0.039062
4 0.021875 0.012305 0.043750 0.024609
3 0.034375 0.128711 0.032639 0.020703
4 0.963194 0.128711 0.048611 0.024609
2 0.026736 0.012305 0.034028 0.019141
4 0.500000 0.390820 0.975000 0.082422
1 0.073264 0.390820 0.121528 0.068359
4 0.414583 0.040234 0.586111 0.066406
3 0.407292 0.370508 0.521528 0.027734
3 0.427083 0.403711 0.561111 0.038672
4 0.841319 0.034375 0.267361 0.054688
3 0.853819 0.383984 0.267361 0.054688
4 0.500000 0.686719 1.000000 0.495312
3 0.500000 0.247656 1.000000 0.495312
1 0.085417 0.473242 0.145833 0.030078
1 0.924653 0.042383 0.102083 0.057422
0 0.293056 0.070898 0.294444 0.030859
3 0.068056 0.038281 0.136111 0.076563
