4 0.500000 0.447324 1.000000 0.894649
3 0.061111 0.827968 0.097222 0.118311
4 0.926736 0.850543 0.121528 0.073161
4 0.061111 0.036789 0.097222 0.058528
4 0.092361 0.070234 0.184722 0.070234
1 0.092361 0.061455 0.184722 0.052676
0 0.092361 0.096572 0.184722 0.017559
4 0.277083 0.070234 0.184722 0.070234
1 0.277083 0.061455 0.184722 0.052676
0 0.277083 0.096572 0.184722 0.017559
4 0.466667 0.070234 0.194444 0.070234
1 0.466667 0.061455 0.194444 0.052676
0 0.466667 0.096572 0.194444 0.017559
4 0.656250 0.070234 0.184722 0.070234
1 0.092361 0.026338 0.184722 0.052676
0 0.092361 0.061455 0.184722 0.017559
3 0.068056 0.035117 0.136111 0.070234
