3 0.068056 0.038281 0.136111 0.076563
3 0.825000 0.071094 0.116667 0.065625
3 0.941667 0.071094 0.116667 0.065625
7 0.250000 0.032813 0.500000 0.065625
0 0.249653 0.142187 0.070139 0.025781
7 0.750000 0.032813 0.500000 0.065625
0 0.749653 0.142187 0.074306 0.025781
0 0.500000 0.196094 1.000000 0.042188
4 0.500000 0.575781 1.000000 0.717187
3 0.500000 0.358594 1.000000 0.717187
1 0.085417 0.695117 0.145833 0.030078
1 0.924653 0.042383 0.102083 0.057422
1 0.051042 0.026953 0.102083 0.053906
1 0.051042 0.081641 0.102083 0.055469
3 0.924306 0.319922 0.097222 0.054688
