0 0.050000 0.011915 0.100000 0.023829
0 0.100000 0.011915 0.100000 0.023829
0 0.150000 0.011915 0.100000 0.023829
0 0.200000 0.011915 0.100000 0.023829
0 0.250000 0.011915 0.100000 0.023829
0 0.300000 0.011915 0.100000 0.023829
0 0.350000 0.011915 0.100000 0.023829
0 0.400000 0.011915 0.100000 0.023829
0 0.450000 0.011915 0.100000 0.023829
0 0.500694 0.011915 0.100000 0.023829
0 0.550000 0.011915 0.100000 0.023829
0 0.600000 0.011915 0.100000 0.023829
0 0.649306 0.011915 0.100000 0.023829
0 0.700000 0.011915 0.100000 0.023829
0 0.750000 0.011915 0.100000 0.023829
0 0.800000 0.011915 0.100000 0.023829
0 0.850000 0.011915 0.100000 0.023829
0 0.900000 0.011915 0.100000 0.023829
0 0.950000 0.011915 0.100000 0.023829
2 0.033681 0.269022 0.043750 0.026338
0 0.115278 0.269231 0.100000 0.027592
2 0.308681 0.269022 0.043750 0.026338
0 0.360069 0.269231 0.039583 0.027592
0 0.426042 0.263378 0.072917 0.015886
2 0.535069 0.269022 0.043750 0.026338
0 0.610417 0.269231 0.087500 0.027592
0 0.700347 0.263378 0.072917 0.015886
2 0.808681 0.269022 0.043750 0.026338
0 0.860069 0.269231 0.039583 0.027592
0 0.926042 0.263378 0.072917 0.015886
1 0.500000 0.016722 0.990278 0.027592
0 0.133333 0.016722 0.247222 0.027592
0 0.252083 0.016722 0.247222 0.027592
0 0.500694 0.016722 0.247222 0.027592
0 0.747222 0.016722 0.247222 0.027592
0 0.866667 0.016722 0.247222 0.027592
4 0.956250 0.963211 0.077778 0.046823
3 0.458681 0.963420 0.917361 0.073161
3 0.050000 0.030100 0.077778 0.046823
3 0.138889 0.030100 0.077778 0.046823
3 0.227778 0.030100 0.077778 0.046823
3 0.950000 0.030100 0.077778 0.046823
4 0.953472 0.316890 0.068056 0.040970
2 0.024306 0.819398 0.029167 0.017559
0 0.144792 0.819398 0.192361 0.027592
1 0.500000 0.726589 0.777778 0.070234
0 0.499653 0.709239 0.115972 0.035535
3 0.137847 0.035117 0.275694 0.070234
2 0.019444 0.070234 0.038889 0.023411
1 0.068750 0.070234 0.077778 0.046823
0 0.186806 0.070025 0.138889 0.035535
3 0.795833 0.070234 0.136111 0.070234
3 0.931944 0.070234 0.136111 0.070234
