8 0.500000 0.281250 0.980556 0.551562
1 0.490278 0.275781 0.980556 0.551562
1 0.029167 0.034766 0.058333 0.032813
5 0.303472 0.726953 0.237500 0.069531
1 0.922222 0.032813 0.116667 0.065625
3 0.500000 0.892188 1.000000 0.084375
4 0.500000 0.069336 1.000000 0.138672
3 0.068056 0.085547 0.116667 0.065625
0 0.475694 0.072852 0.601389 0.036328
0 0.475694 0.103906 0.601389 0.025781
3 0.883333 0.085547 0.213889 0.065625
4 0.500000 0.171484 1.000000 0.065625
1 0.067708 0.032617 0.115972 0.024609
0 0.280556 0.171484 0.211111 0.025781
1 0.247222 0.016406 0.058333 0.032813
0 0.473264 0.220703 0.547917 0.024219
