4 0.165972 0.140468 0.331944 0.070234
1 0.165972 0.140468 0.058333 0.035117
4 0.499653 0.140468 0.332639 0.070234
1 0.499653 0.140468 0.063194 0.030100
4 0.833681 0.140468 0.332639 0.070234
1 0.833333 0.140468 0.058333 0.035117
8 0.500000 0.587793 1.000000 0.824415
4 0.500000 0.587793 1.000000 0.824415
3 0.500000 0.412207 1.000000 0.824415
1 0.104861 0.727634 0.145833 0.032191
4 0.070486 0.957567 0.102083 0.061455
3 0.878819 0.957567 0.203472 0.061455
4 0.500000 0.785117 1.000000 0.429766
8 0.500000 0.154473 1.000000 0.308946
1 0.500000 0.669314 0.975000 0.183110
4 0.902431 0.628972 0.170139 0.102425
1 0.084722 0.051003 0.097222 0.058528
1 0.093403 0.782400 0.113194 0.031355
0 0.281250 0.783654 0.233333 0.033863
0 0.523264 0.783654 0.225694 0.027174
0 0.500000 0.818771 0.926389 0.027174
0 0.496181 0.850543 0.918750 0.027174
8 0.500000 0.463420 1.000000 0.308946
1 0.500000 0.943353 0.975000 0.113294
4 0.902431 0.937918 0.170139 0.102425
4 0.363889 0.070234 0.727778 0.070234
1 0.048611 0.035117 0.097222 0.070234
0 0.296875 0.070234 0.360417 0.070234
3 0.795833 0.070234 0.136111 0.070234
3 0.204167 0.035117 0.136111 0.070234
