3 0.902778 0.186184 0.194444 0.103436
3 0.500000 0.831917 0.194444 0.103436
3 0.902778 0.831917 0.194444 0.103436
4 0.097222 0.831917 0.194444 0.103436
8 0.500000 0.493535 1.000000 0.780199
0 0.227083 0.121167 0.415278 0.028075
0 0.500347 0.121167 0.111806 0.024381
0 0.862153 0.119320 0.236806 0.024381
3 0.354167 0.831917 0.097222 0.051718
0 0.353819 0.831917 0.054861 0.051718
3 0.645833 0.831917 0.097222 0.051718
0 0.645833 0.831917 0.033333 0.051718
4 0.100000 0.067233 0.200000 0.072405
4 0.300000 0.036202 0.200000 0.072405
4 0.500000 0.036202 0.200000 0.072405
4 0.700000 0.036202 0.200000 0.072405
4 0.900000 0.036202 0.200000 0.072405
