4 0.500000 0.558528 1.000000 0.882943
3 0.500000 0.441472 1.000000 0.882943
1 0.085417 0.859323 0.145833 0.032191
4 0.500000 0.689799 1.000000 0.620401
4 0.500000 0.390677 1.000000 0.022157
2 0.039583 0.390677 0.030556 0.008779
4 0.500000 0.458194 1.000000 0.112876
1 0.073958 0.457985 0.072917 0.043896
1 0.074306 0.458194 0.090278 0.054348
1 0.154861 0.458194 0.012500 0.112876
0 0.357292 0.424331 0.347917 0.030100
0 0.239931 0.449206 0.113194 0.019649
2 0.346528 0.449206 0.031944 0.019649
0 0.425694 0.449206 0.111111 0.019649
0 0.381250 0.470109 0.395833 0.022157
0 0.375000 0.492266 0.383333 0.022157
3 0.500000 0.548495 1.000000 0.064381
3 0.500000 0.614548 1.000000 0.064381
4 0.500000 0.649247 1.000000 0.001672
8 0.500000 0.649247 1.000000 0.001672
3 0.500000 0.680602 1.000000 0.064381
0 0.500000 0.746028 1.000000 0.063127
0 0.144097 0.809156 0.288194 0.063127
0 0.861111 0.809156 0.277778 0.063127
3 0.499653 0.946279 0.831250 0.072324
0 0.500000 0.875418 1.000000 0.045987
3 0.122569 0.076087 0.167361 0.071906
0 0.519097 0.075878 0.313194 0.033863
1 0.940278 0.075669 0.119444 0.071070
