4 0.500000 0.483594 1.000000 0.901563
4 0.500000 0.407031 1.000000 0.814063
3 0.500000 0.407031 1.000000 0.814063
1 0.085417 0.791992 0.145833 0.030078
1 0.924653 0.120508 0.102083 0.057422
1 0.049306 0.028711 0.098611 0.057422
1 0.147917 0.028711 0.098611 0.057422
5 0.197569 0.175000 0.239583 0.043750
0 0.176389 0.175000 0.197222 0.025781
0 0.296181 0.175000 0.042361 0.025781
3 0.450000 0.175000 0.187500 0.025781
1 0.078472 0.076563 0.077778 0.043750
4 0.519444 0.076563 0.726389 0.065625
3 0.315625 0.067578 0.318750 0.047656
6 0.707986 0.076563 0.349306 0.043750
0 0.535417 0.076563 0.004167 0.043750
1 0.576389 0.076563 0.077778 0.043750
0 0.745833 0.076563 0.261111 0.043750
1 0.931250 0.076563 0.058333 0.032813
