4 0.500000 0.292187 1.000000 0.518750
3 0.500000 0.259375 1.000000 0.518750
1 0.085417 0.496680 0.145833 0.030078
0 0.500000 0.591602 0.922222 0.036328
8 0.500000 0.100000 1.000000 0.178125
0 0.053125 0.681055 0.028472 0.033203
0 0.265972 0.679297 0.183333 0.029687
0 0.326042 0.707031 0.303472 0.025781
0 0.296875 0.732812 0.245139 0.025781
0 0.296528 0.758594 0.244444 0.025781
0 0.385417 0.784375 0.422222 0.025781
4 0.500000 0.731641 1.000000 0.178125
8 0.500000 0.278125 1.000000 0.178125
0 0.052431 0.859180 0.027083 0.033203
0 0.264583 0.857422 0.183333 0.029687
0 0.325000 0.885156 0.304167 0.025781
0 0.295486 0.910937 0.245139 0.025781
0 0.411111 0.929102 0.476389 0.010547
4 0.500000 0.877539 1.000000 0.113672
3 0.068056 0.038281 0.136111 0.076563
5 0.546875 0.082031 0.704861 0.076563
4 0.893056 0.551562 0.136111 0.076563
