1 0.072917 0.081104 0.068056 0.091973
3 0.500000 0.081104 0.727778 0.091973
1 0.034028 0.046196 0.068056 0.092391
0 0.538889 0.081104 0.650000 0.091973
1 0.927083 0.081104 0.068056 0.091973
0 0.514583 0.168060 0.951389 0.031773
0 0.446528 0.216555 0.815278 0.053512
3 0.861111 0.278428 0.200000 0.046823
3 0.660764 0.278428 0.122917 0.046823
4 0.931944 0.169732 0.097222 0.058528
1 0.931944 0.169732 0.097222 0.058528
4 0.058333 0.964883 0.116667 0.070234
4 0.068056 0.029264 0.097222 0.058528
1 0.068056 0.959030 0.097222 0.058528
1 0.500000 0.888796 0.097222 0.058528
4 0.500000 0.959030 0.311111 0.058528
1 0.422222 0.959030 0.077778 0.029264
0 0.536458 0.959030 0.140972 0.035953
4 0.941667 0.964883 0.116667 0.070234
1 0.931944 0.959030 0.097222 0.058528
