4 0.500000 0.450781 1.000000 0.901563
3 0.500000 0.450781 1.000000 0.901563
1 0.085417 0.879492 0.145833 0.030078
3 0.072917 0.101562 0.097222 0.054688
4 0.071181 0.063867 0.142361 0.058984
4 0.213542 0.063867 0.142361 0.058984
4 0.356250 0.063867 0.143056 0.058984
4 0.499306 0.063867 0.143056 0.058984
4 0.642361 0.029492 0.143056 0.058984
4 0.785417 0.063867 0.143056 0.058984
4 0.928472 0.063867 0.143056 0.058984
0 0.123611 0.881445 0.188889 0.062109
4 0.727778 0.876953 0.136111 0.065625
4 0.883333 0.871484 0.175000 0.098437
