8 0.072917 0.042433 0.145833 0.084866
4 0.072917 0.147993 0.116667 0.070234
8 0.218750 0.042433 0.145833 0.084866
4 0.218750 0.147993 0.116667 0.070234
8 0.364583 0.042433 0.145833 0.084866
4 0.364583 0.147993 0.116667 0.070234
8 0.510417 0.042433 0.145833 0.084866
4 0.510417 0.147993 0.116667 0.070234
8 0.656250 0.042433 0.145833 0.084866
4 0.656250 0.147993 0.116667 0.070234
8 0.802083 0.042433 0.145833 0.084866
4 0.802083 0.147993 0.116667 0.070234
8 0.937500 0.042433 0.125000 0.084866
4 0.944792 0.147993 0.110417 0.070234
4 0.500000 0.595109 1.000000 0.809783
3 0.500000 0.404891 1.000000 0.809783
1 0.085417 0.786162 0.145833 0.032191
3 0.232986 0.035117 0.465972 0.070234
2 0.019444 0.070234 0.038889 0.023411
1 0.068750 0.070234 0.077778 0.046823
0 0.281944 0.070025 0.329167 0.035535
3 0.795833 0.070234 0.136111 0.070234
3 0.204167 0.035117 0.136111 0.070234
