4 0.097222 0.062891 0.194444 0.060156
4 0.902778 0.062891 0.194444 0.060156
8 0.500000 0.372266 1.000000 0.744531
4 0.500000 0.157227 1.000000 0.314453
3 0.500000 0.157227 1.000000 0.314453
1 0.085417 0.292383 0.145833 0.030078
1 0.085764 0.116211 0.132639 0.024609
1 0.058333 0.161328 0.077778 0.043750
4 0.500000 0.398438 0.954167 0.159375
4 0.261458 0.784180 0.477083 0.106641
4 0.738542 0.784180 0.477083 0.106641
2 0.428819 0.850586 0.025694 0.014453
2 0.464236 0.850586 0.025694 0.014453
2 0.499653 0.850586 0.025694 0.014453
2 0.535069 0.850586 0.025694 0.014453
2 0.570486 0.850586 0.025694 0.014453
3 0.500000 0.894922 0.954167 0.054688
