0 0.226736 0.070898 0.161806 0.036328
4 0.068056 0.038281 0.136111 0.076563
5 0.500000 0.140234 1.000000 0.061719
4 0.500000 0.307812 1.000000 0.273438
3 0.500000 0.136719 1.000000 0.273438
1 0.085417 0.251367 0.145833 0.030078
0 0.500000 0.527734 0.877778 0.042188
0 0.500000 0.570703 0.877778 0.029687
0 0.307639 0.607422 0.493056 0.029687
0 0.746528 0.607422 0.384722 0.029687
0 0.307639 0.644141 0.493056 0.029687
0 0.746528 0.644141 0.384722 0.029687
0 0.500000 0.680859 0.877778 0.029687
3 0.512153 0.879883 0.950694 0.067578
