0 0.172569 0.070898 0.090972 0.036328
0 0.311806 0.070898 0.162500 0.036328
3 0.063542 0.038281 0.127083 0.076563
3 0.696181 0.071094 0.121528 0.043750
3 0.817708 0.071094 0.121528 0.043750
3 0.939236 0.071094 0.121528 0.043750
7 0.250000 0.032813 0.500000 0.065625
0 0.249653 0.142187 0.074306 0.025781
7 0.750000 0.032813 0.500000 0.065625
0 0.749653 0.142187 0.070139 0.025781
8 0.500000 0.520508 1.000000 0.691016
4 0.500000 0.520508 1.000000 0.691016
3 0.500000 0.345508 1.000000 0.691016
1 0.085417 0.668945 0.145833 0.030078
4 0.893056 0.710156 0.136111 0.076563
4 0.085069 0.799023 0.092361 0.051953
4 0.893056 0.805859 0.136111 0.076563
