4 0.128091 0.482441 0.256182 0.964883
3 0.128091 0.482441 0.256182 0.964883
1 0.024373 0.871028 0.037360 0.032191
0 0.074720 0.904473 0.062267 0.023829
3 0.017435 0.140468 0.024907 0.058528
3 0.238748 0.143395 0.024907 0.064381
3 0.238748 0.204849 0.024907 0.058528
1 0.018769 0.067308 0.031133 0.064381
0 0.056929 0.067308 0.037716 0.064381
1 0.241861 0.067308 0.028643 0.064381
4 0.031756 0.964047 0.063512 0.056856
1 0.031667 0.017559 0.014944 0.035117
0 0.031756 0.045987 0.021171 0.021739
4 0.096157 0.964047 0.065291 0.056856
1 0.032645 0.017559 0.018680 0.035117
0 0.032645 0.045987 0.022950 0.021739
4 0.160114 0.964047 0.062622 0.056856
1 0.031222 0.017559 0.018680 0.035117
0 0.031311 0.045987 0.020281 0.021739
4 0.223804 0.964047 0.064757 0.056856
1 0.223715 0.953177 0.018680 0.035117
0 0.223715 0.981605 0.022238 0.021739
