4 0.388889 0.034180 0.777778 0.068359
3 0.165625 0.831836 0.331250 0.068359
3 0.499653 0.831836 0.331250 0.068359
3 0.834028 0.831836 0.331944 0.068359
4 0.500000 0.452148 1.000000 0.685547
8 0.500000 0.158984 1.000000 0.099219
1 0.145833 0.152148 0.243056 0.085547
0 0.645833 0.145313 0.708333 0.071875
8 0.500000 0.275195 1.000000 0.130078
1 0.145833 0.275195 0.243056 0.102734
0 0.645833 0.275195 0.708333 0.075391
8 0.500000 0.370898 1.000000 0.055078
0 0.500000 0.370898 1.000000 0.055078
8 0.500000 0.465039 1.000000 0.130078
1 0.145833 0.465039 0.243056 0.102734
0 0.645833 0.464844 0.708333 0.103906
8 0.500000 0.596680 1.000000 0.130078
1 0.145833 0.596680 0.243056 0.102734
0 0.645833 0.596680 0.708333 0.075391
8 0.500000 0.728320 1.000000 0.130078
1 0.145833 0.728320 0.243056 0.102734
0 0.645833 0.728320 0.708333 0.075391
4 0.500000 0.487695 1.000000 0.756641
8 0.500000 0.136914 1.000000 0.055078
0 0.500000 0.136914 1.000000 0.055078
8 0.500000 0.231055 1.000000 0.130078
1 0.145833 0.231055 0.243056 0.102734
0 0.645833 0.231055 0.708333 0.075391
8 0.500000 0.362695 1.000000 0.130078
1 0.145833 0.362695 0.243056 0.102734
0 0.645833 0.362695 0.708333 0.075391
8 0.500000 0.494336 1.000000 0.130078
1 0.145833 0.494336 0.243056 0.102734
0 0.645833 0.494336 0.708333 0.075391
8 0.500000 0.625977 1.000000 0.130078
1 0.145833 0.625977 0.243056 0.102734
0 0.645833 0.625977 0.708333 0.075391
8 0.500000 0.757617 1.000000 0.130078
1 0.145833 0.757617 0.243056 0.102734
0 0.645833 0.757617 0.708333 0.075391
8 0.500000 0.845117 1.000000 0.041797
1 0.145833 0.851953 0.243056 0.028125
0 0.645833 0.858789 0.708333 0.014453
4 0.500000 0.378320 1.000000 0.756641
3 0.500000 0.378320 1.000000 0.756641
1 0.085417 0.734570 0.145833 0.030078
1 0.499653 0.127539 0.686806 0.036328
1 0.854167 0.838672 0.097222 0.054688
1 0.951389 0.838672 0.097222 0.054688
3 0.068056 0.038281 0.136111 0.076563
4 0.568056 0.070898 0.863889 0.048047
1 0.896181 0.070898 0.134028 0.048047
1 0.775694 0.070312 0.058333 0.032813
1 0.588194 0.070312 0.058333 0.032813
0 0.669792 0.066797 0.079861 0.039844
1 0.261806 0.077539 0.352778 0.089453
