3 0.250000 0.030273 0.500000 0.060547
3 0.750000 0.030273 0.500000 0.060547
8 0.500000 0.382227 1.000000 0.764453
3 0.671875 0.206836 0.607639 0.046484
0 0.063542 0.206250 0.078472 0.025781
3 0.671875 0.267383 0.607639 0.046484
0 0.042708 0.266797 0.036806 0.025781
4 0.326389 0.237109 0.083333 0.046875
4 0.500000 0.620703 1.000000 0.627344
3 0.500000 0.313672 1.000000 0.627344
1 0.085417 0.605273 0.145833 0.030078
0 0.193750 0.058789 0.095833 0.036328
3 0.068056 0.038281 0.136111 0.076563
0 0.184722 0.089063 0.077778 0.024219
3 0.941667 0.071094 0.116667 0.065625
