4 0.500000 0.483594 1.000000 0.901563
3 0.500000 0.450781 1.000000 0.901563
1 0.085417 0.875586 0.145833 0.030078
1 0.924653 0.097070 0.102083 0.057422
1 0.051042 0.026953 0.102083 0.053906
1 0.051042 0.081641 0.102083 0.055469
0 0.500000 0.060156 1.000000 0.054688
1 0.038889 0.060156 0.077778 0.054688
4 0.085069 0.763477 0.121528 0.068359
1 0.089931 0.689648 0.121528 0.068359
1 0.089931 0.610352 0.121528 0.068359
4 0.500000 0.742969 0.243056 0.136719
1 0.266667 0.879687 0.116667 0.065625
1 0.383333 0.879687 0.116667 0.065625
1 0.500000 0.879687 0.116667 0.065625
1 0.616667 0.879687 0.116667 0.065625
1 0.733333 0.879687 0.116667 0.065625
