0 0.947917 0.390039 0.088889 0.033203
3 0.948264 0.435742 0.103472 0.058203
0 0.947917 0.481445 0.034722 0.033203
3 0.948264 0.527148 0.103472 0.058203
0 0.040278 0.839063 0.080556 0.020313
0 0.297222 0.923047 0.069444 0.020313
0 0.165972 0.052148 0.331944 0.104297
4 0.293056 0.850781 0.077778 0.043750
0 0.423958 0.839063 0.179861 0.020313
0 0.650694 0.923047 0.030556 0.020313
4 0.627083 0.850781 0.077778 0.043750
0 0.771528 0.839063 0.206944 0.020313
0 0.965278 0.923047 0.069444 0.020313
4 0.961111 0.850781 0.077778 0.043750
3 0.059375 0.483398 0.103472 0.058203
3 0.068056 0.038281 0.136111 0.076563
3 0.202083 0.075391 0.116667 0.065625
3 0.318750 0.075391 0.116667 0.065625
3 0.435417 0.075391 0.116667 0.065625
3 0.552083 0.075391 0.116667 0.065625
3 0.668750 0.075391 0.116667 0.065625
3 0.631944 0.038281 0.097222 0.065625
