0 0.248264 0.058008 0.146528 0.033203
3 0.068056 0.038281 0.136111 0.076563
3 0.844444 0.071094 0.116667 0.065625
3 0.165278 0.038281 0.097222 0.065625
0 0.262153 0.087500 0.174306 0.025781
4 0.500000 0.483594 1.000000 0.748437
3 0.500000 0.374219 1.000000 0.748437
1 0.085417 0.259180 0.145833 0.030078
1 0.924653 0.042383 0.102083 0.057422
4 0.500000 0.624219 1.000000 0.467187
0 0.529167 0.440039 0.941667 0.033203
1 0.087500 0.529297 0.058333 0.032813
0 0.859722 0.529297 0.105556 0.025781
3 0.490972 0.529492 0.631944 0.058203
1 0.087500 0.654687 0.058333 0.032813
0 0.868056 0.654687 0.088889 0.025781
0 0.499306 0.654687 0.648611 0.060156
1 0.087500 0.767188 0.058333 0.032813
1 0.883333 0.767188 0.058333 0.032813
3 0.514583 0.767188 0.679167 0.029687
8 0.230556 0.128320 0.461111 0.256641
1 0.269097 0.845117 0.218750 0.025391
1 0.434722 0.839648 0.116667 0.036328
4 0.125347 0.896094 0.209028 0.076563
1 0.125000 0.896094 0.058333 0.032813
4 0.334375 0.896094 0.209028 0.076563
1 0.334028 0.896094 0.058333 0.032813
4 0.543403 0.896094 0.209028 0.076563
1 0.543056 0.896094 0.058333 0.032813
4 0.813194 0.896094 0.330556 0.076563
1 0.813194 0.882422 0.058333 0.032813
0 0.813194 0.911719 0.330556 0.025781
