3 0.107639 0.027344 0.215278 0.054688
0 0.329167 0.059961 0.208333 0.033203
3 0.844444 0.060156 0.116667 0.054688
3 0.165278 0.027344 0.097222 0.054688
0 0.880208 0.115234 0.190972 0.055469
0 0.386111 0.102344 0.723611 0.029687
0 0.386111 0.128125 0.723611 0.029687
4 0.500000 0.034180 1.000000 0.068359
3 0.166319 0.255859 0.332639 0.050781
3 0.499653 0.255859 0.332639 0.050781
0 0.833333 0.255859 0.333333 0.050781
4 0.500000 0.310742 1.000000 0.058984
6 0.922917 0.310742 0.115278 0.037109
0 0.442361 0.310547 0.845833 0.025781
4 0.500000 0.637305 1.000000 0.594141
3 0.500000 0.297070 1.000000 0.594141
1 0.085417 0.572070 0.145833 0.030078
