3 0.500000 0.418060 1.000000 0.836120
1 0.085417 0.812500 0.145833 0.032191
3 0.500000 0.937709 0.902778 0.054348
1 0.499653 0.139005 0.247917 0.067308
1 0.130208 0.134615 0.003472 0.058528
0 0.253472 0.141931 0.243056 0.073161
1 0.376736 0.134615 0.003472 0.058528
0 0.500000 0.141931 0.243056 0.073161
1 0.623264 0.134615 0.003472 0.058528
0 0.746528 0.141931 0.243056 0.073161
1 0.869792 0.134615 0.003472 0.058528
0 0.935764 0.141931 0.128472 0.073161
3 0.157986 0.035117 0.275694 0.070234
1 0.157986 0.070234 0.256250 0.022575
3 0.523611 0.070234 0.136111 0.070234
3 0.659722 0.070234 0.136111 0.070234
3 0.795833 0.070234 0.136111 0.070234
3 0.931944 0.070234 0.136111 0.070234
