4 0.165972 0.140468 0.331944 0.070234
1 0.165972 0.140468 0.058333 0.035117
4 0.499653 0.140468 0.332639 0.070234
1 0.499653 0.140468 0.063194 0.030100
4 0.833681 0.140468 0.332639 0.070234
1 0.833333 0.140468 0.058333 0.035117
8 0.500000 0.587793 1.000000 0.824415
4 0.500000 0.587793 1.000000 0.824415
3 0.500000 0.412207 1.000000 0.824415
1 0.104861 0.727634 0.145833 0.032191
4 0.070486 0.957567 0.102083 0.061455
3 0.878819 0.957567 0.203472 0.061455
4 0.500000 0.785117 1.000000 0.429766
8 0.500000 0.128763 1.000000 0.257525
1 0.500000 0.639841 0.975000 0.139214
4 0.902431 0.599498 0.170139 0.058528
1 0.084722 0.051003 0.097222 0.058528
0 0.100347 0.732232 0.127083 0.033863
0 0.227431 0.732232 0.102083 0.027174
0 0.500000 0.767349 0.926389 0.027174
0 0.496181 0.799122 0.918750 0.027174
8 0.500000 0.411998 1.000000 0.308946
1 0.500000 0.917642 0.975000 0.164716
4 0.902431 0.886497 0.170139 0.102425
4 0.363889 0.070234 0.727778 0.070234
1 0.048611 0.035117 0.097222 0.070234
0 0.296875 0.070234 0.360417 0.070234
3 0.795833 0.070234 0.136111 0.070234
3 0.204167 0.035117 0.136111 0.070234
