4 0.500000 0.275000 1.000000 0.550000
3 0.500000 0.275000 1.000000 0.550000
1 0.085417 0.527930 0.145833 0.030078
1 0.924653 0.108008 0.102083 0.057422
1 0.500000 0.417187 0.097222 0.054688
5 0.500000 0.142187 1.000000 0.065625
1 0.058333 0.142187 0.116667 0.065625
0 0.331944 0.712695 0.625000 0.095703
0 0.260764 0.787891 0.482639 0.032813
0 0.260764 0.820703 0.482639 0.032813
0 0.260764 0.853516 0.482639 0.032813
0 0.741319 0.853516 0.478472 0.032813
0 0.260764 0.886328 0.482639 0.032813
0 0.741319 0.886328 0.478472 0.032813
0 0.365625 0.070898 0.381250 0.036328
3 0.068056 0.038281 0.136111 0.076563
