4 0.500000 0.521875 1.000000 0.825000
8 0.500000 0.133203 1.000000 0.047656
8 0.500000 0.098828 1.000000 0.099219
0 0.178125 0.195312 0.278472 0.029687
0 0.112847 0.223047 0.147917 0.025781
8 0.500000 0.199609 1.000000 0.099219
0 0.210764 0.296094 0.343750 0.029687
0 0.206944 0.323828 0.336111 0.025781
8 0.500000 0.300391 1.000000 0.099219
0 0.185417 0.396875 0.293056 0.029687
0 0.100694 0.424609 0.123611 0.025781
8 0.500000 0.401172 1.000000 0.099219
0 0.192361 0.497656 0.306944 0.029687
0 0.100694 0.525391 0.123611 0.025781
8 0.500000 0.501953 1.000000 0.099219
0 0.246528 0.598437 0.415278 0.029687
0 0.100694 0.626172 0.123611 0.025781
8 0.500000 0.602734 1.000000 0.099219
0 0.267014 0.699219 0.456250 0.029687
0 0.208333 0.726953 0.338889 0.025781
8 0.500000 0.787109 1.000000 0.047656
8 0.500000 0.739844 1.000000 0.073438
0 0.286458 0.849219 0.495139 0.029687
6 0.922222 0.849219 0.077778 0.043750
8 0.500000 0.814844 1.000000 0.073438
0 0.383681 0.921875 0.689583 0.025000
6 0.922222 0.918359 0.077778 0.032031
2 0.136458 0.038086 0.000694 0.000391
3 0.068056 0.038281 0.136111 0.076563
0 0.236458 0.070898 0.179861 0.036328
