1 0.030556 0.071697 0.061111 0.061455
1 0.121875 0.071697 0.121528 0.073161
0 0.556250 0.071697 0.706944 0.033863
1 0.948611 0.071697 0.077778 0.073161
8 0.500000 0.045778 1.000000 0.091555
0 0.450000 0.154055 0.900000 0.068144
3 0.950000 0.154055 0.100000 0.068144
8 0.500000 0.462375 1.000000 0.741639
0 0.125000 0.212793 0.250000 0.025920
0 0.375000 0.212793 0.250000 0.025920
3 0.625000 0.212793 0.250000 0.025920
3 0.875000 0.212793 0.250000 0.025920
8 0.500000 0.357860 1.000000 0.715719
1 0.500000 0.357860 1.000000 0.715719
1 0.778125 0.531355 0.171528 0.023411
1 0.715278 0.531355 0.137500 0.055184
1 0.710764 0.442308 0.171528 0.023411
1 0.647917 0.442308 0.137500 0.055184
1 0.617708 0.484950 0.171528 0.023411
1 0.554861 0.484950 0.137500 0.055184
1 0.510069 0.453177 0.171528 0.023411
1 0.447222 0.453177 0.137500 0.055184
1 0.262153 0.445652 0.171528 0.023411
1 0.199306 0.445652 0.137500 0.055184
1 0.162847 0.438545 0.171528 0.023411
1 0.100000 0.438545 0.137500 0.055184
1 0.828819 0.380017 0.171528 0.023411
1 0.765972 0.380017 0.137500 0.055184
1 0.613542 0.381689 0.171528 0.023411
1 0.550694 0.381689 0.137500 0.055184
1 0.376736 0.369565 0.171528 0.023411
1 0.313889 0.369565 0.137500 0.055184
1 0.094792 0.393813 0.171528 0.023411
1 0.050347 0.393813 0.100694 0.055184
1 0.920139 0.335702 0.159722 0.023411
1 0.863194 0.335702 0.137500 0.055184
1 0.657292 0.342391 0.171528 0.023411
1 0.594444 0.342391 0.137500 0.055184
1 0.265625 0.356605 0.171528 0.023411
1 0.202778 0.356605 0.137500 0.055184
1 0.567014 0.300585 0.171528 0.023411
1 0.504167 0.300585 0.137500 0.055184
1 0.096181 0.263796 0.171528 0.023411
1 0.051042 0.263796 0.102083 0.055184
1 0.353819 0.464465 0.171528 0.023411
1 0.290972 0.464465 0.137500 0.055184
1 0.445486 0.275502 0.171528 0.023411
1 0.382639 0.275502 0.137500 0.055184
3 0.250000 0.970736 0.475000 0.043478
3 0.749653 0.970736 0.475694 0.043478
