4 0.500000 0.483594 1.000000 0.901563
3 0.500000 0.450781 1.000000 0.901563
1 0.085417 0.811133 0.145833 0.030078
1 0.499653 0.876953 0.354861 0.098437
3 0.893056 0.718359 0.097222 0.054688
3 0.893056 0.805859 0.136111 0.076563
4 0.500000 0.082031 0.961111 0.076563
3 0.784028 0.082031 0.159722 0.058594
2 0.856250 0.059180 0.015278 0.012891
3 0.922222 0.082031 0.116667 0.065625
3 0.068056 0.038281 0.136111 0.076563
0 0.298958 0.081836 0.267361 0.027734
4 0.500000 0.900195 1.000000 0.068359
0 0.897917 0.900000 0.155556 0.025781
0 0.285417 0.900000 0.522222 0.025781
