4 0.500000 0.576505 1.000000 0.846990
3 0.500000 0.423495 1.000000 0.846990
1 0.085417 0.531564 0.145833 0.032191
1 0.924653 0.045360 0.102083 0.061455
4 0.500000 0.812082 0.951389 0.207776
1 0.170139 0.102425 0.340278 0.204849
1 0.194444 0.810619 0.340278 0.204849
0 0.676042 0.735159 0.574306 0.028846
0 0.675347 0.789298 0.575694 0.021739
1 0.675347 0.836957 0.575694 0.001672
0 0.421875 0.856187 0.063194 0.020903
0 0.479861 0.884824 0.181944 0.033027
1 0.867361 0.885452 0.084722 0.045151
3 0.068056 0.040970 0.136111 0.081940
5 0.548611 0.040970 0.825000 0.058528
1 0.197917 0.076087 0.048611 0.029264
5 0.487847 0.076087 0.506250 0.058528
