4 0.500000 0.500000 1.000000 1.000000
3 0.500000 0.500000 1.000000 1.000000
1 0.085417 0.883570 0.145833 0.032191
3 0.500694 0.349498 0.883333 0.382943
0 0.571181 0.185201 0.722917 0.030100
4 0.205208 0.500000 0.292361 0.081940
4 0.500347 0.500000 0.292361 0.081940
4 0.795833 0.500000 0.293056 0.081940
4 0.893056 0.644649 0.136111 0.081940
8 0.500000 0.533654 1.000000 0.067308
0 0.441667 0.849289 0.883333 0.033863
4 0.941667 0.849498 0.116667 0.064381
8 0.500000 0.940844 0.922222 0.118311
0 0.507292 0.908863 0.635417 0.030100
4 0.897917 0.922659 0.126389 0.081940
4 0.893056 0.750000 0.136111 0.081940
