3 0.085417 0.066992 0.145833 0.041016
0 0.500000 0.066992 0.683333 0.036328
0 0.061111 0.136719 0.097222 0.039844
1 0.146528 0.137109 0.048611 0.021875
0 0.231944 0.136719 0.097222 0.039844
4 0.097917 0.894531 0.195833 0.079687
1 0.097917 0.882031 0.097222 0.054688
0 0.097917 0.920508 0.131944 0.022266
4 0.303472 0.894531 0.215278 0.079687
1 0.303472 0.882031 0.097222 0.054688
0 0.303472 0.920508 0.058333 0.022266
4 0.509028 0.894531 0.195833 0.079687
1 0.509028 0.882031 0.097222 0.054688
0 0.508681 0.920508 0.129861 0.022266
4 0.705208 0.894531 0.196528 0.079687
1 0.704861 0.882031 0.097222 0.054688
1 0.740972 0.871875 0.061111 0.034375
0 0.740625 0.871875 0.021528 0.029687
0 0.704861 0.920508 0.084722 0.022266
4 0.901389 0.894531 0.195833 0.079687
1 0.901389 0.882031 0.097222 0.054688
0 0.901042 0.920508 0.099306 0.022266
