4 0.165972 0.140468 0.331944 0.070234
1 0.165972 0.140468 0.058333 0.035117
4 0.499653 0.140468 0.332639 0.070234
1 0.499653 0.140468 0.063194 0.030100
4 0.833681 0.140468 0.332639 0.070234
1 0.833333 0.140468 0.058333 0.035117
8 0.500000 0.587793 1.000000 0.824415
4 0.500000 0.587793 1.000000 0.824415
3 0.500000 0.412207 1.000000 0.824415
1 0.104861 0.727634 0.145833 0.032191
6 0.078819 0.218018 0.118750 0.061455
6 0.278819 0.218018 0.281250 0.061455
4 0.070486 0.957567 0.102083 0.061455
3 0.883681 0.957567 0.193750 0.061455
4 0.363889 0.070234 0.727778 0.070234
1 0.048611 0.035117 0.097222 0.070234
0 0.291667 0.070234 0.350000 0.070234
3 0.795833 0.070234 0.136111 0.070234
3 0.204167 0.035117 0.136111 0.070234
