0 0.274653 0.042367 0.199306 0.021709
3 0.068056 0.022876 0.136111 0.045752
7 0.149653 0.019608 0.299306 0.039216
0 0.149653 0.019491 0.240972 0.013305
7 0.438889 0.019608 0.279167 0.039216
0 0.139583 0.019491 0.220833 0.013305
7 0.744097 0.019608 0.331250 0.039216
0 0.165625 0.019491 0.272917 0.013305
8 0.500000 0.226891 1.000000 0.453782
4 0.500000 0.227124 1.000000 0.245098
8 0.500000 0.369398 1.000000 0.039449
4 0.500000 0.414683 1.000000 0.051120
8 0.076042 0.414683 0.152083 0.051120
8 0.378819 0.405812 0.453472 0.017507
8 0.405903 0.423319 0.507639 0.017507
4 0.500000 0.466620 1.000000 0.052754
8 0.072222 0.466620 0.144444 0.052754
8 0.294444 0.450163 0.300000 0.017507
8 0.408333 0.475373 0.527778 0.032913
8 0.500000 0.512722 1.000000 0.039449
8 0.500000 0.055322 1.000000 0.031746
8 0.394097 0.545401 0.788194 0.025910
8 0.894097 0.545401 0.211806 0.025910
