4 0.500000 0.486914 0.975000 0.741016
4 0.919444 0.830078 0.097222 0.054688
4 0.500000 0.034180 1.000000 0.068359
4 0.291667 0.521875 0.583333 0.825000
8 0.291667 0.035547 0.583333 0.071094
1 0.058333 0.144922 0.077778 0.043750
0 0.350000 0.144727 0.466667 0.033203
8 0.291667 0.107031 0.583333 0.071094
1 0.058333 0.216406 0.077778 0.043750
0 0.350000 0.216211 0.466667 0.033203
8 0.291667 0.178516 0.583333 0.071094
1 0.058333 0.287891 0.077778 0.043750
0 0.350000 0.287695 0.466667 0.033203
8 0.291667 0.250000 0.583333 0.071094
1 0.058333 0.359375 0.077778 0.043750
0 0.350000 0.359180 0.466667 0.033203
8 0.291667 0.321484 0.583333 0.071094
1 0.058333 0.430859 0.077778 0.043750
0 0.350000 0.430664 0.466667 0.033203
8 0.291667 0.392969 0.583333 0.071094
1 0.058333 0.502344 0.077778 0.043750
0 0.350000 0.502148 0.466667 0.033203
8 0.291667 0.464453 0.583333 0.071094
1 0.058333 0.573828 0.077778 0.043750
0 0.350000 0.573633 0.466667 0.033203
8 0.291667 0.535937 0.583333 0.071094
1 0.058333 0.645312 0.077778 0.043750
0 0.350000 0.645117 0.466667 0.033203
8 0.291667 0.607422 0.583333 0.071094
1 0.058333 0.716797 0.077778 0.043750
0 0.350000 0.716602 0.466667 0.033203
8 0.291667 0.678906 0.583333 0.071094
1 0.058333 0.788281 0.077778 0.043750
0 0.350000 0.788086 0.466667 0.033203
8 0.291667 0.750391 0.583333 0.071094
1 0.058333 0.859766 0.077778 0.043750
0 0.350000 0.859570 0.466667 0.033203
8 0.291667 0.821875 0.583333 0.071094
1 0.058333 0.921875 0.077778 0.025000
0 0.350000 0.924414 0.466667 0.019922
0 0.297917 0.070898 0.245833 0.036328
3 0.068056 0.038281 0.136111 0.076563
3 0.825000 0.071094 0.116667 0.065625
3 0.941667 0.071094 0.116667 0.065625
