4 0.364583 0.082149 0.729167 0.094064
1 0.082292 0.082149 0.121528 0.073161
0 0.373958 0.070234 0.418750 0.034281
0 0.373958 0.099289 0.418750 0.023829
1 0.659028 0.082149 0.140278 0.094064
3 0.364583 0.163043 0.729167 0.067726
3 0.364583 0.230769 0.729167 0.067726
3 0.364583 0.298495 0.729167 0.067726
3 0.364583 0.366221 0.729167 0.067726
3 0.364583 0.433946 0.729167 0.067726
3 0.364583 0.501672 0.729167 0.067726
3 0.364583 0.569398 0.729167 0.067726
0 0.657986 0.570652 0.093750 0.040970
3 0.364583 0.637124 0.729167 0.067726
3 0.364583 0.704849 0.729167 0.067726
3 0.364583 0.772575 0.729167 0.067726
3 0.364583 0.840301 0.729167 0.067726
3 0.364583 0.910953 0.729167 0.058528
4 0.864236 0.070234 0.271528 0.070234
4 0.803125 0.070025 0.149306 0.055602
1 0.070833 0.027801 0.116667 0.055602
0 0.843750 0.070025 0.019444 0.055602
0 0.957292 0.070234 0.085417 0.070234
6 0.865625 0.138378 0.268750 0.062709
6 0.863889 0.138378 0.255556 0.056856
6 0.995833 0.138378 0.008333 0.056856
4 0.864236 0.585702 0.271528 0.828595
8 0.864236 0.268604 0.271528 0.194398
1 0.862500 0.252090 0.243056 0.146321
8 0.864236 0.463002 0.271528 0.194398
1 0.862500 0.446488 0.243056 0.146321
8 0.864236 0.657400 0.271528 0.194398
1 0.862500 0.640886 0.243056 0.146321
8 0.864236 0.851798 0.271528 0.194398
1 0.862500 0.835284 0.243056 0.146321
8 0.864236 0.974498 0.271528 0.051003
1 0.862500 0.978261 0.243056 0.043478
