0 0.475000 0.124164 0.950000 0.037625
3 0.475000 0.178094 0.950000 0.070234
3 0.475000 0.250000 0.950000 0.070234
3 0.475000 0.321906 0.950000 0.070234
3 0.475000 0.393813 0.950000 0.070234
0 0.475000 0.449624 0.950000 0.038043
3 0.475000 0.503763 0.950000 0.070234
3 0.475000 0.575669 0.950000 0.070234
3 0.475000 0.647575 0.950000 0.070234
3 0.475000 0.719482 0.950000 0.070234
0 0.864583 0.776338 0.145833 0.025084
0 0.993403 0.155100 0.013194 0.055184
0 0.993403 0.227007 0.013194 0.055184
0 0.993403 0.298913 0.013194 0.055184
0 0.993403 0.370819 0.013194 0.055184
0 0.993403 0.442726 0.013194 0.055184
4 0.048264 0.035117 0.018750 0.070234
