1 0.500000 0.099805 1.000000 0.133984
0 0.525694 0.071094 0.754167 0.076563
3 0.068056 0.038281 0.136111 0.076563
3 0.048611 0.038281 0.097222 0.065625
0 0.500000 0.521875 1.000000 0.081250
8 0.388889 0.071680 0.777778 0.143359
4 0.388889 0.065625 0.777778 0.131250
1 0.388889 0.065625 0.777778 0.131250
1 0.106944 0.082031 0.136111 0.076563
0 0.430208 0.067187 0.432639 0.029687
0 0.430208 0.096875 0.432639 0.029687
1 0.712153 0.105273 0.053472 0.030078
8 0.388889 0.176172 0.777778 0.065625
1 0.106944 0.176172 0.136111 0.065625
0 0.427778 0.176172 0.505556 0.029687
2 0.719444 0.176172 0.038889 0.021875
8 0.388889 0.241797 0.777778 0.065625
1 0.106944 0.241797 0.136111 0.065625
0 0.427778 0.241797 0.505556 0.029687
2 0.719444 0.241797 0.038889 0.021875
8 0.388889 0.286328 0.777778 0.023438
8 0.388889 0.330859 0.777778 0.065625
1 0.106944 0.330859 0.136111 0.065625
0 0.456944 0.330859 0.563889 0.029687
8 0.388889 0.396484 0.777778 0.065625
1 0.106944 0.396484 0.136111 0.065625
0 0.456944 0.396484 0.563889 0.029687
8 0.388889 0.462109 0.777778 0.065625
1 0.106944 0.462109 0.136111 0.065625
0 0.456944 0.462109 0.563889 0.029687
8 0.388889 0.527734 0.777778 0.065625
1 0.106944 0.527734 0.136111 0.065625
0 0.456944 0.527734 0.563889 0.029687
8 0.388889 0.593359 0.777778 0.065625
1 0.106944 0.593359 0.136111 0.065625
0 0.456944 0.593359 0.563889 0.029687
8 0.388889 0.642969 0.777778 0.033594
0 0.388889 0.644922 0.777778 0.029687
