4 0.125000 0.053322 0.250000 0.020479
0 0.124653 0.053322 0.104861 0.008647
4 0.375000 0.053322 0.250000 0.020479
0 0.375000 0.053322 0.063889 0.008647
4 0.625000 0.053322 0.250000 0.020479
0 0.624653 0.053322 0.081250 0.008647
4 0.875000 0.053322 0.250000 0.020479
0 0.875000 0.053322 0.088889 0.008647
8 0.500000 0.213820 1.000000 0.298089
0 0.499653 0.213744 0.297917 0.010012
4 0.340278 0.202670 0.680556 0.320388
8 0.340278 0.015928 0.680556 0.031857
1 0.068056 0.058404 0.136111 0.016990
0 0.217014 0.058404 0.161806 0.011529
8 0.340278 0.047785 0.680556 0.031857
1 0.068056 0.090261 0.136111 0.016990
0 0.215972 0.090261 0.159722 0.011529
8 0.340278 0.079642 0.680556 0.031857
1 0.068056 0.122118 0.136111 0.016990
0 0.297222 0.122118 0.322222 0.011529
8 0.340278 0.111499 0.680556 0.031857
1 0.068056 0.153975 0.136111 0.016990
0 0.275694 0.153975 0.279167 0.011529
8 0.340278 0.143356 0.680556 0.031857
1 0.068056 0.185831 0.136111 0.016990
0 0.362153 0.185831 0.452083 0.011529
8 0.340278 0.175212 0.680556 0.031857
1 0.068056 0.217688 0.136111 0.016990
0 0.333333 0.217688 0.394444 0.011529
8 0.340278 0.207069 0.680556 0.031857
1 0.068056 0.249545 0.136111 0.016990
0 0.322569 0.249545 0.372917 0.011529
8 0.340278 0.238926 0.680556 0.031857
1 0.068056 0.281402 0.136111 0.016990
0 0.236111 0.281402 0.200000 0.011529
3 0.068056 0.014867 0.136111 0.029733
0 0.308333 0.014791 0.325000 0.012288
3 0.048611 0.014867 0.097222 0.025485
