0 0.403819 0.070898 0.457639 0.036328
3 0.068056 0.038281 0.136111 0.076563
3 0.941667 0.071094 0.116667 0.065625
5 0.198264 0.201367 0.299306 0.054297
3 0.459722 0.193750 0.058333 0.065625
3 0.530556 0.193750 0.058333 0.065625
3 0.804167 0.171875 0.126389 0.043750
3 0.804167 0.215625 0.126389 0.043750
5 0.274306 0.318164 0.451389 0.054297
0 0.274306 0.356055 0.451389 0.037109
5 0.725694 0.318164 0.451389 0.054297
0 0.725694 0.356055 0.451389 0.037109
0 0.870139 0.426367 0.143056 0.022266
0 0.365278 0.466016 0.633333 0.025781
0 0.816667 0.466016 0.269444 0.025781
0 0.365278 0.513672 0.633333 0.025781
0 0.816667 0.513672 0.269444 0.025781
0 0.754861 0.576758 0.373611 0.022266
0 0.333333 0.617188 0.569444 0.025781
0 0.333333 0.666016 0.569444 0.025781
0 0.333333 0.714844 0.569444 0.025781
0 0.333333 0.763672 0.569444 0.025781
0 0.333333 0.812891 0.569444 0.025781
4 0.500000 0.034180 1.000000 0.068359
1 0.340278 0.079297 0.680556 0.158594
0 0.340278 0.235156 0.680556 0.065625
4 0.340278 0.267969 0.680556 0.065625
0 0.340278 0.300781 0.602778 0.065625
4 0.340278 0.333594 0.680556 0.065625
0 0.340278 0.366406 0.602778 0.065625
4 0.340278 0.399219 0.680556 0.065625
0 0.340278 0.432031 0.602778 0.065625
0 0.340278 0.510156 0.680556 0.065625
4 0.340278 0.542969 0.680556 0.065625
0 0.340278 0.575781 0.602778 0.065625
4 0.340278 0.608594 0.680556 0.065625
0 0.340278 0.641406 0.602778 0.065625
4 0.340278 0.674219 0.680556 0.065625
0 0.340278 0.707031 0.602778 0.065625
4 0.340278 0.739844 0.680556 0.065625
0 0.340278 0.772656 0.602778 0.065625
0 0.340278 0.850781 0.680556 0.065625
4 0.340278 0.883594 0.680556 0.065625
0 0.340278 0.908984 0.602778 0.050781
