8 0.331944 0.454883 0.663889 0.844141
3 0.331944 0.065430 0.663889 0.033203
4 0.605556 0.065625 0.116667 0.065625
4 0.331944 0.487695 0.663889 0.778516
8 0.331944 0.122461 0.663889 0.048047
2 0.043750 0.122266 0.038889 0.021875
0 0.149653 0.122461 0.124306 0.033203
8 0.331944 0.170898 0.663889 0.048047
2 0.043750 0.170703 0.038889 0.021875
0 0.294792 0.170898 0.414583 0.033203
8 0.331944 0.219336 0.663889 0.048047
2 0.043750 0.219141 0.038889 0.021875
0 0.147569 0.219336 0.120139 0.033203
2 0.607639 0.219141 0.038889 0.021875
8 0.331944 0.267773 0.663889 0.048047
2 0.043750 0.267578 0.038889 0.021875
0 0.187153 0.267773 0.199306 0.033203
2 0.607639 0.267578 0.038889 0.021875
8 0.331944 0.316211 0.663889 0.048047
2 0.043750 0.316016 0.038889 0.021875
0 0.225347 0.316211 0.275694 0.033203
2 0.607639 0.316016 0.038889 0.021875
8 0.331944 0.364648 0.663889 0.048047
2 0.043750 0.364453 0.038889 0.021875
0 0.192361 0.364648 0.209722 0.033203
2 0.607639 0.364453 0.038889 0.021875
8 0.331944 0.413086 0.663889 0.048047
2 0.043750 0.412891 0.038889 0.021875
0 0.170833 0.413086 0.166667 0.033203
8 0.331944 0.461523 0.663889 0.048047
2 0.043750 0.461328 0.038889 0.021875
0 0.256597 0.461523 0.338194 0.033203
8 0.331944 0.509961 0.663889 0.048047
2 0.043750 0.509766 0.038889 0.021875
0 0.248958 0.509961 0.322917 0.033203
4 0.605556 0.905664 0.116667 0.057422
4 0.722222 0.065625 0.116667 0.065625
4 0.839583 0.065625 0.116667 0.065625
4 0.831944 0.529297 0.336111 0.810156
8 0.500000 0.158203 1.000000 0.316406
1 0.831944 0.282422 0.336111 0.316406
0 0.844097 0.418750 0.311806 0.029687
