8 0.500000 0.521875 1.000000 0.825000
4 0.944792 0.147656 0.110417 0.076563
1 0.950694 0.147656 0.083333 0.032813
4 0.846875 0.147656 0.085417 0.076563
1 0.852778 0.147656 0.058333 0.032813
4 0.068403 0.147656 0.136806 0.076563
0 0.074306 0.147656 0.109722 0.022656
4 0.240278 0.147656 0.206944 0.076563
0 0.246181 0.147656 0.179861 0.022656
4 0.420486 0.147656 0.153472 0.076563
0 0.426389 0.147656 0.126389 0.022656
8 0.500000 0.066992 1.000000 0.133984
1 0.119097 0.252930 0.218750 0.123047
1 0.119097 0.252930 0.238194 0.133984
8 0.123958 0.301953 0.209028 0.025000
8 0.890278 0.204297 0.180556 0.025781
8 0.519097 0.204297 0.522917 0.025781
0 0.324653 0.204297 0.134028 0.025781
8 0.628819 0.235547 0.742361 0.036719
8 0.500000 0.200977 1.000000 0.133984
1 0.119097 0.386914 0.218750 0.123047
1 0.119097 0.386914 0.238194 0.133984
8 0.103819 0.435937 0.168750 0.025000
8 0.208333 0.436719 0.040278 0.023438
8 0.203472 0.433984 0.030556 0.017969
8 0.872917 0.338281 0.215278 0.025781
8 0.501736 0.338281 0.488194 0.025781
0 0.379167 0.338281 0.243056 0.025781
8 0.628819 0.400000 0.742361 0.097656
4 0.659722 0.165430 0.680556 0.112109
1 0.471875 0.165430 0.182639 0.102734
0 0.781597 0.165430 0.436806 0.112109
4 0.659722 0.262695 0.680556 0.079297
0 0.703472 0.262695 0.593056 0.079297
4 0.659722 0.343555 0.680556 0.079297
1 0.380208 0.343555 0.121528 0.068359
0 0.551736 0.343555 0.221528 0.079297
1 0.380208 0.424414 0.121528 0.068359
3 0.720486 0.424414 0.559028 0.079297
4 0.659722 0.503711 0.680556 0.079297
1 0.380208 0.503711 0.121528 0.068359
0 0.690278 0.503711 0.498611 0.079297
4 0.659722 0.584570 0.680556 0.079297
1 0.380208 0.584570 0.121528 0.068359
0 0.720486 0.584570 0.559028 0.079297
4 0.659722 0.665430 0.680556 0.079297
1 0.380208 0.665430 0.121528 0.068359
0 0.720486 0.665430 0.559028 0.079297
4 0.659722 0.746289 0.680556 0.079297
1 0.380208 0.746289 0.121528 0.068359
0 0.720486 0.746289 0.559028 0.079297
4 0.659722 0.827148 0.680556 0.079297
1 0.380208 0.827148 0.121528 0.068359
0 0.720486 0.827148 0.559028 0.079297
4 0.123958 0.065625 0.247917 0.065625
1 0.120139 0.065625 0.077778 0.065625
1 0.374653 0.065625 0.247917 0.065625
1 0.625347 0.065625 0.247917 0.065625
4 0.876042 0.065625 0.247917 0.065625
1 0.980556 0.065625 0.038889 0.065625
