8 0.500000 0.412500 1.000000 0.825000
8 0.500000 0.272461 1.000000 0.326172
1 0.500000 0.267578 1.000000 0.316406
0 0.500000 0.322461 0.931944 0.018359
0 0.500000 0.383594 0.931944 0.084375
8 0.500000 0.505273 1.000000 0.139453
1 0.192014 0.504492 0.315972 0.099609
1 0.092361 0.544727 0.116667 0.019141
0 0.640972 0.477148 0.581944 0.044922
8 0.500000 0.644727 1.000000 0.139453
1 0.192014 0.643945 0.315972 0.099609
1 0.092361 0.684180 0.116667 0.019141
0 0.640972 0.627734 0.581944 0.067187
8 0.500000 0.784180 1.000000 0.139453
1 0.192014 0.783398 0.315972 0.099609
1 0.092361 0.823633 0.116667 0.019141
0 0.640972 0.767188 0.581944 0.067187
8 0.500000 0.894141 1.000000 0.080469
1 0.192014 0.903711 0.315972 0.061328
0 0.640972 0.903711 0.581944 0.061328
4 0.388889 0.034180 0.777778 0.068359
1 0.500000 0.044531 1.000000 0.007031
8 0.340278 0.110742 0.680556 0.002734
8 0.340278 0.138281 0.680556 0.052344
8 0.340278 0.190625 0.680556 0.052344
8 0.340278 0.242969 0.680556 0.052344
8 0.340278 0.295312 0.680556 0.052344
8 0.340278 0.347656 0.680556 0.052344
8 0.340278 0.400000 0.680556 0.052344
8 0.340278 0.452344 0.680556 0.052344
8 0.340278 0.504687 0.680556 0.052344
8 0.340278 0.557031 0.680556 0.052344
8 0.340278 0.506641 0.680556 0.065625
0 0.301389 0.616016 0.529167 0.065625
8 0.340278 0.572266 0.680556 0.065625
0 0.301389 0.681641 0.529167 0.065625
8 0.340278 0.637891 0.680556 0.065625
0 0.340278 0.747266 0.606944 0.065625
8 0.340278 0.703516 0.680556 0.065625
0 0.340278 0.812891 0.606944 0.065625
8 0.340278 0.769141 0.680556 0.065625
0 0.301389 0.878516 0.529167 0.065625
8 0.340278 0.834766 0.680556 0.065625
0 0.340278 0.922852 0.606944 0.023047
4 0.500000 0.038281 1.000000 0.076563
1 0.178819 0.038281 0.143750 0.060156
3 0.053472 0.038281 0.106944 0.076563
3 0.868750 0.071094 0.087500 0.065625
3 0.956250 0.071094 0.087500 0.065625
