1 0.087500 0.063672 0.136111 0.054688
3 0.490972 0.063672 0.662500 0.033594
3 0.901389 0.063477 0.158333 0.033984
4 0.100000 0.139648 0.200000 0.089453
6 0.100000 0.127734 0.097222 0.049219
0 0.099653 0.164258 0.078472 0.023828
4 0.300000 0.139648 0.200000 0.089453
6 0.300000 0.127734 0.097222 0.049219
0 0.299653 0.164258 0.156250 0.023828
4 0.500000 0.139648 0.200000 0.089453
6 0.499653 0.139648 0.134028 0.075391
4 0.700000 0.139648 0.200000 0.089453
6 0.700000 0.127734 0.097222 0.049219
0 0.700000 0.164258 0.200000 0.023828
4 0.900000 0.139648 0.200000 0.089453
6 0.900000 0.127734 0.097222 0.049219
0 0.900000 0.164258 0.200000 0.023828
4 0.500000 0.559570 1.000000 0.749609
3 0.500000 0.374805 1.000000 0.749609
1 0.085417 0.659180 0.145833 0.030078
4 0.500000 0.901563 1.000000 0.065625
0 0.205556 0.901563 0.411111 0.030469
0 0.894444 0.901563 0.211111 0.030469
6 0.177778 0.265039 0.158333 0.095703
6 0.338889 0.265039 0.158333 0.095703
6 0.500000 0.265039 0.158333 0.095703
6 0.661111 0.265039 0.158333 0.095703
6 0.822222 0.265039 0.158333 0.095703
4 0.104167 0.811328 0.145833 0.082031
4 0.291667 0.811328 0.145833 0.082031
