8 0.500000 0.200549 1.000000 0.247253
8 0.500000 0.123626 1.000000 0.247253
1 0.500000 0.229396 1.000000 0.247253
2 0.463542 0.334993 0.024306 0.012019
2 0.487847 0.334993 0.024306 0.012019
2 0.512153 0.334993 0.024306 0.012019
2 0.536458 0.334993 0.024306 0.012019
8 0.500000 0.385646 1.000000 0.098901
1 0.097222 0.414492 0.097222 0.048077
2 0.942014 0.414492 0.018750 0.014423
0 0.539236 0.390453 0.689583 0.048077
0 0.539236 0.438530 0.689583 0.048077
8 0.500000 0.572115 1.000000 0.250000
8 0.125000 0.061813 0.250000 0.123626
1 0.125000 0.526099 0.058333 0.028846
0 0.125000 0.558207 0.225000 0.016140
1 0.201389 0.496566 0.058333 0.028846
8 0.375000 0.061813 0.250000 0.123626
1 0.375000 0.526099 0.058333 0.028846
0 0.375000 0.558207 0.225000 0.016140
1 0.451389 0.496566 0.058333 0.028846
8 0.625000 0.061813 0.250000 0.123626
1 0.625000 0.526099 0.058333 0.028846
0 0.625000 0.558207 0.225000 0.016140
1 0.701389 0.496566 0.058333 0.028846
8 0.875000 0.061813 0.250000 0.123626
1 0.875000 0.526099 0.058333 0.028846
0 0.875000 0.558207 0.225000 0.016140
1 0.951389 0.496566 0.058333 0.028846
8 0.125000 0.185440 0.250000 0.123626
1 0.125000 0.642857 0.058333 0.028846
0 0.125000 0.682005 0.225000 0.030220
1 0.201389 0.620192 0.058333 0.028846
8 0.375000 0.185440 0.250000 0.123626
1 0.375000 0.649725 0.058333 0.028846
0 0.375000 0.681834 0.225000 0.016140
1 0.451389 0.620192 0.058333 0.028846
8 0.625000 0.185440 0.250000 0.123626
1 0.625000 0.642857 0.058333 0.028846
0 0.625000 0.682005 0.225000 0.030220
1 0.701389 0.620192 0.058333 0.028846
8 0.875000 0.185440 0.250000 0.123626
1 0.875000 0.649725 0.058333 0.028846
0 0.875000 0.681834 0.225000 0.016140
1 0.951389 0.620192 0.058333 0.028846
8 0.500000 0.779705 1.000000 0.083448
0 0.394444 0.762706 0.788889 0.046703
3 0.894444 0.761161 0.211111 0.043613
8 0.190972 0.804430 0.381944 0.033997
1 0.190972 0.811641 0.291667 0.019574
8 0.572917 0.804430 0.381944 0.033997
1 0.572917 0.811641 0.291667 0.019574
8 0.881944 0.804430 0.236111 0.033997
1 0.904514 0.811641 0.190972 0.019574
3 0.844444 0.067308 0.116667 0.057692
3 0.165278 0.033654 0.097222 0.057692
1 0.500000 0.751717 1.000000 0.004808
4 0.128125 0.787775 0.247917 0.067308
1 0.127778 0.772150 0.058333 0.036058
0 0.128125 0.803400 0.077083 0.026442
4 0.376042 0.787775 0.247917 0.067308
1 0.375694 0.773352 0.058333 0.038462
0 0.375694 0.805804 0.156944 0.023008
4 0.623958 0.787775 0.247917 0.067308
1 0.623611 0.773352 0.058333 0.038462
0 0.623611 0.805804 0.088889 0.023008
4 0.871875 0.787775 0.247917 0.067308
1 0.871528 0.773352 0.058333 0.038462
0 0.871875 0.805804 0.089583 0.023008
4 0.087500 0.067308 0.116667 0.057692
1 0.087500 0.067308 0.058333 0.028846
5 0.514583 0.067308 0.679167 0.057692
3 0.048611 0.028846 0.097222 0.057692
4 0.340278 0.067308 0.680556 0.134615
1 0.106944 0.081731 0.155556 0.076923
0 0.418056 0.081731 0.466667 0.022665
8 0.340278 0.028846 0.680556 0.057692
1 0.058333 0.163462 0.058333 0.028846
0 0.153819 0.163290 0.078472 0.019574
8 0.340278 0.086538 0.680556 0.057692
1 0.058333 0.221154 0.058333 0.028846
0 0.207639 0.220982 0.186111 0.019574
8 0.340278 0.144231 0.680556 0.057692
1 0.058333 0.278846 0.058333 0.028846
0 0.308333 0.278674 0.387500 0.019574
8 0.340278 0.201923 0.680556 0.057692
1 0.058333 0.336538 0.058333 0.028846
0 0.143056 0.336367 0.056944 0.019574
8 0.340278 0.259615 0.680556 0.057692
1 0.058333 0.394231 0.058333 0.028846
0 0.163889 0.394059 0.098611 0.019574
8 0.340278 0.317308 0.680556 0.057692
1 0.058333 0.451923 0.058333 0.028846
0 0.256944 0.451751 0.284722 0.019574
8 0.340278 0.375000 0.680556 0.057692
1 0.058333 0.509615 0.058333 0.028846
0 0.317361 0.509444 0.405556 0.019574
8 0.340278 0.432692 0.680556 0.057692
1 0.058333 0.567308 0.058333 0.028846
0 0.294444 0.567136 0.359722 0.019574
8 0.340278 0.490385 0.680556 0.057692
1 0.058333 0.625000 0.058333 0.028846
0 0.293750 0.624828 0.358333 0.019574
8 0.340278 0.548077 0.680556 0.057692
1 0.058333 0.682692 0.058333 0.028846
0 0.284375 0.682521 0.339583 0.019574
8 0.340278 0.605769 0.680556 0.057692
1 0.058333 0.740385 0.058333 0.028846
0 0.195486 0.740213 0.161806 0.019574
8 0.340278 0.663462 0.680556 0.057692
1 0.058333 0.798077 0.058333 0.028846
0 0.143056 0.797905 0.056944 0.019574
