3 0.068056 0.038281 0.136111 0.076563
4 0.941667 0.071094 0.116667 0.065625
4 0.500000 0.521875 1.000000 0.825000
8 0.500000 0.212891 1.000000 0.425781
4 0.500000 0.496680 0.961111 0.041016
0 0.053472 0.496484 0.068056 0.025781
1 0.162847 0.496680 0.072917 0.041016
8 0.500000 0.480469 1.000000 0.109375
8 0.500000 0.587891 0.883333 0.061719
8 0.500000 0.589844 1.000000 0.109375
8 0.500000 0.697266 0.883333 0.061719
8 0.500000 0.716992 1.000000 0.144922
8 0.390625 0.806641 0.664583 0.061719
8 0.832292 0.825000 0.218750 0.098437
8 0.842014 0.825000 0.199306 0.098437
8 0.500000 0.844141 1.000000 0.109375
8 0.500000 0.927539 0.883333 0.013672
1 0.500000 0.285156 1.000000 0.351562
0 0.454514 0.409961 0.831250 0.033203
4 0.369444 0.483594 0.738889 0.901563
8 0.369444 0.075977 0.738889 0.151953
4 0.369444 0.070703 0.738889 0.045312
1 0.079167 0.070703 0.080556 0.045312
0 0.209722 0.070703 0.116667 0.029687
4 0.213889 0.150781 0.350000 0.043750
1 0.038889 0.021875 0.077778 0.043750
0 0.184722 0.021875 0.136111 0.025781
4 0.563889 0.150781 0.350000 0.043750
1 0.427778 0.150781 0.077778 0.043750
0 0.573611 0.150781 0.136111 0.025781
8 0.369444 0.186133 0.738889 0.068359
1 0.077778 0.218750 0.077778 0.043750
0 0.179861 0.218750 0.077778 0.029687
8 0.369444 0.254492 0.738889 0.068359
0 0.136111 0.287109 0.194444 0.029687
1 0.572222 0.287109 0.070833 0.061719
8 0.369444 0.322852 0.738889 0.068359
0 0.155556 0.355469 0.233333 0.029687
1 0.572222 0.355469 0.070833 0.061719
8 0.369444 0.391211 0.738889 0.068359
0 0.116667 0.423828 0.155556 0.029687
1 0.572222 0.423828 0.070833 0.061719
8 0.369444 0.459570 0.738889 0.068359
0 0.116667 0.492188 0.155556 0.029687
1 0.572222 0.492188 0.070833 0.061719
8 0.369444 0.527930 0.738889 0.068359
0 0.116667 0.560547 0.155556 0.029687
1 0.572222 0.560547 0.070833 0.061719
8 0.369444 0.596289 0.738889 0.068359
0 0.136111 0.628906 0.194444 0.029687
1 0.572222 0.628906 0.070833 0.061719
8 0.369444 0.664648 0.738889 0.068359
0 0.116667 0.697266 0.155556 0.029687
1 0.572222 0.697266 0.070833 0.061719
8 0.369444 0.733008 0.738889 0.068359
0 0.136111 0.765625 0.194444 0.029687
1 0.572222 0.765625 0.070833 0.061719
8 0.369444 0.801367 0.738889 0.068359
0 0.116667 0.833984 0.155556 0.029687
1 0.572222 0.833984 0.070833 0.061719
8 0.369444 0.869727 0.738889 0.068359
0 0.116667 0.902344 0.155556 0.029687
1 0.572222 0.902344 0.070833 0.061719
