8 0.336458 0.447324 0.672917 0.894649
1 0.071181 0.552467 0.142361 0.500418
8 0.836458 0.447324 0.327083 0.894649
1 0.499306 0.552467 0.631944 0.500418
0 0.343403 0.270276 0.360417 0.040552
1 0.715625 0.363085 0.199306 0.121656
3 0.182639 0.936455 0.316667 0.056856
3 0.499653 0.936455 0.317361 0.056856
4 0.817014 0.923286 0.317361 0.030518
0 0.279167 0.732441 0.441667 0.148829
3 0.279167 0.841973 0.441667 0.070234
0 0.720833 0.732441 0.441667 0.148829
3 0.720833 0.841973 0.441667 0.070234
4 0.500000 0.552676 1.000000 0.894649
4 0.500000 0.039507 1.000000 0.079013
1 0.080208 0.144858 0.102083 0.061455
0 0.565625 0.144858 0.771528 0.030518
4 0.500000 0.118520 1.000000 0.079013
1 0.080208 0.223871 0.102083 0.061455
0 0.565625 0.223871 0.771528 0.030518
4 0.500000 0.197533 1.000000 0.079013
1 0.080208 0.302885 0.102083 0.061455
0 0.565625 0.302885 0.771528 0.030518
0 0.076736 0.070234 0.153472 0.070234
3 0.931944 0.070234 0.136111 0.070234
