8 0.331944 0.454883 0.663889 0.844141
3 0.331944 0.065430 0.663889 0.037891
4 0.605556 0.065625 0.116667 0.065625
4 0.331944 0.487695 0.663889 0.778516
8 0.331944 0.122461 0.663889 0.048047
2 0.043750 0.122266 0.038889 0.021875
0 0.158681 0.122461 0.142361 0.037891
8 0.331944 0.170898 0.663889 0.048047
2 0.043750 0.170703 0.038889 0.021875
0 0.287500 0.170898 0.400000 0.037891
8 0.331944 0.219336 0.663889 0.048047
2 0.043750 0.219141 0.038889 0.021875
0 0.156597 0.219336 0.138194 0.037891
2 0.607639 0.219141 0.038889 0.021875
8 0.331944 0.267773 0.663889 0.048047
2 0.043750 0.267578 0.038889 0.021875
0 0.202431 0.267773 0.229861 0.037891
2 0.607639 0.267578 0.038889 0.021875
8 0.331944 0.316211 0.663889 0.048047
2 0.043750 0.316016 0.038889 0.021875
0 0.204861 0.316211 0.234722 0.037891
8 0.331944 0.364648 0.663889 0.048047
2 0.043750 0.364453 0.038889 0.021875
0 0.193056 0.364648 0.211111 0.037891
8 0.331944 0.413086 0.663889 0.048047
2 0.043750 0.412891 0.038889 0.021875
0 0.181944 0.413086 0.188889 0.037891
8 0.331944 0.461523 0.663889 0.048047
2 0.043750 0.461328 0.038889 0.021875
0 0.247569 0.461523 0.320139 0.037891
8 0.331944 0.509961 0.663889 0.048047
2 0.043750 0.509766 0.038889 0.021875
0 0.272917 0.509961 0.370833 0.037891
8 0.331944 0.558398 0.663889 0.048047
2 0.043750 0.558203 0.038889 0.021875
0 0.254861 0.558398 0.334722 0.037891
8 0.331944 0.606836 0.663889 0.048047
2 0.043750 0.606641 0.038889 0.021875
0 0.198264 0.606836 0.221528 0.037891
8 0.331944 0.655273 0.663889 0.048047
2 0.043750 0.655078 0.038889 0.021875
0 0.272222 0.655273 0.369444 0.037891
4 0.605556 0.905664 0.116667 0.057422
4 0.722222 0.065625 0.116667 0.065625
4 0.839583 0.065625 0.116667 0.065625
4 0.500000 0.403125 1.000000 0.806250
