0 0.358333 0.066223 0.300000 0.025929
3 0.068056 0.034338 0.136111 0.068676
3 0.941667 0.063770 0.116667 0.058865
1 0.500000 0.188858 0.243056 0.122635
0 0.500000 0.306587 1.000000 0.063770
5 0.500000 0.364401 0.922222 0.022425
5 0.500000 0.417659 0.922222 0.022425
5 0.500000 0.470918 0.922222 0.022425
0 0.500000 0.530834 1.000000 0.065172
6 0.500000 0.580063 0.115278 0.033287
0 0.500000 0.620533 0.576389 0.023125
0 0.499653 0.653118 0.656250 0.042046
0 0.500000 0.738963 1.000000 0.065172
4 0.500000 0.033987 1.000000 0.065172
1 0.072917 0.805361 0.106944 0.041696
0 0.280903 0.805536 0.309028 0.022425
3 0.315972 0.470568 0.631944 0.735109
8 0.315972 0.029432 0.631944 0.058865
0 0.315972 0.132270 0.554167 0.022074
8 0.315972 0.088998 0.631944 0.058865
0 0.315972 0.192011 0.554167 0.024527
8 0.315972 0.148563 0.631944 0.058865
0 0.315972 0.251577 0.554167 0.024527
8 0.315972 0.208129 0.631944 0.058865
0 0.315972 0.311142 0.554167 0.024527
8 0.315972 0.267694 0.631944 0.058865
0 0.315972 0.370708 0.554167 0.024527
8 0.315972 0.327260 0.631944 0.058865
0 0.315972 0.430273 0.554167 0.024527
8 0.315972 0.386826 0.631944 0.058865
0 0.315972 0.489839 0.554167 0.024527
8 0.315972 0.446391 0.631944 0.058865
0 0.315972 0.549404 0.554167 0.024527
