4 0.250000 0.030078 0.500000 0.060156
0 0.250000 0.139453 0.201389 0.060156
4 0.750000 0.030078 0.500000 0.060156
0 0.750000 0.139453 0.179167 0.060156
8 0.500000 0.382422 1.000000 0.764844
1 0.500000 0.158203 1.000000 0.316406
8 0.500000 0.158203 1.000000 0.316406
1 0.500000 0.319727 1.000000 0.300391
2 0.017361 0.020313 0.034722 0.019531
2 0.052083 0.020313 0.034722 0.019531
3 0.500000 0.497266 0.922222 0.046094
4 0.500000 0.717773 1.000000 0.351172
3 0.340278 0.153125 0.680556 0.087500
1 0.624653 0.153125 0.111806 0.087500
1 0.511458 0.153125 0.111806 0.087500
4 0.340278 0.239258 0.680556 0.057422
1 0.058333 0.028516 0.116667 0.026562
0 0.398611 0.239258 0.563889 0.057422
4 0.340278 0.296680 0.680556 0.057422
1 0.058333 0.028516 0.116667 0.021875
0 0.398611 0.296680 0.563889 0.057422
4 0.340278 0.354102 0.680556 0.057422
1 0.058333 0.028711 0.116667 0.024609
0 0.398611 0.354102 0.563889 0.057422
4 0.340278 0.411523 0.680556 0.057422
1 0.058333 0.028516 0.116667 0.025000
0 0.398611 0.411523 0.563889 0.057422
4 0.340278 0.468945 0.680556 0.057422
1 0.058333 0.028516 0.116667 0.024219
0 0.398611 0.468945 0.563889 0.057422
4 0.340278 0.526367 0.680556 0.057422
1 0.058333 0.028711 0.116667 0.019922
0 0.398611 0.526367 0.563889 0.057422
4 0.340278 0.583789 0.680556 0.057422
1 0.058333 0.028711 0.116667 0.023828
0 0.398611 0.583789 0.563889 0.057422
4 0.340278 0.669336 0.680556 0.057422
0 0.398611 0.669336 0.563889 0.057422
4 0.340278 0.726758 0.680556 0.057422
1 0.058333 0.028516 0.116667 0.018750
0 0.398611 0.726758 0.563889 0.057422
4 0.340278 0.784180 0.680556 0.057422
1 0.058333 0.028516 0.116667 0.021094
0 0.398611 0.784180 0.563889 0.057422
4 0.340278 0.841602 0.680556 0.057422
1 0.058333 0.028516 0.116667 0.017188
0 0.398611 0.841602 0.563889 0.057422
4 0.340278 0.899023 0.680556 0.057422
1 0.058333 0.028516 0.116667 0.019531
0 0.398611 0.899023 0.563889 0.057422
4 0.340278 0.931055 0.680556 0.006641
0 0.398611 0.931055 0.563889 0.006641
0 0.250694 0.070898 0.209722 0.030078
3 0.068056 0.038281 0.136111 0.076563
