0 0.236458 0.070898 0.122917 0.036328
3 0.068056 0.038281 0.136111 0.076563
1 0.500000 0.521875 1.000000 0.825000
3 0.500000 0.484180 1.000000 0.749609
3 0.719444 0.144531 0.463889 0.070312
4 0.182292 0.183203 0.364583 0.147656
1 0.181944 0.060937 0.086111 0.048438
0 0.182292 0.207422 0.152083 0.025781
4 0.546875 0.183203 0.364583 0.147656
0 0.546875 0.207422 0.090972 0.025781
4 0.182292 0.330859 0.364583 0.147656
0 0.181944 0.355078 0.156944 0.025781
4 0.546875 0.330859 0.364583 0.147656
0 0.546528 0.355078 0.123611 0.025781
3 0.364583 0.435156 0.729167 0.060156
