1 0.500000 0.674540 1.000000 0.440217
0 0.500000 0.502717 0.680556 0.038880
4 0.315972 0.552676 0.631944 0.894649
8 0.315972 0.035117 0.631944 0.070234
1 0.055903 0.140259 0.053472 0.032191
0 0.143056 0.140468 0.120833 0.027592
8 0.315972 0.106187 0.631944 0.070234
1 0.055903 0.211329 0.053472 0.032191
0 0.164931 0.211538 0.164583 0.027592
8 0.315972 0.177258 0.631944 0.070234
1 0.055903 0.282400 0.053472 0.032191
0 0.159028 0.282609 0.152778 0.027592
8 0.315972 0.248328 0.631944 0.070234
1 0.055903 0.353470 0.053472 0.032191
0 0.154167 0.353679 0.143056 0.027592
8 0.315972 0.319398 0.631944 0.070234
1 0.055903 0.424540 0.053472 0.032191
0 0.173958 0.424749 0.182639 0.027592
8 0.315972 0.390468 0.631944 0.070234
1 0.055903 0.495610 0.053472 0.032191
0 0.186806 0.495819 0.208333 0.027592
8 0.315972 0.461538 0.631944 0.070234
1 0.055903 0.566681 0.053472 0.032191
0 0.205208 0.566890 0.245139 0.027592
8 0.315972 0.532609 0.631944 0.070234
1 0.055903 0.637751 0.053472 0.032191
0 0.160417 0.637960 0.155556 0.027592
3 0.219097 0.035117 0.438194 0.070234
1 0.019444 0.070234 0.038889 0.029264
1 0.229167 0.070443 0.398611 0.038880
3 0.068056 0.035117 0.136111 0.070234
