0 0.481597 0.124219 0.963194 0.029687
1 0.500000 0.139844 1.000000 0.001563
3 0.500000 0.182812 1.000000 0.084375
1 0.500000 0.225781 1.000000 0.001563
3 0.500000 0.268750 1.000000 0.084375
1 0.500000 0.311719 1.000000 0.001563
0 0.500000 0.327344 1.000000 0.029687
1 0.500000 0.342969 1.000000 0.001563
3 0.500000 0.385937 1.000000 0.084375
1 0.500000 0.428906 1.000000 0.001563
3 0.500000 0.471875 1.000000 0.084375
1 0.500000 0.514844 1.000000 0.001563
0 0.500000 0.530469 1.000000 0.029687
1 0.500000 0.546094 1.000000 0.001563
3 0.500000 0.589063 1.000000 0.084375
1 0.500000 0.632031 1.000000 0.001563
3 0.500000 0.675000 1.000000 0.084375
1 0.500000 0.717969 1.000000 0.001563
0 0.422222 0.780273 0.325000 0.018359
3 0.675000 0.780273 0.155556 0.032422
1 0.500000 0.752930 1.000000 0.041016
4 0.364583 0.164258 0.729167 0.109766
1 0.280903 0.164258 0.121528 0.068359
0 0.437500 0.164258 0.143056 0.033203
4 0.364583 0.535742 0.729167 0.633203
8 0.364583 0.041016 0.729167 0.082031
1 0.063194 0.260156 0.077778 0.043750
0 0.181597 0.259961 0.110417 0.033203
8 0.364583 0.124609 0.729167 0.082031
1 0.063194 0.343750 0.077778 0.043750
0 0.207986 0.343555 0.163194 0.033203
8 0.364583 0.208203 0.729167 0.082031
1 0.063194 0.427344 0.077778 0.043750
0 0.223958 0.427148 0.195139 0.033203
8 0.364583 0.291797 0.729167 0.082031
1 0.063194 0.510938 0.077778 0.043750
0 0.176736 0.510742 0.100694 0.033203
0 0.205556 0.071094 0.119444 0.039062
3 0.068056 0.038281 0.136111 0.076563
