4 0.303819 0.517559 0.607639 0.964883
8 0.303819 0.029473 0.607639 0.058946
8 0.303819 0.097199 0.607639 0.073161
1 0.060764 0.132316 0.072917 0.043896
0 0.241667 0.132107 0.263889 0.055184
8 0.303819 0.172032 0.607639 0.073161
1 0.060764 0.207149 0.072917 0.043896
0 0.251389 0.206940 0.283333 0.055184
8 0.303819 0.239758 0.607639 0.058946
8 0.303819 0.307483 0.607639 0.073161
1 0.060764 0.342600 0.072917 0.043896
0 0.184722 0.342391 0.150000 0.055184
8 0.303819 0.382316 0.607639 0.073161
1 0.060764 0.417433 0.072917 0.043896
0 0.205556 0.417224 0.191667 0.055184
8 0.303819 0.457149 0.607639 0.073161
1 0.060764 0.492266 0.072917 0.043896
0 0.196528 0.492057 0.173611 0.055184
8 0.303819 0.531982 0.607639 0.073161
1 0.060764 0.567099 0.072917 0.043896
0 0.202778 0.566890 0.186111 0.055184
8 0.303819 0.599707 0.607639 0.058946
8 0.303819 0.667433 0.607639 0.073161
1 0.060764 0.702550 0.072917 0.043896
0 0.169097 0.702341 0.118750 0.055184
8 0.303819 0.742266 0.607639 0.073161
1 0.060764 0.777383 0.072917 0.043896
0 0.273611 0.777174 0.327778 0.055184
8 0.303819 0.817099 0.607639 0.073161
1 0.060764 0.852216 0.072917 0.043896
0 0.164583 0.852007 0.109722 0.055184
8 0.303819 0.891931 0.607639 0.073161
1 0.060764 0.927048 0.072917 0.043896
0 0.298958 0.926839 0.378472 0.055184
8 0.303819 0.965092 0.607639 0.069816
1 0.060764 0.989967 0.072917 0.020067
0 0.249306 0.987040 0.279167 0.025920
1 0.663542 0.075251 0.111806 0.080268
0 0.803819 0.075251 0.392361 0.080268
0 0.823264 0.238503 0.353472 0.031355
0 0.823264 0.284490 0.353472 0.031355
3 0.823264 0.368938 0.353472 0.079013
