4 0.500000 0.467187 1.000000 0.934375
4 0.500000 0.034180 1.000000 0.068359
4 0.500000 0.449414 1.000000 0.833203
8 0.500000 0.039648 1.000000 0.079297
8 0.500000 0.270508 1.000000 0.382422
4 0.500000 0.303320 0.961111 0.371484
0 0.500000 0.422266 0.912500 0.029687
0 0.880903 0.460156 0.150694 0.025781
8 0.500000 0.652930 1.000000 0.382422
4 0.500000 0.683008 0.961111 0.366016
0 0.500000 0.804688 0.912500 0.029687
0 0.880903 0.842578 0.150694 0.025781
0 0.692708 0.070898 0.322917 0.036328
3 0.931944 0.038281 0.136111 0.076563
3 0.155556 0.071094 0.116667 0.065625
3 0.048611 0.038281 0.097222 0.065625
4 0.388889 0.467187 0.777778 0.934375
8 0.388889 0.017188 0.777778 0.034375
1 0.931944 0.017188 0.058333 0.034375
0 0.572222 0.007227 0.505556 0.014453
0 0.280556 0.017188 0.038889 0.034375
8 0.388889 0.067187 0.777778 0.065625
1 0.931944 0.067187 0.058333 0.065625
0 0.552778 0.067187 0.544444 0.025781
8 0.388889 0.132812 0.777778 0.065625
1 0.931944 0.132812 0.058333 0.065625
0 0.552778 0.132812 0.544444 0.025781
8 0.388889 0.198437 0.777778 0.065625
1 0.931944 0.198437 0.058333 0.065625
0 0.552778 0.198437 0.544444 0.025781
8 0.388889 0.264062 0.777778 0.065625
1 0.931944 0.264062 0.058333 0.065625
0 0.552778 0.264062 0.544444 0.025781
8 0.388889 0.329688 0.777778 0.065625
1 0.931944 0.329688 0.058333 0.065625
0 0.572222 0.329688 0.505556 0.025781
0 0.280556 0.329688 0.038889 0.065625
8 0.388889 0.395313 0.777778 0.065625
1 0.931944 0.395313 0.058333 0.065625
0 0.552778 0.395313 0.544444 0.025781
8 0.388889 0.460938 0.777778 0.065625
1 0.931944 0.460938 0.058333 0.065625
0 0.562500 0.460938 0.525000 0.025781
0 0.270833 0.460938 0.019444 0.065625
8 0.388889 0.505469 0.777778 0.023438
8 0.388889 0.550000 0.777778 0.065625
1 0.931944 0.550000 0.058333 0.065625
0 0.552778 0.550000 0.544444 0.025781
8 0.388889 0.615625 0.777778 0.065625
1 0.931944 0.615625 0.058333 0.065625
0 0.552778 0.615625 0.544444 0.025781
8 0.388889 0.660156 0.777778 0.023438
8 0.388889 0.704688 0.777778 0.065625
1 0.931944 0.704688 0.058333 0.065625
0 0.552778 0.704688 0.544444 0.025781
8 0.388889 0.770312 0.777778 0.065625
1 0.931944 0.770312 0.058333 0.065625
0 0.552778 0.770312 0.544444 0.025781
8 0.388889 0.835938 0.777778 0.065625
1 0.931944 0.835938 0.058333 0.065625
0 0.552778 0.835938 0.544444 0.025781
8 0.388889 0.901563 0.777778 0.065625
1 0.931944 0.901563 0.058333 0.065625
0 0.552778 0.901563 0.544444 0.025781
