8 0.331944 0.454883 0.663889 0.844141
3 0.331944 0.065430 0.663889 0.033203
4 0.605556 0.065625 0.116667 0.065625
4 0.331944 0.487695 0.663889 0.778516
8 0.331944 0.122461 0.663889 0.048047
2 0.043750 0.122266 0.038889 0.021875
0 0.223611 0.122461 0.272222 0.033203
8 0.331944 0.170898 0.663889 0.048047
2 0.043750 0.170703 0.038889 0.021875
0 0.247917 0.170898 0.320833 0.033203
8 0.331944 0.219336 0.663889 0.048047
2 0.043750 0.219141 0.038889 0.021875
0 0.277083 0.219336 0.379167 0.033203
8 0.331944 0.267773 0.663889 0.048047
2 0.043750 0.267578 0.038889 0.021875
0 0.187153 0.267773 0.199306 0.033203
2 0.607639 0.267578 0.038889 0.021875
8 0.331944 0.316211 0.663889 0.048047
2 0.043750 0.316016 0.038889 0.021875
0 0.275000 0.316211 0.375000 0.033203
8 0.331944 0.364648 0.663889 0.048047
2 0.043750 0.364453 0.038889 0.021875
0 0.285764 0.364648 0.396528 0.033203
8 0.331944 0.413086 0.663889 0.048047
2 0.043750 0.412891 0.038889 0.021875
0 0.201042 0.413086 0.227083 0.033203
8 0.331944 0.461523 0.663889 0.048047
2 0.043750 0.461328 0.038889 0.021875
0 0.174306 0.461523 0.173611 0.033203
2 0.607639 0.461328 0.038889 0.021875
8 0.331944 0.509961 0.663889 0.048047
2 0.043750 0.509766 0.038889 0.021875
0 0.170833 0.509961 0.166667 0.033203
8 0.331944 0.558398 0.663889 0.048047
2 0.043750 0.558203 0.038889 0.021875
0 0.196528 0.558398 0.218056 0.033203
8 0.331944 0.606836 0.663889 0.048047
2 0.043750 0.606641 0.038889 0.021875
0 0.179167 0.606836 0.183333 0.033203
8 0.331944 0.655273 0.663889 0.048047
2 0.043750 0.655078 0.038889 0.021875
0 0.184028 0.655273 0.193056 0.033203
8 0.331944 0.703711 0.663889 0.048047
2 0.043750 0.703516 0.038889 0.021875
0 0.211458 0.703711 0.247917 0.033203
8 0.331944 0.752148 0.663889 0.048047
2 0.043750 0.751953 0.038889 0.021875
0 0.183681 0.752148 0.192361 0.033203
8 0.331944 0.800586 0.663889 0.048047
2 0.043750 0.800391 0.038889 0.021875
0 0.184028 0.800586 0.193056 0.033203
8 0.331944 0.849023 0.663889 0.048047
2 0.043750 0.848828 0.038889 0.021875
0 0.248958 0.849023 0.322917 0.033203
4 0.605556 0.905664 0.116667 0.057422
4 0.722222 0.065625 0.116667 0.065625
4 0.839583 0.065625 0.116667 0.065625
4 0.500000 0.405078 1.000000 0.810156
