4 0.388889 0.034180 0.777778 0.068359
4 0.291667 0.521875 0.583333 0.825000
8 0.291667 0.065625 0.583333 0.131250
1 0.520139 0.135937 0.087500 0.049219
0 0.405903 0.145703 0.121528 0.029687
0 0.473611 0.192773 0.180556 0.091016
8 0.291667 0.163672 0.583333 0.065625
1 0.058333 0.273047 0.116667 0.065625
0 0.350000 0.272852 0.466667 0.027734
8 0.291667 0.228906 0.583333 0.065625
1 0.058333 0.338281 0.116667 0.065625
0 0.350000 0.338086 0.466667 0.027734
8 0.291667 0.294141 0.583333 0.065625
1 0.058333 0.403516 0.116667 0.065625
0 0.350000 0.403320 0.466667 0.027734
8 0.291667 0.359375 0.583333 0.065625
1 0.058333 0.468750 0.116667 0.065625
0 0.350000 0.468555 0.466667 0.027734
8 0.291667 0.424609 0.583333 0.065625
1 0.058333 0.533984 0.116667 0.065625
0 0.350000 0.533789 0.466667 0.027734
8 0.291667 0.489844 0.583333 0.065625
0 0.291667 0.599023 0.583333 0.027734
8 0.291667 0.555078 0.583333 0.065625
0 0.291667 0.664258 0.583333 0.027734
3 0.068056 0.038281 0.136111 0.076563
3 0.941667 0.071094 0.116667 0.065625
