0 0.502431 0.071094 0.654861 0.054688
4 0.878472 0.071094 0.097222 0.054688
3 0.068056 0.038281 0.136111 0.076563
4 0.388889 0.034180 0.777778 0.068359
8 0.500000 0.216016 0.941667 0.164062
1 0.175000 0.216016 0.291667 0.164062
0 0.645833 0.177734 0.611111 0.043750
0 0.369792 0.223438 0.059028 0.025781
0 0.457639 0.223438 0.038889 0.025781
0 0.895486 0.223438 0.111806 0.025781
0 0.879861 0.271094 0.143056 0.025781
0 0.695139 0.271094 0.148611 0.025781
8 0.500000 0.385547 0.941667 0.164062
1 0.175000 0.385547 0.291667 0.164062
0 0.645833 0.347266 0.611111 0.043750
0 0.369792 0.392969 0.059028 0.025781
0 0.457639 0.392969 0.038889 0.025781
0 0.895486 0.392969 0.111806 0.025781
0 0.879861 0.440625 0.143056 0.025781
0 0.695139 0.440625 0.148611 0.025781
1 0.340278 0.089648 0.194444 0.102734
0 0.339931 0.162891 0.236806 0.035156
4 0.340278 0.262500 0.680556 0.065625
0 0.340278 0.262500 0.602778 0.065625
4 0.340278 0.328125 0.680556 0.065625
0 0.340278 0.328125 0.602778 0.065625
4 0.340278 0.393750 0.680556 0.065625
0 0.340278 0.393750 0.602778 0.065625
4 0.340278 0.459375 0.680556 0.065625
0 0.340278 0.459375 0.602778 0.065625
4 0.340278 0.525000 0.680556 0.065625
0 0.340278 0.525000 0.602778 0.065625
4 0.340278 0.590625 0.680556 0.065625
0 0.340278 0.590625 0.602778 0.065625
4 0.340278 0.656250 0.680556 0.065625
0 0.340278 0.656250 0.602778 0.065625
4 0.340278 0.721875 0.680556 0.065625
0 0.340278 0.721875 0.602778 0.065625
