0 0.295486 0.070898 0.299306 0.036328
4 0.068056 0.038281 0.136111 0.076563
4 0.500000 0.521875 1.000000 0.825000
4 0.334375 0.521875 0.668750 0.825000
8 0.334375 0.124609 0.668750 0.030469
8 0.334375 0.060156 0.668750 0.060156
1 0.042708 0.169336 0.085417 0.048047
0 0.243750 0.169336 0.316667 0.027734
8 0.334375 0.214453 0.668750 0.030469
8 0.334375 0.150000 0.668750 0.060156
1 0.042708 0.259180 0.085417 0.048047
0 0.232639 0.259180 0.294444 0.027734
8 0.334375 0.209766 0.668750 0.060156
1 0.042708 0.318945 0.085417 0.048047
0 0.205903 0.318945 0.240972 0.027734
8 0.334375 0.364063 0.668750 0.030469
8 0.334375 0.299609 0.668750 0.060156
1 0.042708 0.408789 0.085417 0.048047
0 0.182639 0.408789 0.194444 0.027734
8 0.334375 0.359375 0.668750 0.060156
1 0.042708 0.468555 0.085417 0.048047
0 0.215972 0.468555 0.261111 0.027734
8 0.334375 0.419141 0.668750 0.060156
1 0.042708 0.528320 0.085417 0.048047
0 0.178472 0.528320 0.186111 0.027734
8 0.334375 0.478906 0.668750 0.060156
1 0.042708 0.588086 0.085417 0.048047
0 0.188542 0.588086 0.206250 0.027734
8 0.334375 0.538672 0.668750 0.060156
1 0.042708 0.647852 0.085417 0.048047
0 0.150347 0.647852 0.129861 0.027734
8 0.334375 0.598437 0.668750 0.060156
1 0.042708 0.707617 0.085417 0.048047
0 0.253819 0.707617 0.336806 0.027734
8 0.334375 0.752734 0.668750 0.030469
8 0.334375 0.688281 0.668750 0.060156
1 0.042708 0.797461 0.085417 0.048047
0 0.136111 0.797461 0.101389 0.027734
8 0.334375 0.748047 0.668750 0.060156
1 0.042708 0.857227 0.085417 0.048047
0 0.160764 0.857227 0.150694 0.027734
8 0.334375 0.807813 0.668750 0.060156
1 0.042708 0.913672 0.085417 0.041406
0 0.157986 0.916992 0.145139 0.027734
