5 0.164275 0.070898 0.143120 0.053516
0 0.133370 0.057031 0.081310 0.025781
0 0.126196 0.083789 0.066961 0.027734
3 0.036056 0.038281 0.072112 0.076563
3 0.437086 0.071094 0.061810 0.065625
3 0.498896 0.071094 0.061810 0.065625
7 0.537160 0.032813 0.183959 0.065625
0 0.078734 0.142187 0.157469 0.054688
7 0.687822 0.032813 0.117366 0.065625
0 0.216887 0.142187 0.115894 0.054688
7 0.797645 0.032813 0.102281 0.065625
0 0.326711 0.142187 0.100809 0.054688
7 0.924393 0.032813 0.151214 0.065625
0 0.453458 0.142187 0.149742 0.054688
8 0.264901 0.555469 0.529801 0.757812
8 0.264901 0.068164 0.529801 0.136328
4 0.264901 0.244727 0.521707 0.125391
0 0.189662 0.220703 0.350625 0.055469
0 0.189662 0.261328 0.350625 0.025781
0 0.440213 0.272461 0.150478 0.048047
4 0.473142 0.874219 0.072112 0.076563
4 0.180280 0.043750 0.360559 0.065625
0 0.180280 0.153125 0.319352 0.065625
4 0.180280 0.109375 0.360559 0.065625
0 0.161700 0.218750 0.282193 0.065625
0 0.321376 0.218555 0.037160 0.011328
4 0.180280 0.198437 0.360559 0.065625
0 0.180280 0.307812 0.319352 0.065625
4 0.180280 0.264062 0.360559 0.065625
0 0.180280 0.373437 0.319352 0.065625
4 0.180280 0.329688 0.360559 0.065625
0 0.180280 0.439063 0.319352 0.065625
4 0.180280 0.395313 0.360559 0.065625
0 0.180280 0.504687 0.319352 0.065625
4 0.180280 0.460938 0.360559 0.065625
0 0.180280 0.570312 0.319352 0.065625
4 0.180280 0.526563 0.360559 0.065625
0 0.180280 0.635938 0.319352 0.065625
4 0.180280 0.592187 0.360559 0.065625
0 0.180280 0.701562 0.319352 0.065625
4 0.180280 0.681250 0.360559 0.065625
0 0.180280 0.790625 0.319352 0.065625
4 0.180280 0.746875 0.360559 0.065625
0 0.180280 0.856250 0.319352 0.065625
4 0.180280 0.812500 0.360559 0.065625
0 0.180280 0.911719 0.319352 0.045312
