0 0.568056 0.061359 0.863889 0.028736
3 0.068056 0.033130 0.136111 0.066261
0 0.500000 0.128127 1.000000 0.066937
0 0.500000 0.342799 1.000000 0.362407
0 0.500000 0.666667 1.000000 0.283976
4 0.340278 0.066261 0.680556 0.056795
0 0.340278 0.132522 0.602778 0.056795
4 0.340278 0.143340 0.680556 0.056795
0 0.340278 0.209601 0.602778 0.056795
4 0.340278 0.200135 0.680556 0.056795
0 0.340278 0.266396 0.602778 0.056795
4 0.340278 0.256930 0.680556 0.056795
0 0.340278 0.323191 0.602778 0.056795
4 0.340278 0.313725 0.680556 0.056795
0 0.340278 0.379986 0.602778 0.056795
4 0.340278 0.390805 0.680556 0.056795
0 0.340278 0.457066 0.602778 0.056795
4 0.340278 0.447600 0.680556 0.056795
0 0.340278 0.513861 0.602778 0.056795
4 0.340278 0.524679 0.680556 0.056795
0 0.340278 0.590940 0.602778 0.056795
4 0.340278 0.581474 0.680556 0.056795
0 0.340278 0.647735 0.602778 0.056795
4 0.340278 0.638269 0.680556 0.056795
0 0.340278 0.704530 0.602778 0.056795
