4 0.072917 0.075977 0.145833 0.086328
1 0.072569 0.075977 0.046528 0.023047
0 0.496181 0.075977 0.700694 0.027734
0 0.500000 0.151172 1.000000 0.050000
4 0.500000 0.217188 1.000000 0.054688
1 0.098611 0.027344 0.051389 0.028906
0 0.384028 0.216992 0.470833 0.026172
0 0.500000 0.285938 1.000000 0.077344
4 0.500000 0.365625 1.000000 0.054688
0 0.277431 0.365430 0.257639 0.026172
0 0.500000 0.446875 1.000000 0.102344
4 0.500000 0.539062 1.000000 0.054688
0 0.403125 0.538867 0.509028 0.026172
4 0.291667 0.483594 0.583333 0.901563
8 0.291667 0.031250 0.583333 0.062500
1 0.062153 0.061133 0.085417 0.048047
0 0.191667 0.060937 0.173611 0.025781
8 0.291667 0.098242 0.583333 0.068359
1 0.062153 0.131055 0.085417 0.048047
0 0.225347 0.130859 0.240972 0.025781
8 0.291667 0.168164 0.583333 0.068359
1 0.062153 0.200977 0.085417 0.048047
0 0.228125 0.200781 0.246528 0.025781
8 0.291667 0.238086 0.583333 0.068359
1 0.062153 0.270898 0.085417 0.048047
0 0.208333 0.270703 0.206944 0.025781
8 0.291667 0.308008 0.583333 0.068359
1 0.062153 0.340820 0.085417 0.048047
0 0.270139 0.340625 0.330556 0.025781
8 0.291667 0.377930 0.583333 0.068359
1 0.062153 0.410742 0.085417 0.048047
0 0.238194 0.410547 0.266667 0.025781
0 0.505556 0.410547 0.116667 0.025781
8 0.291667 0.447852 0.583333 0.068359
1 0.062153 0.480664 0.085417 0.048047
0 0.181944 0.480469 0.154167 0.025781
8 0.291667 0.517773 0.583333 0.068359
1 0.062153 0.550586 0.085417 0.048047
0 0.164236 0.550391 0.118750 0.025781
8 0.291667 0.587695 0.583333 0.068359
1 0.062153 0.620508 0.085417 0.048047
0 0.248611 0.620313 0.287500 0.025781
8 0.291667 0.657617 0.583333 0.068359
1 0.062153 0.690430 0.085417 0.048047
0 0.190972 0.690234 0.172222 0.025781
8 0.291667 0.727539 0.583333 0.068359
1 0.062153 0.760352 0.085417 0.048047
0 0.299306 0.760156 0.388889 0.025781
8 0.291667 0.797461 0.583333 0.068359
1 0.062153 0.830273 0.085417 0.048047
0 0.237153 0.830078 0.264583 0.025781
0 0.506597 0.830078 0.114583 0.025781
8 0.291667 0.867383 0.583333 0.068359
1 0.062153 0.900195 0.085417 0.048047
0 0.217361 0.900000 0.225000 0.025781
6 0.506250 0.900195 0.115278 0.037109
