0 0.390278 0.070898 0.430556 0.036328
3 0.068056 0.038281 0.136111 0.076563
3 0.941667 0.071094 0.116667 0.065625
4 0.129514 0.184766 0.234028 0.136719
4 0.376042 0.184766 0.234028 0.136719
4 0.622917 0.184766 0.234722 0.136719
4 0.870139 0.184766 0.234722 0.136719
4 0.129514 0.363867 0.234028 0.133984
4 0.376042 0.363867 0.234028 0.133984
4 0.622917 0.363867 0.234722 0.133984
4 0.870139 0.363867 0.234722 0.133984
4 0.129514 0.504883 0.234028 0.133984
4 0.376042 0.504883 0.234028 0.133984
4 0.622917 0.504883 0.234722 0.133984
4 0.870139 0.504883 0.234722 0.133984
4 0.129514 0.645898 0.234028 0.133984
4 0.376042 0.645898 0.234028 0.133984
4 0.622917 0.645898 0.234722 0.133984
4 0.870139 0.645898 0.234722 0.133984
4 0.129514 0.760938 0.234028 0.082031
4 0.376042 0.760938 0.234028 0.082031
4 0.622917 0.760938 0.234722 0.082031
4 0.870139 0.760938 0.234722 0.082031
4 0.500000 0.034180 1.000000 0.068359
4 0.340278 0.262500 0.680556 0.065625
4 0.340278 0.328125 0.680556 0.065625
4 0.340278 0.393750 0.680556 0.065625
4 0.340278 0.459375 0.680556 0.065625
4 0.340278 0.525000 0.680556 0.065625
4 0.340278 0.590625 0.680556 0.065625
4 0.340278 0.656250 0.680556 0.065625
4 0.340278 0.721875 0.680556 0.065625
