3 0.500000 0.143604 0.902778 0.076505
6 0.500000 0.221781 0.902778 0.076505
3 0.500000 0.299958 0.902778 0.076505
0 0.500000 0.378135 0.902778 0.076505
4 0.388889 0.036580 0.777778 0.073161
4 0.291667 0.552676 0.583333 0.894649
4 0.291667 0.514005 0.583333 0.817308
8 0.291667 0.039925 0.583333 0.079849
0 0.093403 0.145276 0.186806 0.079849
8 0.291667 0.121446 0.583333 0.079849
0 0.124653 0.226798 0.249306 0.079849
8 0.291667 0.202968 0.583333 0.079849
0 0.166667 0.308319 0.333333 0.079849
8 0.291667 0.284490 0.583333 0.079849
0 0.116319 0.389841 0.232639 0.079849
8 0.291667 0.366012 0.583333 0.079849
0 0.178472 0.471363 0.356944 0.079849
0 0.252431 0.961329 0.431250 0.035535
4 0.519444 0.961329 0.102778 0.062291
3 0.131597 0.035117 0.263194 0.070234
2 0.019444 0.070234 0.038889 0.023411
1 0.052431 0.070443 0.045139 0.031355
0 0.164236 0.070025 0.159028 0.035535
