4 0.328125 0.213672 0.656250 0.361719
8 0.328125 0.062305 0.656250 0.058984
1 0.076389 0.060937 0.061111 0.034375
0 0.189583 0.062305 0.122222 0.033203
8 0.328125 0.122852 0.656250 0.058984
0 0.106597 0.122852 0.117361 0.033203
8 0.328125 0.183398 0.656250 0.058984
0 0.255556 0.183398 0.415278 0.033203
8 0.328125 0.243945 0.656250 0.058984
0 0.185764 0.243945 0.275694 0.033203
8 0.328125 0.304492 0.656250 0.058984
0 0.250000 0.304492 0.404167 0.033203
8 0.328125 0.365039 0.656250 0.058984
0 0.187153 0.365039 0.278472 0.033203
3 0.718403 0.063672 0.095139 0.050781
3 0.826042 0.063672 0.120139 0.050781
3 0.725000 0.916211 0.088889 0.022266
1 0.427083 0.054102 0.445833 0.053516
5 0.864583 0.436719 0.270833 0.054688
5 0.864583 0.507812 0.270833 0.054688
4 0.850694 0.569531 0.243056 0.041406
1 0.763194 0.567969 0.068056 0.038281
0 0.896875 0.569531 0.150694 0.041406
3 0.902778 0.809570 0.177778 0.022266
3 0.864583 0.843164 0.270833 0.022266
0 0.864583 0.878320 0.270833 0.031641
