4 0.500000 0.467187 1.000000 0.934375
1 0.500000 0.430078 0.330556 0.185938
1 0.621528 0.371289 0.068056 0.051953
0 0.500000 0.571680 0.852778 0.048047
3 0.500000 0.665234 0.877778 0.082031
4 0.500000 0.134180 1.000000 0.046484
0 0.500000 0.133594 0.961111 0.025781
1 0.072917 0.071094 0.136111 0.076563
0 0.105556 0.055273 0.036111 0.025391
1 0.500000 0.071094 0.183333 0.043750
1 0.927083 0.071094 0.136111 0.076563
0 0.959722 0.055273 0.036111 0.025391
4 0.370833 0.467187 0.741667 0.934375
8 0.370833 0.263086 0.741667 0.460547
4 0.389236 0.113477 0.704861 0.079297
1 0.058333 0.032813 0.116667 0.065625
0 0.255208 0.106445 0.129861 0.036328
4 0.389236 0.199609 0.704861 0.092969
1 0.095139 0.199609 0.116667 0.065625
0 0.243750 0.199414 0.106944 0.036328
4 0.389236 0.292578 0.704861 0.092969
1 0.058333 0.046484 0.116667 0.065625
0 0.316667 0.292383 0.252778 0.036328
4 0.389236 0.385547 0.704861 0.092969
0 0.331944 0.385352 0.283333 0.036328
3 0.389236 0.468164 0.704861 0.050391
8 0.370833 0.551562 0.741667 0.115625
2 0.018403 0.504102 0.036806 0.020703
0 0.654167 0.511914 0.136111 0.022266
1 0.095139 0.555859 0.116667 0.065625
0 0.396181 0.537891 0.411806 0.029687
0 0.360764 0.565625 0.340972 0.025781
8 0.370833 0.667578 0.741667 0.115625
2 0.018403 0.620117 0.036806 0.020703
0 0.654167 0.627930 0.136111 0.022266
1 0.095139 0.671875 0.116667 0.065625
0 0.287500 0.653906 0.194444 0.029687
0 0.318403 0.681641 0.256250 0.025781
