0 0.512153 0.141602 0.975694 0.064453
3 0.512153 0.209180 0.975694 0.070703
0 0.512153 0.290820 0.975694 0.081641
5 0.500000 0.349219 0.951389 0.035156
5 0.500000 0.417187 0.951389 0.035156
5 0.500000 0.470313 0.951389 0.035156
0 0.500000 0.470313 0.951389 0.035156
5 0.500000 0.538281 0.951389 0.035156
5 0.500000 0.606250 0.951389 0.035156
5 0.500000 0.674219 0.951389 0.035156
5 0.500000 0.742188 0.951389 0.035156
0 0.512153 0.788086 0.975694 0.056641
3 0.313889 0.866602 0.563889 0.021484
6 0.910417 0.866602 0.115278 0.037109
3 0.500000 0.928320 0.430556 0.012109
1 0.500000 0.044531 1.000000 0.007031
8 0.340278 0.128125 0.680556 0.037500
8 0.340278 0.070312 0.680556 0.065625
0 0.301389 0.179688 0.529167 0.065625
8 0.340278 0.135937 0.680556 0.065625
0 0.301389 0.245312 0.529167 0.065625
8 0.340278 0.201563 0.680556 0.065625
0 0.340278 0.310937 0.606944 0.065625
8 0.340278 0.267188 0.680556 0.065625
0 0.340278 0.376563 0.606944 0.065625
8 0.340278 0.332813 0.680556 0.065625
0 0.301389 0.442188 0.529167 0.065625
8 0.340278 0.398438 0.680556 0.065625
0 0.340278 0.507812 0.606944 0.065625
8 0.340278 0.464062 0.680556 0.065625
0 0.340278 0.573438 0.606944 0.065625
8 0.340278 0.529687 0.680556 0.065625
0 0.340278 0.639062 0.606944 0.065625
8 0.340278 0.595313 0.680556 0.065625
0 0.340278 0.704688 0.606944 0.065625
8 0.340278 0.660937 0.680556 0.065625
0 0.340278 0.770312 0.606944 0.065625
8 0.340278 0.726562 0.680556 0.065625
0 0.340278 0.835938 0.606944 0.065625
8 0.340278 0.792188 0.680556 0.065625
1 0.072917 0.901563 0.068056 0.038281
1 0.189583 0.901563 0.068056 0.038281
1 0.306250 0.901563 0.068056 0.038281
3 0.475694 0.901367 0.222222 0.060547
4 0.500000 0.038281 1.000000 0.076563
1 0.178819 0.038281 0.143750 0.060156
3 0.053472 0.038281 0.106944 0.076563
3 0.868750 0.071094 0.087500 0.065625
3 0.956250 0.071094 0.087500 0.065625
