4 0.243056 0.521875 0.486111 0.825000
8 0.243056 0.028516 0.461111 0.057031
1 0.061111 0.137891 0.097222 0.054688
0 0.291667 0.137891 0.363889 0.057031
8 0.243056 0.087109 0.461111 0.057031
1 0.061111 0.196484 0.097222 0.054688
0 0.291667 0.196484 0.363889 0.057031
8 0.243056 0.145703 0.461111 0.057031
1 0.061111 0.255078 0.097222 0.054688
0 0.291667 0.255078 0.363889 0.057031
8 0.243056 0.204297 0.461111 0.057031
1 0.061111 0.313672 0.097222 0.054688
0 0.291667 0.313672 0.363889 0.057031
8 0.243056 0.262891 0.461111 0.057031
1 0.061111 0.372266 0.097222 0.054688
0 0.291667 0.372266 0.363889 0.057031
8 0.243056 0.321484 0.461111 0.057031
1 0.061111 0.430859 0.097222 0.054688
0 0.291667 0.430859 0.363889 0.057031
8 0.243056 0.380078 0.461111 0.057031
1 0.061111 0.489453 0.097222 0.054688
0 0.291667 0.642969 0.363889 0.364063
8 0.243056 0.438672 0.461111 0.057031
1 0.061111 0.548047 0.097222 0.054688
0 0.291667 0.548047 0.363889 0.057031
8 0.243056 0.497266 0.461111 0.057031
1 0.061111 0.606641 0.097222 0.054688
0 0.291667 0.606641 0.363889 0.057031
8 0.243056 0.555859 0.461111 0.057031
1 0.061111 0.665234 0.097222 0.054688
0 0.291667 0.665234 0.363889 0.057031
8 0.243056 0.614453 0.461111 0.057031
1 0.061111 0.723828 0.097222 0.054688
0 0.291667 0.723828 0.363889 0.057031
8 0.243056 0.673047 0.461111 0.057031
1 0.061111 0.782422 0.097222 0.054688
0 0.291667 0.782422 0.363889 0.057031
8 0.243056 0.731641 0.461111 0.057031
1 0.061111 0.841016 0.097222 0.054688
0 0.291667 0.841016 0.363889 0.057031
1 0.500000 0.412500 1.000000 0.825000
4 0.743056 0.137500 0.513889 0.056250
0 0.760069 0.138867 0.479861 0.031641
1 0.755208 0.160156 0.489583 0.010937
0 0.755208 0.195898 0.489583 0.033203
1 0.500000 0.117578 1.000000 0.001563
4 0.755208 0.581055 0.489583 0.706641
8 0.475694 0.047852 0.951389 0.095703
1 0.571181 0.275586 0.121528 0.068359
0 0.714236 0.264258 0.139583 0.031641
0 0.669097 0.291211 0.049306 0.022266
0 0.985417 0.264258 0.029167 0.033203
0 0.985417 0.291992 0.029167 0.022266
8 0.475694 0.144336 0.951389 0.095703
1 0.571181 0.372070 0.121528 0.068359
0 0.719792 0.360742 0.150694 0.031641
0 0.672917 0.387695 0.056944 0.022266
0 0.985417 0.360742 0.029167 0.033203
0 0.985417 0.388477 0.029167 0.022266
8 0.475694 0.240820 0.951389 0.095703
1 0.571181 0.468555 0.121528 0.068359
0 0.723611 0.447852 0.158333 0.031641
0 0.807639 0.484375 0.326389 0.041406
0 0.985417 0.457227 0.029167 0.033203
0 0.985417 0.484961 0.029167 0.022266
8 0.475694 0.337305 0.951389 0.095703
1 0.571181 0.565039 0.121528 0.068359
0 0.752083 0.544336 0.215278 0.031641
0 0.807639 0.580859 0.326389 0.041406
0 0.985417 0.553711 0.029167 0.033203
0 0.985417 0.581445 0.029167 0.022266
8 0.475694 0.433789 0.951389 0.095703
1 0.571181 0.661523 0.121528 0.068359
0 0.732639 0.650195 0.176389 0.031641
0 0.736458 0.677148 0.184028 0.022266
0 0.985417 0.650195 0.029167 0.033203
0 0.985417 0.677930 0.029167 0.022266
8 0.475694 0.530273 0.951389 0.095703
1 0.571181 0.758008 0.121528 0.068359
0 0.702083 0.746680 0.115278 0.031641
0 0.672917 0.773633 0.056944 0.022266
0 0.985417 0.746680 0.029167 0.033203
0 0.985417 0.774414 0.029167 0.022266
8 0.475694 0.626758 0.951389 0.095703
1 0.571181 0.854492 0.121528 0.068359
0 0.727778 0.843164 0.166667 0.031641
0 0.801736 0.870117 0.314583 0.022266
0 0.985417 0.843164 0.029167 0.033203
0 0.985417 0.870898 0.029167 0.022266
4 0.388889 0.034180 0.777778 0.068359
0 0.347569 0.070898 0.189583 0.036328
3 0.068056 0.038281 0.136111 0.076563
1 0.189583 0.038086 0.106944 0.048047
3 0.048611 0.038281 0.097222 0.065625
