4 0.166667 0.034180 0.333333 0.068359
0 0.166667 0.143555 0.209722 0.023047
4 0.500000 0.034180 0.333333 0.068359
0 0.500000 0.143555 0.148611 0.023047
4 0.833333 0.034180 0.333333 0.068359
0 0.833333 0.143555 0.223611 0.023047
8 0.500000 0.556055 1.000000 0.756641
4 0.500000 0.556055 1.000000 0.756641
1 0.076736 0.041406 0.153472 0.082812
1 0.499653 0.555859 0.153472 0.082812
4 0.340278 0.521875 0.680556 0.825000
8 0.340278 0.229102 0.680556 0.239453
1 0.340278 0.229102 0.680556 0.239453
1 0.111806 0.226562 0.145833 0.082031
0 0.177431 0.298633 0.281250 0.031641
8 0.340278 0.283398 0.680556 0.087891
1 0.097222 0.393555 0.097222 0.031641
0 0.244444 0.393555 0.197222 0.031641
8 0.340278 0.371289 0.680556 0.087891
1 0.097222 0.481445 0.097222 0.031641
0 0.256944 0.481445 0.222222 0.031641
8 0.340278 0.459180 0.680556 0.087891
1 0.097222 0.569336 0.097222 0.031641
0 0.241667 0.569336 0.191667 0.031641
8 0.340278 0.547070 0.680556 0.087891
1 0.097222 0.657227 0.097222 0.031641
0 0.226736 0.657227 0.161806 0.031641
8 0.340278 0.634961 0.680556 0.087891
1 0.097222 0.745117 0.097222 0.031641
0 0.261458 0.745117 0.231250 0.031641
0 0.204167 0.070898 0.116667 0.036328
3 0.068056 0.038281 0.136111 0.076563
