5 0.328125 0.378763 0.559028 0.066054
1 0.680556 0.372283 0.145833 0.079013
5 0.328125 0.280518 0.559028 0.066054
1 0.680556 0.274038 0.145833 0.079013
5 0.328125 0.182274 0.559028 0.066054
1 0.680556 0.175794 0.145833 0.079013
3 0.583333 0.517140 0.340278 0.052676
3 0.401042 0.600543 0.704861 0.061455
6 0.180208 0.452759 0.263194 0.046823
3 0.206597 0.517140 0.315972 0.052676
0 0.252083 0.665552 0.406944 0.027592
4 0.285764 0.558528 0.571528 0.882943
8 0.285764 0.042851 0.571528 0.085702
1 0.064236 0.159908 0.103472 0.062291
8 0.285764 0.129390 0.571528 0.085702
1 0.064236 0.246446 0.103472 0.062291
8 0.285764 0.215928 0.571528 0.085702
1 0.064236 0.332985 0.103472 0.062291
8 0.285764 0.302467 0.571528 0.085702
1 0.064236 0.419523 0.103472 0.062291
8 0.285764 0.389005 0.571528 0.085702
1 0.064236 0.506062 0.103472 0.062291
0 0.257986 0.075878 0.224306 0.038880
3 0.068056 0.040970 0.136111 0.081940
