4 0.500000 0.071094 1.000000 0.076563
1 0.065625 0.071094 0.082639 0.032813
1 0.228472 0.070898 0.243056 0.041016
8 0.500000 0.329297 1.000000 0.658594
1 0.500000 0.320312 1.000000 0.421875
0 0.486111 0.589844 0.875000 0.084375
0 0.500000 0.674023 0.902778 0.048047
4 0.077778 0.732422 0.058333 0.032813
1 0.192361 0.732422 0.058333 0.032813
0 0.322222 0.732227 0.088889 0.022266
8 0.500000 0.747266 1.000000 0.175000
1 0.829861 0.856641 0.243056 0.136719
0 0.363889 0.830859 0.630556 0.085156
4 0.077778 0.908594 0.058333 0.032813
1 0.192361 0.908594 0.058333 0.032813
0 0.322222 0.908398 0.088889 0.022266
8 0.500000 0.142187 1.000000 0.065625
0 0.500000 0.142187 1.000000 0.030469
4 0.364583 0.500000 0.729167 1.000000
8 0.364583 0.060156 0.729167 0.120313
1 0.332986 0.075195 0.102083 0.057422
1 0.437500 0.076563 0.106944 0.060156
1 0.544444 0.076563 0.106944 0.060156
1 0.651389 0.076563 0.106944 0.060156
8 0.364583 0.154688 0.729167 0.069531
0 0.165278 0.155273 0.233333 0.026953
8 0.364583 0.226758 0.729167 0.075391
0 0.105208 0.224414 0.113194 0.026953
1 0.631944 0.227344 0.097222 0.032813
8 0.364583 0.301758 0.729167 0.075391
0 0.195833 0.299414 0.294444 0.026953
1 0.631944 0.302344 0.097222 0.032813
8 0.364583 0.373437 0.729167 0.068750
0 0.145833 0.374023 0.194444 0.026172
8 0.364583 0.445117 0.729167 0.075391
0 0.119792 0.442773 0.142361 0.026953
1 0.631944 0.445703 0.097222 0.032813
8 0.364583 0.520117 0.729167 0.075391
0 0.082639 0.517773 0.068056 0.026953
1 0.631944 0.520703 0.097222 0.032813
8 0.364583 0.595117 0.729167 0.075391
0 0.120486 0.592773 0.143750 0.026953
1 0.631944 0.595703 0.097222 0.032813
8 0.364583 0.670117 0.729167 0.075391
0 0.096181 0.667773 0.095139 0.026953
1 0.631944 0.670703 0.097222 0.032813
8 0.364583 0.745117 0.729167 0.075391
0 0.115625 0.742773 0.134028 0.026953
1 0.631944 0.745703 0.097222 0.032813
8 0.364583 0.820117 0.729167 0.075391
0 0.134375 0.817773 0.171528 0.026953
1 0.631944 0.820703 0.097222 0.032813
8 0.364583 0.892188 0.729167 0.069531
0 0.203472 0.892773 0.309722 0.026953
8 0.364583 0.961328 0.729167 0.069531
