1 0.500000 0.467187 1.000000 0.934375
4 0.068056 0.038281 0.136111 0.076563
3 0.941667 0.071094 0.116667 0.065625
4 0.408333 0.467187 0.816667 0.934375
4 0.408333 0.103906 0.816667 0.142187
1 0.111806 0.101172 0.145833 0.082031
3 0.748958 0.070703 0.135417 0.069531
4 0.408333 0.207813 0.816667 0.065625
4 0.408333 0.273438 0.816667 0.065625
4 0.408333 0.339062 0.816667 0.065625
4 0.408333 0.404687 0.816667 0.065625
4 0.408333 0.470313 0.816667 0.065625
4 0.408333 0.535937 0.816667 0.065625
4 0.408333 0.601562 0.816667 0.065625
4 0.408333 0.667188 0.816667 0.065625
4 0.408333 0.732812 0.816667 0.065625
