4 0.500000 0.368359 1.000000 0.736719
4 0.500000 0.477734 1.000000 0.736719
8 0.500000 0.071094 0.951389 0.114844
1 0.126389 0.180469 0.155556 0.087500
0 0.551042 0.167383 0.645139 0.058203
0 0.551042 0.209375 0.645139 0.025781
4 0.912500 0.158594 0.077778 0.043750
8 0.500000 0.199609 0.951389 0.114844
1 0.126389 0.308984 0.155556 0.087500
0 0.551042 0.295898 0.645139 0.058203
0 0.551042 0.337891 0.645139 0.025781
4 0.912500 0.287109 0.077778 0.043750
4 0.893056 0.785937 0.136111 0.076563
4 0.500000 0.044141 1.000000 0.088281
4 0.291667 0.521875 0.583333 0.825000
8 0.291667 0.140234 0.583333 0.061719
8 0.291667 0.201563 0.583333 0.061719
8 0.291667 0.262891 0.583333 0.061719
8 0.291667 0.324219 0.583333 0.061719
8 0.291667 0.385547 0.583333 0.061719
8 0.291667 0.446875 0.583333 0.061719
8 0.291667 0.508203 0.583333 0.061719
8 0.291667 0.569531 0.583333 0.061719
0 0.310069 0.070898 0.328472 0.036328
3 0.068056 0.038281 0.136111 0.076563
3 0.727778 0.071094 0.116667 0.065625
3 0.844444 0.071094 0.116667 0.065625
3 0.281944 0.038281 0.097222 0.065625
