3 0.068056 0.038281 0.136111 0.076563
3 0.941667 0.071094 0.116667 0.065625
7 0.059375 0.032813 0.118750 0.065625
0 0.061458 0.142187 0.060417 0.025781
7 0.236111 0.032813 0.234722 0.065625
0 0.238194 0.142187 0.176389 0.025781
0 0.429167 0.142187 0.088889 0.025781
7 0.643750 0.032813 0.286111 0.065625
0 0.645833 0.142187 0.227778 0.025781
7 0.890972 0.032813 0.208333 0.065625
0 0.893056 0.142187 0.150000 0.025781
8 0.500000 0.554688 1.000000 0.759375
8 0.500000 0.010937 1.000000 0.021875
8 0.500000 0.433789 0.961111 0.451953
1 0.500000 0.378711 0.961111 0.341797
4 0.922222 0.240625 0.077778 0.043750
0 0.421875 0.496875 0.727083 0.061719
2 0.021875 0.016602 0.043750 0.024609
0 0.900000 0.511133 0.083333 0.033203
0 0.451389 0.588086 0.786111 0.033203
0 0.893056 0.588086 0.097222 0.033203
0 0.443750 0.621289 0.770833 0.033203
0 0.885417 0.621289 0.112500 0.033203
8 0.500000 0.808008 0.961111 0.252734
1 0.500000 0.808008 0.961111 0.252734
4 0.922222 0.714453 0.077778 0.043750
0 0.492708 0.898242 0.868750 0.033203
0 0.934375 0.898242 0.014583 0.033203
8 0.422222 0.108008 0.844444 0.216016
1 0.123958 0.102539 0.170139 0.095703
0 0.123611 0.185156 0.169444 0.025781
0 0.730903 0.185156 0.149306 0.025781
0 0.228125 0.217969 0.378472 0.025781
8 0.422222 0.259766 0.844444 0.065625
4 0.422222 0.292578 0.844444 0.065625
0 0.441667 0.292578 0.805556 0.065625
8 0.422222 0.325391 0.844444 0.065625
4 0.422222 0.358203 0.844444 0.065625
0 0.441667 0.358203 0.805556 0.065625
8 0.422222 0.391016 0.844444 0.065625
4 0.422222 0.423828 0.844444 0.065625
0 0.402778 0.423828 0.727778 0.065625
0 0.795833 0.423828 0.058333 0.047656
8 0.422222 0.456641 0.844444 0.065625
4 0.422222 0.489453 0.844444 0.065625
0 0.402778 0.489453 0.727778 0.065625
0 0.795833 0.489453 0.058333 0.047656
8 0.422222 0.522266 0.844444 0.065625
4 0.422222 0.555078 0.844444 0.065625
0 0.441667 0.555078 0.805556 0.065625
8 0.422222 0.587891 0.844444 0.065625
4 0.422222 0.620703 0.844444 0.065625
0 0.441667 0.620703 0.805556 0.065625
8 0.422222 0.665234 0.844444 0.089063
0 0.441667 0.709766 0.805556 0.065625
8 0.422222 0.742578 0.844444 0.065625
4 0.422222 0.775391 0.844444 0.065625
0 0.441667 0.775391 0.805556 0.065625
8 0.422222 0.808203 0.844444 0.065625
4 0.422222 0.841016 0.844444 0.065625
0 0.441667 0.841016 0.805556 0.065625
