3 0.068056 0.035924 0.136111 0.071848
4 0.934375 0.066716 0.131250 0.061584
1 0.082986 0.030609 0.065972 0.034824
0 0.917361 0.053152 0.048611 0.026393
3 0.334722 0.053886 0.319444 0.032258
3 0.301736 0.082845 0.253472 0.025660
7 0.250000 0.030792 0.500000 0.061584
0 0.249653 0.133248 0.154861 0.022361
7 0.750000 0.030792 0.500000 0.061584
0 0.750000 0.133248 0.190278 0.022361
0 0.500000 0.218475 0.912500 0.031525
0 0.500000 0.288123 0.912500 0.076979
3 0.500000 0.403592 0.912500 0.076979
1 0.422222 0.051320 0.844444 0.102639
1 0.075347 0.039773 0.072917 0.038490
1 0.422222 0.051320 0.162500 0.078446
4 0.422222 0.187500 0.844444 0.059018
1 0.094792 0.029509 0.072917 0.038490
0 0.507292 0.187500 0.674306 0.022361
3 0.422222 0.289040 0.844444 0.059018
3 0.422222 0.348057 0.844444 0.059018
3 0.422222 0.407075 0.844444 0.059018
3 0.422222 0.466092 0.844444 0.059018
3 0.422222 0.525110 0.844444 0.059018
3 0.422222 0.584128 0.844444 0.059018
3 0.422222 0.685667 0.844444 0.059018
3 0.422222 0.744685 0.844444 0.059018
3 0.422222 0.803702 0.844444 0.059018
3 0.422222 0.876283 0.844444 0.001100
