0 0.274653 0.070898 0.257639 0.036328
3 0.068056 0.038281 0.136111 0.076563
5 0.456250 0.147656 0.834722 0.051562
4 0.936806 0.147656 0.048611 0.051562
3 0.166667 0.224219 0.333333 0.076563
3 0.500000 0.224219 0.333333 0.076563
3 0.833333 0.224219 0.333333 0.076563
8 0.500000 0.335938 1.000000 0.671875
4 0.500000 0.598437 1.000000 0.671875
4 0.500000 0.034180 1.000000 0.068359
4 0.136111 0.114844 0.194444 0.109375
0 0.437500 0.114844 0.330556 0.065625
4 0.340278 0.269141 0.680556 0.065625
0 0.340278 0.269141 0.602778 0.065625
4 0.340278 0.334766 0.680556 0.065625
0 0.340278 0.334766 0.602778 0.065625
4 0.340278 0.400391 0.680556 0.065625
0 0.340278 0.400391 0.602778 0.065625
4 0.340278 0.466016 0.680556 0.065625
0 0.340278 0.466016 0.602778 0.065625
4 0.340278 0.555078 0.680556 0.065625
0 0.340278 0.555078 0.602778 0.065625
4 0.340278 0.620703 0.680556 0.065625
0 0.340278 0.620703 0.602778 0.065625
4 0.340278 0.686328 0.680556 0.065625
0 0.340278 0.686328 0.602778 0.065625
0 0.604861 0.908594 0.151389 0.051562
