0 0.318403 0.071094 0.286806 0.030469
3 0.068056 0.038281 0.136111 0.076563
0 0.499306 0.498047 0.523611 0.033594
0 0.499653 0.542578 0.632639 0.027344
3 0.499306 0.593750 0.248611 0.033594
4 0.384028 0.467187 0.768056 0.934375
8 0.384028 0.109375 0.768056 0.218750
4 0.384028 0.125781 0.768056 0.185938
1 0.116667 0.125781 0.155556 0.087500
0 0.356944 0.109375 0.247222 0.028125
0 0.415972 0.145117 0.365278 0.021484
8 0.384028 0.264062 0.768056 0.087500
1 0.068056 0.264062 0.058333 0.032813
0 0.220833 0.263867 0.091667 0.021484
8 0.384028 0.353125 0.768056 0.087500
1 0.068056 0.353125 0.058333 0.032813
0 0.209028 0.352930 0.068056 0.021484
8 0.384028 0.442188 0.768056 0.087500
1 0.068056 0.442188 0.058333 0.032813
0 0.276736 0.441992 0.203472 0.021484
8 0.384028 0.531250 0.768056 0.087500
1 0.068056 0.531250 0.058333 0.032813
0 0.232292 0.531055 0.114583 0.021484
8 0.384028 0.620313 0.768056 0.087500
1 0.068056 0.620313 0.058333 0.032813
0 0.232639 0.620117 0.115278 0.021484
8 0.384028 0.709375 0.768056 0.087500
1 0.068056 0.709375 0.058333 0.032813
0 0.246181 0.709180 0.142361 0.021484
8 0.384028 0.798438 0.768056 0.087500
1 0.068056 0.798438 0.058333 0.032813
0 0.291319 0.798242 0.232639 0.021484
8 0.384028 0.887500 0.768056 0.087500
1 0.068056 0.887500 0.058333 0.032813
0 0.236458 0.887305 0.122917 0.021484
8 0.384028 0.966406 0.768056 0.067187
