0 0.117403 0.071094 0.085384 0.032813
3 0.029054 0.038281 0.058109 0.076563
3 0.077824 0.133398 0.155648 0.048047
3 0.291284 0.133398 0.271272 0.048047
8 0.213460 0.545898 0.426920 0.776953
8 0.213460 0.420312 0.393715 0.279687
1 0.213312 0.354102 0.329973 0.147266
0 0.213460 0.506250 0.393715 0.025781
3 0.213460 0.545117 0.393715 0.030078
4 0.145271 0.467187 0.290543 0.934375
1 0.145271 0.118359 0.290543 0.171094
1 0.050400 0.099219 0.067596 0.089063
0 0.059443 0.167578 0.085680 0.025781
4 0.145271 0.278906 0.290543 0.065625
0 0.145271 0.278906 0.257338 0.065625
4 0.145271 0.344531 0.290543 0.065625
0 0.145271 0.344531 0.257338 0.065625
4 0.145271 0.410156 0.290543 0.065625
0 0.145271 0.410156 0.257338 0.065625
4 0.145271 0.475781 0.290543 0.065625
0 0.145271 0.475781 0.257338 0.065625
4 0.145271 0.541406 0.290543 0.065625
0 0.145271 0.541406 0.257338 0.065625
4 0.145271 0.607031 0.290543 0.065625
0 0.145271 0.607031 0.257338 0.065625
4 0.145271 0.696094 0.290543 0.065625
0 0.145271 0.696094 0.257338 0.065625
4 0.145271 0.761719 0.290543 0.065625
0 0.145271 0.761719 0.257338 0.065625
4 0.145271 0.827344 0.290543 0.065625
0 0.145271 0.827344 0.257338 0.065625
