3 0.100348 0.225334 0.097561 0.052676
4 0.100348 0.377508 0.200697 0.183946
4 0.053519 0.526338 0.023415 0.070234
4 0.084739 0.526338 0.023415 0.070234
4 0.115958 0.526338 0.023415 0.070234
4 0.147178 0.526338 0.023415 0.070234
4 0.100348 0.792433 0.200697 0.415134
8 0.100348 0.207567 0.200697 0.415134
0 0.100348 0.748746 0.134913 0.093645
0 0.100348 0.839047 0.134913 0.086957
4 0.100348 0.152174 0.200697 0.093645
0 0.094495 0.139632 0.169477 0.027592
1 0.188014 0.152174 0.017561 0.052676
4 0.067108 0.152174 0.134216 0.093645
4 0.015610 0.152174 0.019512 0.058528
4 0.118606 0.152174 0.023415 0.070234
0 0.067108 0.152174 0.071777 0.054348
0 0.067805 0.216346 0.120836 0.011288
3 0.025645 0.257107 0.036516 0.046823
4 0.067108 0.650711 0.134216 0.698579
8 0.067108 0.029264 0.134216 0.058528
1 0.015610 0.330686 0.023415 0.058528
0 0.079791 0.330686 0.097143 0.031773
1 0.122509 0.330686 0.023415 0.046823
8 0.067108 0.087793 0.134216 0.058528
1 0.029268 0.389214 0.023415 0.058528
0 0.086620 0.389214 0.083484 0.031773
1 0.122509 0.389214 0.023415 0.046823
8 0.067108 0.146321 0.134216 0.058528
1 0.039024 0.447742 0.023415 0.058528
0 0.091498 0.447742 0.073728 0.031773
1 0.122509 0.447742 0.023415 0.046823
8 0.067108 0.204849 0.134216 0.058528
1 0.029268 0.506271 0.023415 0.058528
0 0.086620 0.506271 0.083484 0.031773
1 0.122509 0.506271 0.023415 0.046823
8 0.067108 0.263378 0.134216 0.058528
1 0.029268 0.564799 0.023415 0.058528
0 0.086620 0.564799 0.083484 0.031773
1 0.122509 0.564799 0.023415 0.046823
8 0.067108 0.321906 0.134216 0.058528
1 0.029268 0.623328 0.023415 0.058528
0 0.086620 0.623328 0.083484 0.031773
1 0.122509 0.623328 0.023415 0.046823
8 0.067108 0.380435 0.134216 0.058528
1 0.015610 0.681856 0.023415 0.058528
0 0.079791 0.681856 0.097143 0.031773
8 0.067108 0.438963 0.134216 0.058528
1 0.015610 0.740385 0.023415 0.058528
0 0.079791 0.740385 0.097143 0.031773
8 0.067108 0.497492 0.134216 0.058528
1 0.015610 0.798913 0.023415 0.058528
0 0.079791 0.798913 0.097143 0.031773
8 0.067108 0.561873 0.134216 0.070234
0 0.066132 0.863294 0.124460 0.033445
1 0.122509 0.863294 0.023415 0.046823
8 0.067108 0.632107 0.134216 0.070234
0 0.066132 0.933528 0.124460 0.033445
1 0.122509 0.933528 0.023415 0.046823
8 0.067108 0.702341 0.134216 0.070234
1 0.015610 0.984323 0.023415 0.031355
0 0.079791 0.993938 0.097143 0.012124
1 0.122509 0.990176 0.023415 0.019649
3 0.037282 0.035117 0.074564 0.070234
2 0.003902 0.070234 0.007805 0.023411
1 0.013798 0.070234 0.015610 0.046823
0 0.047108 0.070025 0.047108 0.035535
