4 0.500000 0.412500 1.000000 0.825000
4 0.250000 0.020508 0.500000 0.041016
4 0.750000 0.020508 0.500000 0.041016
4 0.500000 0.198242 0.951389 0.041016
1 0.326389 0.020508 0.008333 0.037109
4 0.500000 0.252930 0.951389 0.041016
4 0.500000 0.901563 1.000000 0.065625
3 0.500000 0.901563 1.000000 0.065625
3 0.068056 0.038281 0.136111 0.076563
0 0.256250 0.070898 0.162500 0.033203
1 0.909722 0.071094 0.106944 0.076563
8 0.369444 0.037109 0.738889 0.074219
1 0.065972 0.069922 0.058333 0.032813
8 0.369444 0.132812 0.738889 0.051562
8 0.369444 0.162891 0.738889 0.074219
1 0.065972 0.195703 0.058333 0.032813
1 0.672917 0.195703 0.058333 0.032813
8 0.369444 0.237109 0.738889 0.074219
1 0.065972 0.269922 0.058333 0.032813
1 0.672917 0.269922 0.058333 0.032813
8 0.369444 0.311328 0.738889 0.074219
1 0.065972 0.344141 0.058333 0.032813
8 0.369444 0.385547 0.738889 0.074219
1 0.065972 0.418359 0.058333 0.032813
8 0.369444 0.459766 0.738889 0.074219
1 0.065972 0.492578 0.058333 0.032813
2 0.117361 0.492578 0.019444 0.010937
8 0.369444 0.533984 0.738889 0.074219
1 0.065972 0.566797 0.058333 0.032813
8 0.369444 0.629687 0.738889 0.051562
8 0.369444 0.659766 0.738889 0.074219
1 0.065972 0.692578 0.058333 0.032813
8 0.369444 0.733984 0.738889 0.074219
1 0.065972 0.766797 0.058333 0.032813
8 0.369444 0.829688 0.738889 0.051562
8 0.369444 0.859766 0.738889 0.074219
1 0.065972 0.892578 0.058333 0.032813
8 0.369444 0.933984 0.738889 0.074219
