0 0.342708 0.070898 0.393750 0.036328
3 0.068056 0.038281 0.136111 0.076563
5 0.941667 0.071094 0.116667 0.065625
1 0.941667 0.071094 0.116667 0.065625
4 0.500000 0.483594 1.000000 0.748437
4 0.500000 0.896094 1.000000 0.076563
1 0.068056 0.896094 0.136111 0.076563
4 0.931944 0.896094 0.136111 0.076563
4 0.422222 0.483594 0.844444 0.901563
1 0.422222 0.150391 0.844444 0.235156
8 0.422222 0.302344 0.844444 0.065625
1 0.068056 0.302344 0.058333 0.032813
0 0.247569 0.302344 0.145139 0.025781
8 0.422222 0.367969 0.844444 0.065625
1 0.068056 0.367969 0.058333 0.032813
0 0.255208 0.367969 0.160417 0.025781
8 0.422222 0.433594 0.844444 0.065625
1 0.068056 0.433594 0.058333 0.032813
0 0.236458 0.433594 0.122917 0.025781
8 0.422222 0.499219 0.844444 0.065625
1 0.068056 0.499219 0.058333 0.032813
0 0.237847 0.499219 0.125694 0.025781
8 0.422222 0.564844 0.844444 0.065625
1 0.068056 0.564844 0.058333 0.032813
0 0.240972 0.564844 0.131944 0.025781
8 0.422222 0.630469 0.844444 0.065625
1 0.068056 0.630469 0.058333 0.032813
0 0.288194 0.630469 0.226389 0.025781
