4 0.244048 0.071697 0.488095 0.073161
1 0.042063 0.071906 0.055556 0.058528
0 0.195040 0.071697 0.221825 0.035535
1 0.458730 0.071488 0.044444 0.046823
1 0.407143 0.071488 0.044444 0.046823
4 0.244048 0.146530 0.488095 0.073161
1 0.034921 0.146739 0.055556 0.058528
0 0.282540 0.146530 0.411111 0.035535
4 0.244048 0.221363 0.488095 0.073161
1 0.034921 0.221572 0.055556 0.058528
0 0.282540 0.221363 0.411111 0.035535
4 0.244048 0.325460 0.488095 0.073161
1 0.034921 0.325669 0.055556 0.058528
0 0.282540 0.325460 0.411111 0.035535
4 0.244048 0.400293 0.488095 0.073161
1 0.034921 0.400502 0.055556 0.058528
0 0.282540 0.400293 0.411111 0.035535
4 0.244048 0.475125 0.488095 0.073161
1 0.034921 0.475334 0.055556 0.058528
0 0.150992 0.475125 0.148016 0.035535
4 0.244048 0.549958 0.488095 0.073161
1 0.034921 0.550167 0.055556 0.058528
0 0.282540 0.549958 0.411111 0.035535
4 0.244048 0.624791 0.488095 0.073161
1 0.034921 0.625000 0.055556 0.058528
0 0.282540 0.624791 0.411111 0.035535
4 0.244048 0.699624 0.488095 0.073161
1 0.034921 0.699833 0.055556 0.058528
0 0.282540 0.699624 0.411111 0.035535
4 0.244048 0.774457 0.488095 0.073161
1 0.034921 0.774666 0.055556 0.058528
0 0.282540 0.774457 0.411111 0.035535
3 0.071429 0.035117 0.142857 0.070234
8 0.529762 0.587793 0.083333 0.824415
4 0.529762 0.587793 0.083333 0.824415
8 0.285714 0.110786 0.571429 0.221572
4 0.529762 0.286371 0.083333 0.221572
8 0.142063 0.110786 0.284127 0.221572
8 0.285714 0.332358 0.571429 0.221572
4 0.529762 0.507943 0.083333 0.221572
8 0.285714 0.553930 0.571429 0.221572
4 0.529762 0.729515 0.083333 0.221572
8 0.285714 0.776129 0.571429 0.222826
4 0.529762 0.920151 0.083333 0.159699
8 0.285714 0.111413 0.571429 0.222826
3 0.080159 0.035117 0.160317 0.070234
2 0.499206 0.070234 0.022222 0.023411
1 0.527381 0.070234 0.044444 0.046823
0 0.563294 0.070025 0.016270 0.035535
