4 0.500000 0.483594 1.000000 0.835938
4 0.303819 0.482227 0.607639 0.767578
8 0.303819 0.043750 0.607639 0.065625
1 0.068056 0.142187 0.048611 0.027344
0 0.255208 0.142187 0.160417 0.025781
8 0.303819 0.120313 0.607639 0.065625
1 0.068056 0.218750 0.048611 0.027344
0 0.237847 0.218750 0.125694 0.025781
8 0.303819 0.196875 0.607639 0.065625
1 0.068056 0.295312 0.048611 0.027344
0 0.282292 0.295312 0.214583 0.025781
8 0.303819 0.273438 0.607639 0.065625
1 0.068056 0.371875 0.048611 0.027344
0 0.210417 0.371875 0.070833 0.025781
8 0.303819 0.350000 0.607639 0.065625
1 0.068056 0.448437 0.048611 0.027344
0 0.256944 0.448437 0.163889 0.025781
8 0.303819 0.426563 0.607639 0.065625
1 0.068056 0.525000 0.048611 0.027344
0 0.259722 0.525000 0.169444 0.025781
3 0.303819 0.898633 0.559028 0.057422
3 0.500000 0.065039 0.727778 0.064453
4 0.941667 0.065625 0.116667 0.065625
3 0.068056 0.032813 0.136111 0.065625
