4 0.388889 0.036580 0.777778 0.073161
1 0.922222 0.119983 0.116667 0.070234
4 0.500000 0.045360 1.000000 0.090719
4 0.100000 0.035117 0.200000 0.070234
1 0.099653 0.127508 0.090972 0.040970
4 0.300000 0.035117 0.200000 0.070234
1 0.299653 0.127508 0.090972 0.040970
4 0.500000 0.035117 0.200000 0.070234
1 0.500000 0.127508 0.069444 0.040970
4 0.700000 0.035117 0.200000 0.070234
1 0.699653 0.127508 0.090972 0.040970
4 0.900000 0.035117 0.200000 0.070234
1 0.900000 0.127508 0.095833 0.040970
4 0.500000 0.582149 1.000000 0.835702
8 0.500000 0.019649 1.000000 0.039298
8 0.500000 0.081104 1.000000 0.081940
0 0.568056 0.245192 0.844444 0.035535
1 0.068056 0.245401 0.116667 0.070234
8 0.500000 0.163880 1.000000 0.081940
0 0.568056 0.327968 0.844444 0.035535
1 0.068056 0.328177 0.116667 0.070234
8 0.500000 0.246656 1.000000 0.081940
0 0.568056 0.410744 0.844444 0.035535
1 0.068056 0.410953 0.116667 0.070234
8 0.500000 0.329431 1.000000 0.081940
0 0.568056 0.493520 0.844444 0.035535
1 0.068056 0.493729 0.116667 0.070234
8 0.500000 0.390886 1.000000 0.039298
8 0.500000 0.452341 1.000000 0.081940
0 0.568056 0.616430 0.844444 0.035535
1 0.068056 0.616639 0.116667 0.070234
8 0.500000 0.535117 1.000000 0.081940
0 0.568056 0.699206 0.844444 0.035535
1 0.068056 0.699415 0.116667 0.070234
8 0.500000 0.617893 1.000000 0.081940
0 0.568056 0.781982 0.844444 0.035535
1 0.068056 0.782191 0.116667 0.070234
8 0.500000 0.700669 1.000000 0.081940
0 0.568056 0.864758 0.844444 0.035535
1 0.068056 0.864967 0.116667 0.070234
8 0.500000 0.783445 1.000000 0.081940
0 0.568056 0.947533 0.844444 0.035535
1 0.068056 0.947742 0.116667 0.070234
8 0.500000 0.866221 1.000000 0.081940
1 0.068056 0.997701 0.116667 0.004599
