4 0.500000 0.552676 1.000000 0.894649
4 0.291667 0.552676 0.583333 0.894649
8 0.291667 0.045569 0.583333 0.091137
1 0.083333 0.150920 0.083333 0.050167
0 0.244792 0.150711 0.156250 0.049749
8 0.291667 0.138378 0.583333 0.091137
1 0.083333 0.243729 0.083333 0.050167
0 0.266319 0.243520 0.224306 0.049749
0 0.466319 0.243729 0.175694 0.056020
8 0.291667 0.231187 0.583333 0.091137
1 0.083333 0.336538 0.083333 0.050167
0 0.313194 0.336329 0.318056 0.049749
0 0.513194 0.336538 0.081944 0.056020
8 0.291667 0.323997 0.583333 0.091137
1 0.083333 0.429348 0.083333 0.050167
0 0.258333 0.429139 0.208333 0.049749
0 0.445486 0.429139 0.165972 0.049749
8 0.291667 0.416806 0.583333 0.091137
1 0.083333 0.522157 0.083333 0.050167
0 0.204167 0.521948 0.100000 0.049749
0 0.372917 0.521948 0.237500 0.049749
8 0.291667 0.509615 0.583333 0.091137
1 0.083333 0.614967 0.083333 0.050167
0 0.222569 0.614758 0.136806 0.049749
0 0.411806 0.614758 0.241667 0.049749
3 0.111111 0.035117 0.222222 0.070234
2 0.016319 0.070443 0.032639 0.019649
1 0.062500 0.070234 0.077778 0.046823
0 0.156944 0.070234 0.091667 0.045151
5 0.611111 0.070234 0.777778 0.070234
5 0.611111 0.064381 0.680556 0.046823
