4 0.500000 0.467187 1.000000 0.934375
4 0.500000 0.034180 1.000000 0.068359
1 0.500000 0.431055 0.311111 0.107422
0 0.499653 0.508594 0.261806 0.025781
0 0.611806 0.070898 0.484722 0.036328
3 0.931944 0.038281 0.136111 0.076563
3 0.155556 0.071094 0.116667 0.065625
3 0.048611 0.038281 0.097222 0.065625
4 0.388889 0.467187 0.777778 0.934375
8 0.388889 0.065625 0.777778 0.131250
1 0.611111 0.065625 0.777778 0.131250
8 0.388889 0.164062 0.777778 0.065625
1 0.931944 0.164062 0.058333 0.065625
0 0.572222 0.164062 0.505556 0.025781
0 0.280556 0.164062 0.038889 0.065625
8 0.388889 0.229687 0.777778 0.065625
1 0.931944 0.229687 0.058333 0.065625
0 0.572222 0.229687 0.505556 0.025781
0 0.280556 0.229687 0.038889 0.065625
8 0.388889 0.295312 0.777778 0.065625
1 0.931944 0.295312 0.058333 0.065625
0 0.552778 0.295312 0.544444 0.025781
8 0.388889 0.360938 0.777778 0.065625
1 0.931944 0.360938 0.058333 0.065625
0 0.552778 0.360938 0.544444 0.025781
8 0.388889 0.426563 0.777778 0.065625
1 0.931944 0.426563 0.058333 0.065625
0 0.552778 0.426563 0.544444 0.025781
8 0.388889 0.492188 0.777778 0.065625
1 0.931944 0.492188 0.058333 0.065625
0 0.552778 0.492188 0.544444 0.025781
8 0.388889 0.557813 0.777778 0.065625
1 0.931944 0.557813 0.058333 0.065625
0 0.572222 0.557813 0.505556 0.025781
0 0.280556 0.557813 0.038889 0.065625
8 0.388889 0.623437 0.777778 0.065625
1 0.931944 0.623437 0.058333 0.065625
0 0.552778 0.623437 0.544444 0.025781
8 0.388889 0.689063 0.777778 0.065625
1 0.931944 0.689063 0.058333 0.065625
0 0.562500 0.689063 0.525000 0.025781
0 0.270833 0.689063 0.019444 0.065625
8 0.388889 0.733594 0.777778 0.023438
8 0.388889 0.778125 0.777778 0.065625
1 0.931944 0.778125 0.058333 0.065625
0 0.552778 0.778125 0.544444 0.025781
8 0.388889 0.843750 0.777778 0.065625
1 0.931944 0.843750 0.058333 0.065625
0 0.552778 0.843750 0.544444 0.025781
8 0.388889 0.888281 0.777778 0.023438
8 0.388889 0.932813 0.777778 0.065625
1 0.931944 0.917188 0.058333 0.034375
0 0.552778 0.927148 0.544444 0.014453
