3 0.068056 0.038281 0.136111 0.076563
0 0.281597 0.056445 0.213194 0.036328
3 0.844444 0.071094 0.116667 0.065625
3 0.165278 0.038281 0.097222 0.065625
0 0.342014 0.089453 0.334028 0.029687
8 0.500000 0.142187 1.000000 0.065625
0 0.086111 0.142187 0.055556 0.065625
4 0.905208 0.142187 0.170139 0.065625
0 0.908333 0.142187 0.031944 0.025781
0 0.940278 0.142187 0.031944 0.025781
0 0.965972 0.142187 0.019444 0.025781
0 0.500000 0.916016 1.000000 0.025781
3 0.871528 0.861914 0.179167 0.101172
1 0.340278 0.102539 0.680556 0.205078
4 0.340278 0.248828 0.680556 0.065625
0 0.340278 0.248828 0.602778 0.065625
4 0.340278 0.314453 0.680556 0.065625
0 0.340278 0.314453 0.602778 0.065625
4 0.340278 0.380078 0.680556 0.065625
0 0.340278 0.380078 0.602778 0.065625
4 0.340278 0.469141 0.680556 0.065625
0 0.282639 0.469141 0.487500 0.065625
6 0.584028 0.469141 0.115278 0.065625
4 0.340278 0.534766 0.680556 0.065625
0 0.340278 0.534766 0.602778 0.065625
4 0.340278 0.600391 0.680556 0.065625
0 0.340278 0.600391 0.602778 0.065625
4 0.340278 0.666016 0.680556 0.065625
0 0.340278 0.666016 0.602778 0.065625
