3 0.068056 0.038281 0.136111 0.076563
8 0.500000 0.521875 1.000000 0.825000
4 0.500000 0.521875 1.000000 0.825000
1 0.500000 0.366406 1.000000 0.328125
3 0.893056 0.874219 0.136111 0.076563
4 0.388889 0.467187 0.777778 0.934375
8 0.388889 0.116992 0.777778 0.233984
3 0.709722 0.195703 0.136111 0.076563
8 0.388889 0.276953 0.777778 0.065625
8 0.388889 0.342187 0.777778 0.065625
8 0.388889 0.386328 0.777778 0.023438
8 0.388889 0.430469 0.777778 0.065625
8 0.388889 0.495703 0.777778 0.065625
8 0.388889 0.560937 0.777778 0.065625
8 0.388889 0.605078 0.777778 0.023438
8 0.388889 0.649219 0.777778 0.065625
8 0.388889 0.714453 0.777778 0.065625
