0 0.184722 0.151953 0.301389 0.029687
3 0.248611 0.218164 0.497222 0.075391
3 0.750000 0.218164 0.500000 0.075391
3 0.248611 0.295117 0.497222 0.075391
3 0.750000 0.295117 0.500000 0.075391
3 0.248611 0.372070 0.497222 0.075391
3 0.750000 0.372070 0.500000 0.075391
0 0.177083 0.460547 0.286111 0.029687
8 0.149653 0.591602 0.299306 0.205078
1 0.149653 0.570898 0.250694 0.113672
0 0.149306 0.648242 0.094444 0.041016
8 0.448958 0.591602 0.299306 0.205078
1 0.448958 0.570898 0.250694 0.113672
0 0.448958 0.648242 0.146528 0.041016
8 0.748264 0.591602 0.299306 0.205078
1 0.748264 0.570898 0.250694 0.113672
0 0.748264 0.648242 0.153472 0.041016
8 0.948958 0.591602 0.102083 0.205078
1 0.961111 0.570898 0.077778 0.113672
0 0.982986 0.648242 0.034028 0.041016
3 0.500000 0.750000 1.000000 0.067187
1 0.500000 0.858984 1.000000 0.150781
1 0.868750 0.860547 0.204167 0.114844
3 0.068056 0.038281 0.136111 0.076563
1 0.177431 0.070898 0.082639 0.046484
5 0.352778 0.070898 0.268056 0.033203
3 0.817708 0.070898 0.072917 0.041016
3 0.941667 0.071094 0.116667 0.065625
4 0.344792 0.062305 0.689583 0.124609
1 0.068403 0.117188 0.052083 0.015625
0 0.325347 0.018359 0.631250 0.025781
0 0.364236 0.184180 0.104861 0.022266
6 0.359722 0.483594 0.719444 0.901563
8 0.359722 0.088867 0.719444 0.112109
1 0.359722 0.088867 0.719444 0.112109
1 0.099653 0.088867 0.131250 0.073828
1 0.651389 0.092969 0.058333 0.032813
8 0.261458 0.074023 0.114583 0.033203
8 0.294444 0.108984 0.180556 0.025781
8 0.359722 0.185938 0.719444 0.065625
8 0.068056 0.185938 0.058333 0.032813
8 0.427778 0.185938 0.583333 0.025781
8 0.359722 0.251563 0.719444 0.065625
8 0.068056 0.251563 0.058333 0.032813
8 0.333333 0.241016 0.394444 0.025781
8 0.333333 0.264258 0.394444 0.020703
1 0.651389 0.251563 0.058333 0.032813
8 0.359722 0.317188 0.719444 0.065625
8 0.379167 0.320117 0.680556 0.022266
8 0.359722 0.382812 0.719444 0.065625
8 0.068056 0.382812 0.058333 0.032813
8 0.427778 0.382812 0.583333 0.025781
8 0.359722 0.448437 0.719444 0.065625
8 0.068056 0.448437 0.058333 0.032813
8 0.427778 0.448437 0.583333 0.025781
8 0.359722 0.514062 0.719444 0.065625
8 0.068056 0.514062 0.058333 0.032813
8 0.427778 0.514062 0.583333 0.025781
8 0.359722 0.579688 0.719444 0.065625
8 0.068056 0.579688 0.058333 0.032813
8 0.427778 0.579688 0.583333 0.025781
8 0.359722 0.645312 0.719444 0.065625
8 0.068056 0.645312 0.058333 0.032813
8 0.427778 0.645312 0.583333 0.025781
0 0.654514 0.645117 0.046528 0.026172
8 0.359722 0.710938 0.719444 0.065625
8 0.068056 0.710938 0.058333 0.032813
8 0.427778 0.710938 0.583333 0.025781
8 0.359722 0.776563 0.719444 0.065625
8 0.068056 0.776563 0.058333 0.032813
8 0.427778 0.776563 0.583333 0.025781
8 0.359722 0.842187 0.719444 0.065625
8 0.379167 0.845117 0.680556 0.022266
8 0.359722 0.904687 0.719444 0.059375
8 0.068056 0.907813 0.058333 0.032813
8 0.427778 0.907813 0.583333 0.025781
