0 0.500000 0.080059 1.000000 0.043060
1 0.956250 0.137124 0.087500 0.000836
4 0.956250 0.515468 0.087500 0.757525
1 0.956250 0.672450 0.087500 0.373328
0 0.334028 0.785953 0.076389 0.027592
3 0.648264 0.761706 0.121528 0.076087
3 0.389931 0.824415 0.188194 0.031773
3 0.463194 0.871656 0.315278 0.027592
3 0.642708 0.874582 0.034028 0.022575
3 0.082986 0.946279 0.165972 0.104097
3 0.251042 0.949415 0.170139 0.101171
3 0.744792 0.949415 0.170139 0.101171
3 0.914931 0.949415 0.170139 0.101171
4 0.291667 0.500000 0.583333 1.000000
4 0.291667 0.517559 0.583333 0.964883
8 0.291667 0.196906 0.583333 0.393813
3 0.238194 0.031982 0.476389 0.063963
3 0.529861 0.068771 0.106944 0.063963
3 0.529861 0.200042 0.106944 0.063963
3 0.529861 0.265677 0.106944 0.063963
8 0.291667 0.435410 0.583333 0.077341
0 0.123611 0.470318 0.169444 0.031773
5 0.400694 0.470527 0.345833 0.077341
0 0.322569 0.469900 0.131250 0.031773
8 0.291667 0.510452 0.583333 0.066890
0 0.063194 0.545569 0.048611 0.031773
0 0.197222 0.545569 0.141667 0.031773
8 0.291667 0.580268 0.583333 0.066890
0 0.063194 0.615385 0.048611 0.031773
0 0.175694 0.615385 0.098611 0.031773
8 0.291667 0.650084 0.583333 0.066890
0 0.063194 0.685201 0.048611 0.031773
0 0.324653 0.685201 0.396528 0.031773
8 0.291667 0.719900 0.583333 0.066890
0 0.063194 0.755017 0.048611 0.031773
0 0.267014 0.755017 0.281250 0.031773
8 0.291667 0.789716 0.583333 0.066890
0 0.063194 0.824833 0.048611 0.031773
0 0.252083 0.824833 0.251389 0.031773
8 0.291667 0.859532 0.583333 0.066890
0 0.063194 0.894649 0.048611 0.031773
0 0.214931 0.894649 0.177083 0.031773
