3 0.121875 0.088838 0.243750 0.107441
1 0.359375 0.088629 0.134028 0.064381
4 0.414931 0.601171 0.829861 0.797659
8 0.414931 0.241012 0.829861 0.077341
0 0.146875 0.241012 0.293750 0.077341
8 0.414931 0.318353 0.829861 0.077341
0 0.085417 0.318353 0.170833 0.077341
1 0.754514 0.318353 0.150694 0.014632
8 0.414931 0.392140 0.829861 0.070234
0 0.414931 0.392140 0.829861 0.070234
8 0.414931 0.462375 0.829861 0.070234
0 0.414931 0.462375 0.829861 0.070234
8 0.414931 0.532609 0.829861 0.070234
0 0.414931 0.532609 0.829861 0.070234
8 0.414931 0.602843 0.829861 0.070234
0 0.414931 0.602843 0.829861 0.070234
8 0.414931 0.673077 0.829861 0.070234
0 0.414931 0.673077 0.829861 0.070234
8 0.414931 0.743311 0.829861 0.070234
0 0.414931 0.743311 0.829861 0.070234
8 0.414931 0.813545 0.829861 0.070234
0 0.414931 0.813545 0.829861 0.070234
8 0.414931 0.887333 0.829861 0.077341
0 0.142708 0.887333 0.285417 0.077341
8 0.414931 0.963002 0.829861 0.073997
0 0.093750 0.963002 0.187500 0.073997
4 0.914931 0.516095 0.170139 0.821488
8 0.500000 0.233069 1.000000 0.466137
1 0.914931 0.273829 0.170139 0.336957
0 0.922569 0.501254 0.154861 0.098662
8 0.914931 0.625000 0.170139 0.107023
4 0.914931 0.619147 0.170139 0.095318
1 0.309722 0.051212 0.619444 0.102425
8 0.914931 0.744983 0.170139 0.132943
8 0.924653 0.739130 0.150694 0.116221
1 0.924653 0.739130 0.150694 0.116221
8 0.914931 0.869147 0.170139 0.115385
8 0.924653 0.870401 0.150694 0.112876
1 0.924653 0.870401 0.150694 0.112876
4 0.500000 0.410744 1.000000 0.821488
0 0.933333 0.161998 0.133333 0.068980
0 0.933333 0.270067 0.133333 0.147157
8 0.500000 0.276338 1.000000 0.552676
0 0.922569 0.522993 0.154861 0.142140
0 0.926389 0.620192 0.147222 0.033863
8 0.914931 0.724498 0.170139 0.132943
8 0.924653 0.718645 0.150694 0.116221
1 0.924653 0.718645 0.150694 0.116221
8 0.914931 0.857441 0.170139 0.132943
8 0.924653 0.851589 0.150694 0.116221
1 0.924653 0.851589 0.150694 0.116221
8 0.914931 0.925376 0.170139 0.002926
8 0.924653 0.926630 0.150694 0.000418
1 0.924653 0.926630 0.150694 0.000418
4 0.388889 0.036580 0.777778 0.073161
1 0.876042 0.070025 0.092361 0.055602
