3 0.068056 0.038281 0.136111 0.076563
3 0.825000 0.071094 0.116667 0.065625
3 0.941667 0.071094 0.116667 0.065625
8 0.500000 0.071094 1.000000 0.142187
4 0.500000 0.180469 1.000000 0.142187
4 0.080208 0.169531 0.160417 0.120313
1 0.092361 0.150391 0.106944 0.060156
8 0.500000 0.213281 1.000000 0.142187
4 0.500000 0.322656 1.000000 0.142187
4 0.080208 0.311719 0.160417 0.120313
1 0.092361 0.292578 0.106944 0.060156
8 0.500000 0.355469 1.000000 0.142187
4 0.500000 0.464844 1.000000 0.142187
4 0.080208 0.453906 0.160417 0.120313
1 0.092361 0.434766 0.106944 0.060156
4 0.382986 0.467187 0.765972 0.934375
8 0.382986 0.131055 0.765972 0.196484
1 0.382292 0.103711 0.189583 0.106641
1 0.606250 0.103906 0.129167 0.072656
8 0.382986 0.260547 0.765972 0.062500
8 0.652083 0.260547 0.227778 0.029687
8 0.288542 0.260352 0.499306 0.019141
8 0.382986 0.323047 0.765972 0.062500
8 0.072917 0.322852 0.068056 0.024609
8 0.657639 0.323047 0.216667 0.029687
8 0.592014 0.323047 0.060417 0.029687
8 0.328125 0.322852 0.442361 0.028516
8 0.382986 0.384961 0.765972 0.061328
8 0.072917 0.384961 0.068056 0.024609
8 0.694097 0.384961 0.143750 0.024609
8 0.364583 0.384961 0.515278 0.028516
8 0.382986 0.446289 0.765972 0.061328
8 0.072917 0.446289 0.068056 0.024609
8 0.694097 0.446289 0.143750 0.024609
8 0.364583 0.446289 0.515278 0.028516
8 0.382986 0.507617 0.765972 0.061328
8 0.072917 0.507617 0.068056 0.024609
8 0.694097 0.507617 0.143750 0.024609
8 0.364583 0.507617 0.515278 0.028516
8 0.382986 0.568945 0.765972 0.061328
8 0.072917 0.568945 0.068056 0.024609
8 0.694097 0.568945 0.143750 0.024609
8 0.364583 0.568945 0.515278 0.028516
8 0.382986 0.630273 0.765972 0.061328
8 0.072917 0.630273 0.068056 0.024609
8 0.694097 0.630273 0.143750 0.024609
8 0.364583 0.630273 0.515278 0.028516
8 0.382986 0.678125 0.765972 0.034375
8 0.382986 0.725977 0.765972 0.061328
8 0.072917 0.725977 0.068056 0.024609
8 0.436458 0.725977 0.659028 0.028516
8 0.382986 0.787305 0.765972 0.061328
8 0.072917 0.787305 0.068056 0.024609
8 0.436458 0.787305 0.659028 0.028516
8 0.382986 0.848633 0.765972 0.061328
8 0.072917 0.848633 0.068056 0.024609
8 0.436458 0.848633 0.659028 0.028516
8 0.382986 0.896484 0.765972 0.034375
8 0.382986 0.924023 0.765972 0.020703
8 0.661458 0.932227 0.209028 0.004297
