8 0.500000 0.384824 1.000000 0.769649
4 0.395833 0.341764 0.752778 0.339883
1 0.395833 0.341764 0.752778 0.339883
4 0.885417 0.214047 0.187500 0.084448
1 0.885417 0.214047 0.187500 0.084448
1 0.885417 0.307274 0.187500 0.084448
1 0.063194 0.570234 0.087500 0.046823
5 0.490278 0.570234 0.747222 0.057692
3 0.922222 0.570234 0.116667 0.070234
4 0.500000 0.964883 1.000000 0.070234
3 0.077778 0.964883 0.155556 0.070234
3 0.499653 0.964883 0.161806 0.046823
3 0.922222 0.964883 0.155556 0.070234
4 0.303819 0.447324 0.607639 0.894649
8 0.303819 0.035117 0.607639 0.070234
8 0.303819 0.094482 0.607639 0.046823
8 0.303819 0.153846 0.607639 0.070234
8 0.303819 0.224916 0.607639 0.070234
8 0.303819 0.295987 0.607639 0.070234
8 0.303819 0.367057 0.607639 0.070234
8 0.303819 0.426421 0.607639 0.046823
8 0.303819 0.485786 0.607639 0.070234
8 0.303819 0.556856 0.607639 0.070234
8 0.303819 0.627926 0.607639 0.070234
8 0.303819 0.698997 0.607639 0.070234
8 0.303819 0.770067 0.607639 0.070234
8 0.303819 0.829431 0.607639 0.046823
8 0.303819 0.888796 0.607639 0.070234
3 0.162500 0.035117 0.325000 0.070234
2 0.019444 0.070234 0.038889 0.023411
1 0.068750 0.070234 0.077778 0.046823
0 0.211458 0.070234 0.188194 0.031773
6 0.675000 0.067308 0.338889 0.040970
3 0.445833 0.035117 0.136111 0.070234
