0 0.218750 0.070898 0.145833 0.033203
3 0.068056 0.038281 0.136111 0.076563
0 0.506250 0.150195 0.938889 0.081641
0 0.506250 0.226172 0.938889 0.070312
5 0.134028 0.295508 0.194444 0.054297
0 0.243403 0.292773 0.024306 0.033203
5 0.340625 0.295508 0.121528 0.054297
0 0.413542 0.292773 0.024306 0.033203
5 0.547222 0.295508 0.194444 0.054297
5 0.506250 0.360352 0.938889 0.048047
0 0.494097 0.357617 0.865972 0.041016
5 0.506250 0.425195 0.938889 0.054297
3 0.151042 0.487891 0.218750 0.065625
3 0.862153 0.486523 0.217361 0.041016
0 0.401042 0.063086 0.753472 0.033203
4 0.388889 0.104297 0.777778 0.065625
0 0.388889 0.137109 0.700000 0.065625
4 0.388889 0.169922 0.777778 0.065625
0 0.388889 0.202734 0.700000 0.065625
4 0.388889 0.235547 0.777778 0.065625
0 0.388889 0.268359 0.700000 0.065625
4 0.388889 0.301172 0.777778 0.065625
0 0.388889 0.333984 0.700000 0.065625
