0 0.140625 0.075042 0.281250 0.047241
4 0.887153 0.095945 0.152083 0.089047
8 0.500000 0.029264 1.000000 0.058528
0 0.500000 0.029264 0.151389 0.029264
3 0.908681 0.029264 0.182639 0.029264
8 0.500000 0.444398 1.000000 0.771739
4 0.500000 0.615594 0.979167 0.768813
8 0.489583 0.057483 0.979167 0.114967
1 0.053472 0.288462 0.066667 0.040134
0 0.543056 0.288462 0.893056 0.039298
1 0.927431 0.288671 0.085417 0.051421
8 0.489583 0.174122 0.979167 0.114967
1 0.053472 0.405100 0.066667 0.040134
0 0.543056 0.405100 0.893056 0.039298
1 0.927431 0.405309 0.085417 0.051421
8 0.489583 0.290761 0.979167 0.114967
1 0.053472 0.521739 0.066667 0.040134
0 0.543056 0.521739 0.893056 0.039298
1 0.927431 0.521948 0.085417 0.051421
8 0.489583 0.407400 0.979167 0.114967
1 0.053472 0.638378 0.066667 0.040134
0 0.543056 0.638378 0.893056 0.039298
1 0.927431 0.638587 0.085417 0.051421
8 0.489583 0.524038 0.979167 0.114967
1 0.053472 0.755017 0.066667 0.040134
0 0.543056 0.755017 0.893056 0.039298
1 0.927431 0.755226 0.085417 0.051421
8 0.489583 0.640677 0.979167 0.114967
1 0.053472 0.871656 0.066667 0.040134
0 0.543056 0.871656 0.893056 0.039298
1 0.927431 0.871865 0.085417 0.051421
8 0.489583 0.757316 0.979167 0.114967
1 0.053472 0.984114 0.066667 0.031773
0 0.543056 0.984323 0.893056 0.031355
1 0.927431 0.981396 0.085417 0.037207
