3 0.294444 0.290134 0.231944 0.155518
3 0.704861 0.290134 0.231944 0.155518
3 0.294444 0.552676 0.231944 0.155518
3 0.704861 0.552676 0.231944 0.155518
3 0.294444 0.815217 0.231944 0.155518
4 0.669444 0.782609 0.161111 0.045987
2 0.036458 0.024875 0.034028 0.020485
0 0.698611 0.782609 0.063889 0.027592
3 0.115972 0.017559 0.231944 0.035117
1 0.069444 0.017559 0.138889 0.035117
0 0.069444 0.017559 0.033333 0.025920
4 0.169792 0.035117 0.299306 0.070234
1 0.055903 0.070443 0.052083 0.031355
0 0.195833 0.070025 0.208333 0.035535
