4 0.098307 0.034180 0.196614 0.068359
4 0.013381 0.038281 0.026761 0.076563
4 0.094484 0.071094 0.120153 0.076563
1 0.040142 0.071094 0.011469 0.032813
1 0.051611 0.071094 0.011469 0.032813
0 0.063968 0.070898 0.013244 0.036328
4 0.011469 0.038281 0.022938 0.065625
1 0.166029 0.071094 0.011469 0.032813
0 0.173266 0.055859 0.006554 0.029687
3 0.032496 0.038281 0.019115 0.065625
7 0.799768 0.032813 0.048471 0.065625
0 0.004574 0.142187 0.009148 0.025781
7 0.856499 0.032813 0.064992 0.065625
0 0.053113 0.142187 0.042054 0.025781
7 0.920740 0.032813 0.063490 0.065625
0 0.117354 0.142187 0.040552 0.025781
7 0.976242 0.032813 0.047515 0.065625
0 0.172856 0.142187 0.024577 0.025781
8 0.098307 0.520508 0.196614 0.691016
3 0.098307 0.432812 0.050246 0.153906
0 0.098307 0.564453 0.082196 0.043750
3 0.098307 0.805859 0.026761 0.076563
1 0.098307 0.805859 0.011469 0.032813
4 0.066903 0.123047 0.133807 0.246094
1 0.066903 0.123047 0.133807 0.246094
1 0.022938 0.114844 0.030584 0.087500
0 0.015224 0.178516 0.015156 0.025781
0 0.061169 0.205859 0.107045 0.025781
1 0.120426 0.196875 0.011469 0.032813
4 0.066903 0.289844 0.133807 0.065625
0 0.066903 0.289844 0.118514 0.065625
4 0.066903 0.355469 0.133807 0.065625
0 0.066903 0.355469 0.118514 0.065625
4 0.066903 0.421094 0.133807 0.065625
0 0.066903 0.421094 0.118514 0.065625
4 0.066903 0.486719 0.133807 0.065625
0 0.066903 0.486719 0.118514 0.065625
4 0.066903 0.575781 0.133807 0.065625
0 0.064514 0.575781 0.113736 0.065625
4 0.066903 0.641406 0.133807 0.065625
0 0.066903 0.641406 0.118514 0.065625
4 0.066903 0.707031 0.133807 0.065625
0 0.066903 0.707031 0.118514 0.065625
4 0.066903 0.772656 0.133807 0.065625
0 0.066903 0.772656 0.118514 0.065625
4 0.066903 0.838281 0.133807 0.065625
0 0.066903 0.838281 0.118514 0.065625
4 0.066903 0.903906 0.133807 0.065625
0 0.055571 0.902734 0.095849 0.063281
6 0.114828 0.902734 0.022665 0.063281
4 0.066903 0.896094 0.133807 0.076563
1 0.013381 0.038281 0.011469 0.032813
0 0.084107 0.896094 0.099399 0.025781
