4 0.500000 0.150391 1.000000 0.082031
4 0.249653 0.150391 0.499306 0.082031
1 0.072917 0.150195 0.097222 0.035547
0 0.290972 0.150195 0.290278 0.052734
4 0.750347 0.150391 0.499306 0.082031
1 0.570139 0.150391 0.090278 0.038281
0 0.722917 0.150195 0.166667 0.019922
4 0.500000 0.386523 1.000000 0.390234
8 0.500000 0.158203 1.000000 0.316406
4 0.500000 0.349609 1.000000 0.316406
1 0.500000 0.349609 1.000000 0.316406
0 0.165972 0.475781 0.331944 0.064062
8 0.500000 0.353320 1.000000 0.073828
0 0.134028 0.532813 0.190278 0.020313
3 0.150000 0.554688 0.222222 0.023438
3 0.832292 0.544531 0.257639 0.040625
3 0.340278 0.153125 0.680556 0.087500
1 0.624653 0.153125 0.111806 0.087500
1 0.511458 0.153125 0.111806 0.087500
4 0.340278 0.239258 0.680556 0.057422
1 0.058333 0.028516 0.116667 0.026562
0 0.398611 0.239258 0.563889 0.057422
4 0.340278 0.296680 0.680556 0.057422
1 0.058333 0.028516 0.116667 0.021875
0 0.398611 0.296680 0.563889 0.057422
4 0.340278 0.354102 0.680556 0.057422
1 0.058333 0.028711 0.116667 0.024609
0 0.398611 0.354102 0.563889 0.057422
4 0.340278 0.411523 0.680556 0.057422
1 0.058333 0.028516 0.116667 0.025000
0 0.398611 0.411523 0.563889 0.057422
4 0.340278 0.468945 0.680556 0.057422
1 0.058333 0.028516 0.116667 0.024219
0 0.398611 0.468945 0.563889 0.057422
4 0.340278 0.526367 0.680556 0.057422
1 0.058333 0.028711 0.116667 0.019922
0 0.398611 0.526367 0.563889 0.057422
4 0.340278 0.583789 0.680556 0.057422
1 0.058333 0.028711 0.116667 0.023828
0 0.398611 0.583789 0.563889 0.057422
4 0.340278 0.669336 0.680556 0.057422
0 0.398611 0.669336 0.563889 0.057422
4 0.340278 0.726758 0.680556 0.057422
1 0.058333 0.028516 0.116667 0.018750
0 0.398611 0.726758 0.563889 0.057422
4 0.340278 0.784180 0.680556 0.057422
1 0.058333 0.028516 0.116667 0.021094
0 0.398611 0.784180 0.563889 0.057422
4 0.340278 0.841602 0.680556 0.057422
1 0.058333 0.028516 0.116667 0.017188
0 0.398611 0.841602 0.563889 0.057422
4 0.340278 0.899023 0.680556 0.057422
1 0.058333 0.028516 0.116667 0.019531
0 0.398611 0.899023 0.563889 0.057422
4 0.340278 0.931055 0.680556 0.006641
0 0.398611 0.931055 0.563889 0.006641
3 0.068056 0.038281 0.136111 0.076563
3 0.708333 0.071094 0.116667 0.065625
3 0.825000 0.071094 0.116667 0.065625
3 0.941667 0.071094 0.116667 0.065625
1 0.131597 0.038086 0.243750 0.034766
