0 0.244444 0.070898 0.197222 0.036328
3 0.068056 0.038281 0.136111 0.076563
3 0.941667 0.071094 0.116667 0.065625
8 0.500000 0.412500 1.000000 0.825000
4 0.500000 0.521875 1.000000 0.825000
8 0.182639 0.226367 0.287500 0.212109
4 0.143750 0.026758 0.287500 0.048047
4 0.207292 0.147070 0.238194 0.048047
3 0.182639 0.250391 0.281944 0.158594
8 0.494444 0.226367 0.287500 0.212109
3 0.494444 0.147070 0.287500 0.048047
3 0.494444 0.250391 0.281944 0.158594
4 0.902778 0.811328 0.136111 0.076563
4 0.500000 0.034180 1.000000 0.068359
4 0.340278 0.180469 0.680556 0.065625
0 0.340278 0.180469 0.602778 0.065625
4 0.340278 0.246094 0.680556 0.065625
0 0.340278 0.246094 0.602778 0.065625
4 0.340278 0.311719 0.680556 0.065625
0 0.340278 0.311719 0.602778 0.065625
4 0.340278 0.377344 0.680556 0.065625
0 0.340278 0.377344 0.602778 0.065625
4 0.340278 0.466406 0.680556 0.065625
0 0.340278 0.466406 0.602778 0.065625
4 0.340278 0.532031 0.680556 0.065625
0 0.340278 0.532031 0.602778 0.065625
4 0.340278 0.597656 0.680556 0.065625
0 0.340278 0.597656 0.602778 0.065625
0 0.604861 0.908594 0.151389 0.051562
