0 0.110223 0.024005 0.092593 0.012300
3 0.024860 0.012961 0.049721 0.025922
3 0.258752 0.024071 0.042618 0.022219
4 0.063927 0.012961 0.042618 0.022219
2 0.301243 0.024005 0.014967 0.008332
1 0.343988 0.024071 0.042618 0.022219
0 0.182648 0.068576 0.329782 0.053829
3 0.138001 0.100119 0.078640 0.009258
8 0.164891 0.083653 0.329782 0.167306
1 0.178209 0.197659 0.320903 0.167306
0 0.142187 0.310409 0.248858 0.011903
1 0.014587 0.011110 0.029173 0.016664
3 0.213978 0.026848 0.058600 0.022219
0 0.128742 0.044439 0.229072 0.008200
0 0.128742 0.055945 0.229072 0.014813
3 0.050989 0.077767 0.091324 0.022219
4 0.221969 0.077767 0.042618 0.022219
0 0.124302 0.103690 0.248605 0.022219
4 0.124302 0.125909 0.248605 0.022219
0 0.124302 0.125909 0.220193 0.022219
4 0.124302 0.148129 0.248605 0.022219
0 0.124302 0.148129 0.220193 0.022219
4 0.124302 0.170348 0.248605 0.022219
0 0.124302 0.170348 0.220193 0.022219
0 0.124302 0.196799 0.248605 0.022219
4 0.124302 0.219019 0.248605 0.022219
0 0.124302 0.219019 0.220193 0.022219
4 0.124302 0.241238 0.248605 0.022219
0 0.124302 0.241238 0.220193 0.022219
4 0.124302 0.263457 0.248605 0.022219
0 0.124302 0.263457 0.220193 0.022219
4 0.124302 0.285676 0.248605 0.022219
0 0.124302 0.285676 0.220193 0.022219
4 0.124302 0.307896 0.248605 0.022219
0 0.124302 0.306573 0.220193 0.019574
