5 0.497569 0.165343 0.965972 0.114130
3 0.938194 0.197324 0.084722 0.050167
4 0.257292 0.392140 0.485417 0.257525
4 0.257292 0.392140 0.457639 0.233278
1 0.228472 0.094900 0.255556 0.122074
0 0.257292 0.452968 0.327083 0.043060
4 0.742708 0.392140 0.485417 0.257525
4 0.742708 0.392140 0.457639 0.233278
0 0.742708 0.315844 0.457639 0.080686
1 0.228819 0.156982 0.457639 0.152592
3 0.378819 0.587375 0.728472 0.132943
0 0.117361 0.582985 0.129167 0.099080
0 0.324653 0.569398 0.236806 0.027592
0 0.338194 0.593227 0.263889 0.034281
3 0.864236 0.587375 0.242361 0.132943
0 0.864236 0.572742 0.121528 0.071070
0 0.864236 0.614967 0.214583 0.027592
4 0.500000 0.716137 0.970833 0.141304
0 0.117361 0.715928 0.129167 0.099080
0 0.361806 0.704222 0.311111 0.043060
0 0.327431 0.737667 0.242361 0.023829
4 0.388889 0.036580 0.777778 0.073161
4 0.291667 0.552676 0.583333 0.894649
8 0.291667 0.049540 0.583333 0.099080
0 0.072222 0.154682 0.070833 0.042642
0 0.339236 0.154891 0.414583 0.035535
8 0.291667 0.148620 0.583333 0.099080
0 0.072222 0.253763 0.070833 0.042642
0 0.339236 0.253972 0.414583 0.035535
8 0.291667 0.247701 0.583333 0.099080
0 0.072569 0.352843 0.071528 0.042642
0 0.339583 0.353052 0.413889 0.035535
8 0.291667 0.346781 0.583333 0.099080
0 0.072917 0.451923 0.072222 0.042642
0 0.339931 0.452132 0.413194 0.035535
8 0.291667 0.445861 0.583333 0.099080
0 0.073264 0.551003 0.072917 0.042642
0 0.340278 0.551212 0.412500 0.035535
8 0.291667 0.544941 0.583333 0.099080
0 0.072569 0.650084 0.071528 0.042642
0 0.339583 0.650293 0.413889 0.035535
8 0.291667 0.644022 0.583333 0.099080
0 0.072917 0.749164 0.072222 0.042642
0 0.339931 0.749373 0.413194 0.035535
8 0.291667 0.743102 0.583333 0.099080
0 0.073264 0.848244 0.072917 0.042642
0 0.340278 0.848453 0.412500 0.035535
8 0.291667 0.842182 0.583333 0.099080
0 0.072917 0.947324 0.072222 0.042642
0 0.339931 0.947533 0.413194 0.035535
3 0.244792 0.035117 0.489583 0.070234
1 0.021875 0.070443 0.043750 0.028010
1 0.073611 0.070234 0.077778 0.046823
0 0.296181 0.070025 0.347917 0.035535
3 0.931944 0.070234 0.136111 0.070234
