1 0.218750 0.112249 0.145833 0.109950
3 0.229167 0.248328 0.166667 0.045151
3 0.222222 0.315635 0.152778 0.045151
3 0.248958 0.382943 0.206250 0.045151
3 0.246528 0.450251 0.201389 0.045151
3 0.220139 0.517559 0.148611 0.045151
3 0.255903 0.584866 0.220139 0.045151
1 0.927083 0.535117 0.145833 0.929766
1 0.927083 0.302676 0.145833 0.464883
8 0.500000 0.209448 1.000000 0.418896
4 0.927083 0.790552 0.145833 0.418896
8 0.170833 0.089883 0.293056 0.150502
8 0.170833 0.262124 0.293056 0.150502
8 0.170833 0.434365 0.293056 0.150502
3 0.905903 0.035117 0.054861 0.070234
