5 0.296528 0.070898 0.243056 0.053516
0 0.220833 0.057031 0.091667 0.025781
0 0.238194 0.083789 0.126389 0.027734
3 0.068056 0.038281 0.136111 0.076563
1 0.499653 0.150586 0.121528 0.068359
0 0.499653 0.204883 0.235417 0.040234
0 0.500000 0.237891 0.231944 0.025781
0 0.500000 0.376953 1.000000 0.042969
8 0.500000 0.027539 1.000000 0.055078
3 0.923958 0.425977 0.152083 0.055078
4 0.500000 0.425977 1.000000 0.055078
1 0.055903 0.425781 0.072917 0.032813
0 0.498958 0.425977 0.813194 0.033203
8 0.500000 0.087891 1.000000 0.065625
4 0.500000 0.486328 1.000000 0.065625
1 0.067014 0.486328 0.095139 0.043750
0 0.510764 0.486133 0.792361 0.033203
8 0.500000 0.162500 1.000000 0.083594
4 0.500000 0.560937 1.000000 0.083594
1 0.067014 0.560937 0.095139 0.043750
0 0.547569 0.560937 0.865972 0.061719
8 0.500000 0.246094 1.000000 0.083594
3 0.923958 0.623828 0.152083 0.042188
4 0.500000 0.623828 1.000000 0.042188
1 0.067014 0.633789 0.095139 0.022266
0 0.547569 0.629297 0.865972 0.031250
0 0.500000 0.666406 1.000000 0.042969
8 0.500000 0.057422 1.000000 0.114844
3 0.923958 0.745313 0.152083 0.114844
4 0.500000 0.745313 1.000000 0.114844
1 0.067014 0.722070 0.095139 0.046484
0 0.547569 0.729688 0.865972 0.061719
0 0.547569 0.776172 0.865972 0.031250
8 0.500000 0.158008 1.000000 0.086328
3 0.923958 0.845898 0.152083 0.086328
4 0.500000 0.845898 1.000000 0.086328
1 0.067014 0.836914 0.095139 0.046484
0 0.547569 0.830273 0.865972 0.033203
0 0.547569 0.862500 0.865972 0.031250
4 0.340278 0.043750 0.680556 0.065625
0 0.340278 0.153125 0.602778 0.065625
4 0.340278 0.109375 0.680556 0.065625
0 0.305208 0.218750 0.532639 0.065625
0 0.606597 0.218555 0.070139 0.011328
4 0.340278 0.175000 0.680556 0.065625
0 0.340278 0.284375 0.602778 0.065625
4 0.340278 0.240625 0.680556 0.065625
0 0.340278 0.350000 0.602778 0.065625
4 0.340278 0.306250 0.680556 0.065625
0 0.340278 0.415625 0.602778 0.065625
4 0.340278 0.371875 0.680556 0.065625
0 0.280903 0.481250 0.484028 0.065625
4 0.340278 0.437500 0.680556 0.065625
0 0.305208 0.546875 0.532639 0.065625
0 0.606597 0.546680 0.070139 0.011328
4 0.340278 0.503125 0.680556 0.065625
0 0.340278 0.612500 0.602778 0.065625
4 0.340278 0.568750 0.680556 0.065625
0 0.340278 0.678125 0.602778 0.065625
4 0.340278 0.634375 0.680556 0.065625
0 0.340278 0.743750 0.602778 0.065625
4 0.340278 0.700000 0.680556 0.065625
0 0.340278 0.809375 0.602778 0.065625
4 0.340278 0.765625 0.680556 0.065625
0 0.340278 0.875000 0.602778 0.065625
