1 0.173611 0.028711 0.347222 0.057422
3 0.068056 0.038281 0.136111 0.076563
3 0.872917 0.071094 0.254167 0.076563
0 0.872917 0.071094 0.195833 0.047656
5 0.500000 0.160156 0.965278 0.065625
0 0.112500 0.218555 0.156944 0.031641
8 0.146875 0.120313 0.293750 0.215625
1 0.146875 0.323828 0.293750 0.153906
0 0.044097 0.431445 0.088194 0.048047
0 0.248611 0.399219 0.051389 0.028906
8 0.515278 0.120313 0.355556 0.215625
1 0.515278 0.323828 0.355556 0.153906
0 0.442014 0.431445 0.140972 0.048047
0 0.647917 0.399219 0.051389 0.028906
8 0.868403 0.120313 0.263194 0.215625
1 0.868403 0.323828 0.263194 0.153906
0 0.835417 0.431445 0.129167 0.048047
0 0.199306 0.507227 0.295833 0.031641
4 0.178472 0.591602 0.322222 0.126172
0 0.178472 0.633984 0.225000 0.041406
4 0.500347 0.591602 0.321528 0.126172
0 0.500347 0.633984 0.224306 0.041406
4 0.821875 0.591602 0.321528 0.126172
0 0.821875 0.633984 0.224306 0.041406
4 0.479861 0.128516 0.959722 0.257031
3 0.479861 0.128516 0.959722 0.257031
1 0.085417 0.234961 0.145833 0.030078
4 0.388889 0.521875 0.777778 0.825000
4 0.388889 0.188672 0.777778 0.136719
1 0.087500 0.032813 0.097222 0.054688
0 0.312500 0.188672 0.275000 0.029687
4 0.388889 0.325586 0.777778 0.137109
0 0.340278 0.325391 0.330556 0.029687
4 0.388889 0.462695 0.777778 0.137109
0 0.351042 0.462500 0.352083 0.029687
4 0.388889 0.599805 0.777778 0.137109
0 0.309722 0.599609 0.269444 0.029687
0 0.141667 0.724609 0.244444 0.065625
4 0.203125 0.795703 0.346528 0.065625
1 0.058333 0.032813 0.087500 0.049219
0 0.261458 0.795703 0.229861 0.065625
4 0.574653 0.795703 0.346528 0.065625
0 0.632986 0.795703 0.229861 0.065625
4 0.203125 0.875391 0.346528 0.065625
0 0.261458 0.875391 0.229861 0.065625
4 0.574653 0.875391 0.346528 0.065625
0 0.632986 0.875391 0.229861 0.065625
