3 0.076042 0.893359 0.074306 0.082031
3 0.292014 0.893359 0.070139 0.082031
3 0.557986 0.893359 0.174306 0.082031
3 0.875347 0.893359 0.171528 0.082031
4 0.077778 0.071094 0.116667 0.043750
0 0.486111 0.059766 0.661111 0.029687
0 0.486111 0.085742 0.661111 0.022266
3 0.908333 0.071094 0.183333 0.069531
8 0.500000 0.084180 1.000000 0.141016
4 0.500000 0.284375 0.961111 0.136719
1 0.210764 0.284375 0.382639 0.136719
0 0.654861 0.243359 0.456944 0.025781
0 0.615972 0.270703 0.379167 0.027344
0 0.478472 0.298047 0.104167 0.027344
2 0.866319 0.325195 0.029861 0.016797
0 0.925000 0.325195 0.062500 0.022266
0 0.638889 0.325391 0.425000 0.027344
1 0.931944 0.243359 0.097222 0.054688
8 0.500000 0.238867 1.000000 0.141016
4 0.500000 0.439063 0.961111 0.136719
1 0.210764 0.439063 0.382639 0.136719
0 0.654861 0.398047 0.456944 0.025781
0 0.615972 0.425391 0.379167 0.027344
0 0.478472 0.452734 0.104167 0.027344
2 0.873611 0.479687 0.013889 0.016406
0 0.924653 0.479883 0.063194 0.022266
0 0.646528 0.480078 0.440278 0.027344
1 0.931944 0.398047 0.097222 0.054688
8 0.500000 0.393555 1.000000 0.141016
4 0.500000 0.593750 0.961111 0.136719
1 0.210764 0.593750 0.382639 0.136719
0 0.654861 0.552734 0.456944 0.025781
0 0.615972 0.580078 0.379167 0.027344
0 0.478472 0.607422 0.104167 0.027344
2 0.873611 0.634375 0.013889 0.016406
0 0.924653 0.634570 0.063194 0.022266
0 0.646528 0.634766 0.440278 0.027344
1 0.931944 0.552734 0.097222 0.054688
8 0.500000 0.548242 1.000000 0.141016
4 0.500000 0.748437 0.961111 0.136719
1 0.210764 0.748437 0.382639 0.136719
0 0.654861 0.707422 0.456944 0.025781
0 0.615972 0.734766 0.379167 0.027344
0 0.469792 0.762109 0.086806 0.027344
2 0.848958 0.789258 0.029861 0.016797
0 0.916319 0.789258 0.079861 0.022266
0 0.630208 0.789453 0.407639 0.027344
1 0.931944 0.707422 0.097222 0.054688
8 0.500000 0.702930 1.000000 0.141016
4 0.500000 0.843555 0.961111 0.017578
1 0.210764 0.843555 0.382639 0.017578
0 0.654861 0.850781 0.456944 0.003125
1 0.931944 0.843555 0.097222 0.017578
4 0.500000 0.409766 1.000000 0.819531
3 0.500000 0.409766 1.000000 0.819531
5 0.500000 0.480859 1.000000 0.742969
4 0.094444 0.165234 0.116667 0.065625
5 0.504861 0.165234 0.645833 0.065625
3 0.895833 0.165234 0.136111 0.065625
1 0.340278 0.119727 0.602778 0.064453
3 0.234722 0.212109 0.469444 0.065625
3 0.575000 0.212109 0.211111 0.065625
4 0.340278 0.255859 0.680556 0.065625
0 0.340278 0.288672 0.602778 0.065625
4 0.340278 0.321484 0.680556 0.065625
0 0.340278 0.354297 0.602778 0.065625
4 0.340278 0.387109 0.680556 0.065625
0 0.340278 0.419922 0.602778 0.065625
4 0.340278 0.476172 0.680556 0.065625
0 0.340278 0.508984 0.602778 0.065625
4 0.340278 0.541797 0.680556 0.065625
0 0.340278 0.574609 0.602778 0.065625
4 0.340278 0.630859 0.680556 0.065625
0 0.340278 0.663672 0.602778 0.065625
4 0.340278 0.696484 0.680556 0.065625
0 0.340278 0.729297 0.602778 0.065625
4 0.340278 0.762109 0.680556 0.065625
0 0.340278 0.794922 0.602778 0.065625
