4 0.068056 0.071094 0.136111 0.076563
1 0.068056 0.071094 0.136111 0.076563
1 0.500000 0.070898 0.291667 0.041016
1 0.908681 0.071094 0.182639 0.076563
0 0.908681 0.071094 0.182639 0.076563
5 0.412153 0.150391 0.750694 0.054688
1 0.867361 0.150195 0.109722 0.041016
4 0.220486 0.225586 0.392361 0.041016
0 0.126736 0.225586 0.204861 0.041016
0 0.322917 0.225586 0.187500 0.041016
3 0.629167 0.225586 0.122222 0.041016
3 0.833333 0.225586 0.286111 0.041016
8 0.500000 0.318164 1.000000 0.116797
0 0.500000 0.283789 1.000000 0.048047
8 0.155556 0.339648 0.291667 0.062891
1 0.057986 0.338281 0.086806 0.060156
0 0.198958 0.338281 0.195139 0.027344
8 0.466667 0.339648 0.291667 0.062891
1 0.369097 0.338281 0.086806 0.060156
0 0.510069 0.338281 0.195139 0.027344
8 0.777778 0.339648 0.291667 0.062891
1 0.680208 0.338281 0.086806 0.060156
0 0.821181 0.338281 0.195139 0.027344
8 0.971528 0.339648 0.056944 0.062891
1 0.973958 0.338281 0.052083 0.060156
8 0.250000 0.599609 0.500000 0.446094
1 0.250000 0.518359 0.486111 0.273438
0 0.250000 0.684570 0.447222 0.037109
0 0.186111 0.725000 0.319444 0.021875
0 0.139236 0.746289 0.225694 0.020703
0 0.190278 0.768555 0.075000 0.023828
0 0.250000 0.791406 0.447222 0.021875
1 0.172222 0.803711 0.291667 0.002734
8 0.750000 0.591406 0.500000 0.429688
1 0.750000 0.518359 0.486111 0.273438
0 0.743056 0.676367 0.433333 0.020703
0 0.735764 0.708594 0.418750 0.021875
0 0.707639 0.729883 0.362500 0.020703
0 0.702431 0.752148 0.099306 0.023828
0 0.743056 0.775000 0.433333 0.021875
1 0.672222 0.787305 0.291667 0.002734
8 0.750000 0.870313 0.500000 0.128125
1 0.750000 0.872852 0.486111 0.123047
8 0.250000 0.878516 0.500000 0.111719
1 0.250000 0.881055 0.486111 0.106641
4 0.388889 0.035742 0.777778 0.068359
4 0.388889 0.034180 0.777778 0.068359
1 0.852431 0.883398 0.072917 0.068359
4 0.291667 0.483594 0.583333 0.901563
8 0.291667 0.038281 0.583333 0.076563
0 0.291667 0.071094 0.583333 0.076563
8 0.291667 0.102734 0.583333 0.053125
0 0.291667 0.135547 0.583333 0.053125
