4 0.500000 0.467187 1.000000 0.934375
3 0.388889 0.034180 0.777778 0.068359
4 0.388889 0.034180 0.777778 0.068359
4 0.500000 0.449414 1.000000 0.833203
8 0.500000 0.039648 1.000000 0.079297
8 0.500000 0.173828 1.000000 0.189062
4 0.500000 0.206641 0.984722 0.189062
4 0.500000 0.206641 0.972222 0.179688
0 0.383333 0.168359 0.680556 0.081250
0 0.383333 0.233008 0.680556 0.048047
0 0.160417 0.272656 0.234722 0.025781
8 0.500000 0.350000 1.000000 0.163281
4 0.500000 0.382812 0.984722 0.163281
4 0.500000 0.382812 0.972222 0.153906
0 0.383333 0.344531 0.680556 0.055469
0 0.383333 0.396289 0.680556 0.048047
0 0.132639 0.435937 0.179167 0.025781
8 0.500000 0.513281 1.000000 0.163281
4 0.500000 0.546094 0.984722 0.163281
4 0.500000 0.546094 0.972222 0.153906
0 0.383333 0.507812 0.680556 0.055469
0 0.383333 0.559570 0.680556 0.048047
0 0.132639 0.599219 0.179167 0.025781
8 0.500000 0.678320 1.000000 0.166797
4 0.500000 0.711133 0.984722 0.166797
4 0.500000 0.711133 0.972222 0.157422
0 0.383333 0.683984 0.680556 0.081250
0 0.346528 0.737500 0.606944 0.025781
0 0.132639 0.766016 0.179167 0.025781
8 0.500000 0.843359 1.000000 0.163281
4 0.500000 0.830273 0.984722 0.071484
4 0.500000 0.832617 0.972222 0.066797
0 0.383333 0.837891 0.680556 0.055469
0 0.383333 0.865820 0.680556 0.000391
0 0.319444 0.070898 0.347222 0.036328
3 0.068056 0.038281 0.136111 0.076563
3 0.844444 0.071094 0.116667 0.065625
3 0.165278 0.038281 0.097222 0.065625
4 0.388889 0.467187 0.777778 0.934375
8 0.388889 0.065625 0.777778 0.131250
1 0.388889 0.065625 0.777778 0.131250
8 0.388889 0.164062 0.777778 0.065625
1 0.068056 0.164062 0.058333 0.065625
0 0.456944 0.164062 0.563889 0.025781
8 0.388889 0.235937 0.777778 0.078125
0 0.388889 0.242188 0.777778 0.065625
8 0.388889 0.307812 0.777778 0.065625
1 0.068056 0.307812 0.058333 0.065625
0 0.427778 0.307812 0.505556 0.025781
0 0.719444 0.307812 0.038889 0.065625
8 0.388889 0.373437 0.777778 0.065625
1 0.068056 0.373437 0.058333 0.065625
0 0.427778 0.373437 0.505556 0.025781
0 0.719444 0.373437 0.038889 0.065625
8 0.388889 0.439063 0.777778 0.065625
1 0.068056 0.439063 0.058333 0.065625
0 0.427778 0.439063 0.505556 0.025781
0 0.719444 0.439063 0.038889 0.065625
8 0.388889 0.504687 0.777778 0.065625
1 0.068056 0.504687 0.058333 0.065625
0 0.427778 0.504687 0.505556 0.025781
0 0.719444 0.504687 0.038889 0.065625
8 0.388889 0.570312 0.777778 0.065625
1 0.068056 0.570312 0.058333 0.065625
0 0.427778 0.570312 0.505556 0.025781
0 0.719444 0.570312 0.038889 0.065625
8 0.388889 0.635938 0.777778 0.065625
1 0.068056 0.635938 0.058333 0.065625
0 0.427778 0.635938 0.505556 0.025781
0 0.719444 0.635938 0.038889 0.065625
8 0.388889 0.701562 0.777778 0.065625
1 0.068056 0.701562 0.058333 0.065625
0 0.427778 0.701562 0.505556 0.025781
0 0.719444 0.701562 0.038889 0.065625
8 0.388889 0.767188 0.777778 0.065625
1 0.068056 0.767188 0.058333 0.065625
0 0.427778 0.767188 0.505556 0.025781
0 0.719444 0.767188 0.038889 0.065625
8 0.388889 0.832812 0.777778 0.065625
1 0.068056 0.832812 0.058333 0.065625
0 0.427778 0.832812 0.505556 0.025781
0 0.719444 0.832812 0.038889 0.065625
8 0.388889 0.898438 0.777778 0.065625
1 0.068056 0.898438 0.058333 0.065625
0 0.427778 0.898438 0.505556 0.025781
0 0.719444 0.898438 0.038889 0.065625
8 0.388889 0.964063 0.777778 0.065625
1 0.068056 0.932813 0.058333 0.003125
0 0.719444 0.932813 0.038889 0.003125
