3 0.500000 0.133779 1.000000 0.056856
4 0.500000 0.581940 1.000000 0.836120
8 0.500000 0.083403 0.980556 0.166806
1 0.500000 0.247283 0.980556 0.166806
0 0.267014 0.246446 0.465972 0.062291
0 0.267014 0.298286 0.465972 0.041388
8 0.500000 0.324415 0.980556 0.316054
1 0.500000 0.488294 0.980556 0.316054
0 0.260417 0.575251 0.452778 0.035953
0 0.267014 0.613921 0.465972 0.041388
8 0.500000 0.640050 0.980556 0.316054
1 0.500000 0.803930 0.980556 0.316054
0 0.180208 0.890886 0.292361 0.035953
0 0.267014 0.929557 0.465972 0.041388
8 0.500000 0.898829 0.980556 0.202341
1 0.500000 0.980769 0.980556 0.038462
4 0.340278 0.552676 0.680556 0.894649
8 0.340278 0.140468 0.680556 0.070234
0 0.286806 0.140468 0.515278 0.031773
8 0.340278 0.210702 0.680556 0.070234
0 0.286806 0.210702 0.515278 0.031773
8 0.340278 0.175585 0.680556 0.070234
0 0.354861 0.304139 0.651389 0.023829
8 0.340278 0.245819 0.680556 0.070234
0 0.286806 0.351171 0.515278 0.031773
8 0.340278 0.316054 0.680556 0.070234
0 0.286806 0.421405 0.515278 0.031773
8 0.340278 0.386288 0.680556 0.070234
0 0.286806 0.491639 0.515278 0.031773
8 0.340278 0.456522 0.680556 0.070234
0 0.286806 0.561873 0.515278 0.031773
8 0.340278 0.526756 0.680556 0.070234
0 0.286806 0.632107 0.515278 0.031773
8 0.340278 0.596990 0.680556 0.070234
0 0.286806 0.702341 0.515278 0.031773
8 0.340278 0.667224 0.680556 0.070234
0 0.286806 0.772575 0.515278 0.031773
8 0.340278 0.737458 0.680556 0.070234
0 0.286806 0.842809 0.515278 0.031773
8 0.340278 0.807692 0.680556 0.070234
0 0.286806 0.913043 0.515278 0.031773
8 0.340278 0.877926 0.680556 0.070234
0 0.286806 0.983278 0.515278 0.031773
3 0.058681 0.035117 0.117361 0.070234
2 0.019444 0.070234 0.038889 0.023411
1 0.068750 0.070234 0.077778 0.046823
1 0.523611 0.070234 0.136111 0.070234
1 0.204167 0.035117 0.136111 0.070234
1 0.795833 0.070234 0.136111 0.070234
1 0.931944 0.070234 0.136111 0.070234
