4 0.340278 0.517559 0.680556 0.964883
8 0.340278 0.043896 0.680556 0.087793
1 0.595139 0.079013 0.097222 0.058528
0 0.273264 0.079013 0.497917 0.087793
8 0.340278 0.125418 0.680556 0.076087
0 0.340278 0.160535 0.680556 0.076087
8 0.340278 0.206940 0.680556 0.087793
0 0.289931 0.240385 0.579861 0.027592
1 0.630208 0.240594 0.100694 0.026338
8 0.340278 0.294314 0.680556 0.087793
0 0.340278 0.327759 0.680556 0.027592
8 0.340278 0.381689 0.680556 0.087793
0 0.340278 0.415134 0.680556 0.027592
8 0.340278 0.469064 0.680556 0.087793
0 0.290972 0.502508 0.581944 0.027592
1 0.631250 0.502717 0.098611 0.028846
8 0.340278 0.550585 0.680556 0.076087
0 0.340278 0.585702 0.680556 0.076087
8 0.340278 0.632107 0.680556 0.087793
0 0.290972 0.665552 0.581944 0.027592
1 0.631250 0.665761 0.098611 0.022993
8 0.340278 0.719482 0.680556 0.087793
0 0.340278 0.752926 0.680556 0.027592
8 0.340278 0.806856 0.680556 0.087793
0 0.340278 0.840301 0.680556 0.027592
8 0.340278 0.894231 0.680556 0.087793
0 0.340278 0.927676 0.680556 0.027592
8 0.340278 0.968855 0.680556 0.062291
4 0.840278 0.517559 0.319444 0.964883
3 0.710417 0.067099 0.036111 0.018813
3 0.829861 0.305184 0.250000 0.070234
3 0.983681 0.305184 0.032639 0.070234
4 0.852778 0.670151 0.294444 0.644649
4 0.500000 0.482441 1.000000 0.964883
