1 0.011217 0.031250 0.022434 0.027500
1 0.218616 0.031250 0.021002 0.027500
3 0.115274 0.031250 0.179952 0.022500
0 0.108592 0.184479 0.217184 0.021042
2 0.001989 0.008438 0.003978 0.005208
2 0.005967 0.008438 0.003978 0.005208
2 0.009944 0.008438 0.003978 0.005208
1 0.028640 0.229063 0.046142 0.060625
0 0.037072 0.206667 0.015593 0.015833
1 0.085919 0.229063 0.046142 0.060625
1 0.143198 0.229063 0.046142 0.060625
1 0.200477 0.229063 0.046142 0.060625
3 0.037709 0.282292 0.064280 0.017917
3 0.166030 0.282292 0.126173 0.017917
1 0.034208 0.351458 0.057279 0.100000
0 0.034208 0.155000 0.057279 0.088333
1 0.097056 0.351458 0.057279 0.100000
0 0.097056 0.409375 0.057279 0.015833
1 0.159905 0.351458 0.057279 0.100000
0 0.159905 0.409375 0.057279 0.015833
1 0.208831 0.351458 0.029435 0.100000
0 0.208831 0.409375 0.029435 0.015833
3 0.048687 0.436458 0.086237 0.017917
3 0.166030 0.436458 0.126173 0.017917
1 0.034208 0.476979 0.057279 0.042708
1 0.097056 0.476979 0.057279 0.042708
1 0.159905 0.476979 0.057279 0.042708
1 0.208831 0.476979 0.029435 0.042708
1 0.019491 0.070521 0.027844 0.036458
4 0.073429 0.070417 0.063166 0.026250
0 0.031583 0.013125 0.063166 0.015833
4 0.147812 0.070417 0.063325 0.026250
0 0.031663 0.013125 0.063325 0.015833
0 0.096738 0.113542 0.182339 0.015833
3 0.053858 0.141146 0.096579 0.034792
3 0.142323 0.141146 0.091169 0.034792
3 0.051154 0.176771 0.091169 0.034792
3 0.142323 0.176771 0.091169 0.034792
0 0.096738 0.106667 0.182339 0.015833
4 0.096738 0.231146 0.182339 0.034792
0 0.040016 0.231146 0.068894 0.034792
3 0.096738 0.266771 0.182339 0.034792
3 0.096738 0.302396 0.182339 0.034792
0 0.096738 0.329167 0.182339 0.015833
3 0.096738 0.356771 0.182339 0.034792
3 0.096738 0.392396 0.182339 0.034792
3 0.096738 0.428021 0.182339 0.034792
3 0.096738 0.463646 0.182339 0.034792
3 0.096738 0.490104 0.182339 0.016458
