8 0.461111 0.038281 0.922222 0.054688
4 0.500000 0.169531 0.922222 0.054688
0 0.500000 0.169531 0.922222 0.054688
4 0.106944 0.169531 0.058333 0.032813
8 0.461111 0.120313 0.922222 0.109375
4 0.500000 0.251563 0.922222 0.109375
1 0.111806 0.251563 0.145833 0.082031
0 0.578819 0.220117 0.739583 0.033203
3 0.578819 0.249609 0.739583 0.025781
0 0.282292 0.280859 0.146528 0.025781
8 0.461111 0.229687 0.922222 0.109375
4 0.500000 0.360938 0.922222 0.109375
1 0.111806 0.360938 0.145833 0.082031
0 0.578819 0.329492 0.739583 0.033203
3 0.578819 0.358984 0.739583 0.025781
0 0.282292 0.390234 0.146528 0.025781
8 0.461111 0.339062 0.922222 0.109375
4 0.500000 0.470313 0.922222 0.109375
1 0.111806 0.470313 0.145833 0.082031
0 0.578819 0.438867 0.739583 0.033203
3 0.578819 0.468359 0.739583 0.025781
0 0.282292 0.499609 0.146528 0.025781
8 0.461111 0.448437 0.922222 0.109375
4 0.500000 0.579688 0.922222 0.109375
1 0.111806 0.579688 0.145833 0.082031
0 0.578819 0.548242 0.739583 0.033203
3 0.578819 0.577734 0.739583 0.025781
0 0.282292 0.608984 0.146528 0.025781
8 0.461111 0.557813 0.922222 0.109375
4 0.500000 0.689063 0.922222 0.109375
1 0.111806 0.689063 0.145833 0.082031
0 0.578819 0.657617 0.739583 0.033203
3 0.578819 0.687109 0.739583 0.025781
0 0.282292 0.718359 0.146528 0.025781
1 0.364583 0.220703 0.729167 0.222656
0 0.364583 0.357031 0.729167 0.050000
1 0.072917 0.417578 0.048611 0.027344
5 0.417014 0.417773 0.575694 0.036328
0 0.229514 0.018164 0.459028 0.036328
0 0.364583 0.488867 0.729167 0.070703
3 0.364583 0.559961 0.729167 0.068359
3 0.364583 0.629883 0.729167 0.068359
3 0.364583 0.699805 0.729167 0.068359
3 0.364583 0.769727 0.729167 0.068359
3 0.364583 0.839648 0.729167 0.068359
3 0.364583 0.904883 0.729167 0.058984
0 0.257986 0.070898 0.224306 0.036328
3 0.068056 0.038281 0.136111 0.076563
3 0.941667 0.071094 0.116667 0.065625
