4 0.500000 0.426309 1.000000 0.794766
1 0.079167 0.065599 0.158333 0.073347
0 0.500000 0.065427 0.486111 0.034435
4 0.951042 0.065427 0.097917 0.055785
1 0.951042 0.065427 0.097917 0.055785
8 0.500000 0.119490 1.000000 0.038567
3 0.048958 0.118285 0.097917 0.026515
0 0.500000 0.118285 0.162500 0.026515
3 0.868403 0.118285 0.263194 0.026515
4 0.500000 0.481233 1.000000 0.684917
1 0.500000 0.283747 0.670833 0.332645
0 0.499653 0.635331 0.497917 0.044766
0 0.131944 0.048209 0.166667 0.021350
1 0.097222 0.113636 0.097222 0.048209
0 0.256250 0.113636 0.123611 0.029614
1 0.274653 0.159091 0.549306 0.001377
1 0.009028 0.205923 0.018056 0.092287
1 0.097222 0.205923 0.097222 0.048209
0 0.282639 0.205923 0.176389 0.029614
1 0.274653 0.091598 0.549306 0.001377
1 0.097222 0.298209 0.097222 0.048209
0 0.293750 0.298209 0.198611 0.029614
0 0.470139 0.298209 0.061111 0.024105
1 0.097222 0.390496 0.097222 0.048209
0 0.264583 0.390496 0.140278 0.029614
0 0.086111 0.455923 0.075000 0.021350
0 0.166319 0.509642 0.235417 0.029614
0 0.225347 0.613636 0.353472 0.029614
0 0.298958 0.705923 0.500694 0.056474
0 0.132292 0.798209 0.167361 0.029614
1 0.566319 0.397383 0.034028 0.794766
