3 0.068056 0.038281 0.136111 0.076563
3 0.825000 0.071094 0.116667 0.065625
3 0.941667 0.071094 0.116667 0.065625
4 0.500000 0.463672 1.000000 0.708594
3 0.500000 0.354297 1.000000 0.708594
1 0.085417 0.686523 0.145833 0.030078
1 0.924653 0.042383 0.102083 0.057422
1 0.051042 0.026953 0.102083 0.053906
1 0.051042 0.081641 0.102083 0.055469
3 0.091319 0.686719 0.175694 0.039844
4 0.500000 0.841992 1.000000 0.048047
4 0.388889 0.034180 0.777778 0.068359
4 0.315972 0.483594 0.631944 0.901563
8 0.315972 0.035547 0.631944 0.071094
3 0.161806 0.068359 0.308333 0.043750
8 0.315972 0.108789 0.631944 0.075391
3 0.161806 0.141602 0.308333 0.048047
8 0.315972 0.182031 0.631944 0.071094
3 0.161806 0.214844 0.308333 0.043750
8 0.315972 0.253125 0.631944 0.071094
3 0.161806 0.285938 0.308333 0.043750
