4 0.427083 0.517559 0.854167 0.964883
8 0.427083 0.070234 0.854167 0.070234
1 0.043056 0.070234 0.061111 0.036789
0 0.423264 0.070234 0.650694 0.031773
1 0.795139 0.035117 0.093056 0.018395
8 0.427083 0.141304 0.854167 0.070234
1 0.043056 0.141304 0.061111 0.036789
0 0.423264 0.141304 0.650694 0.031773
8 0.427083 0.212375 0.854167 0.070234
1 0.043056 0.212375 0.061111 0.036789
0 0.423264 0.212375 0.650694 0.031773
8 0.427083 0.283445 0.854167 0.070234
1 0.043056 0.283445 0.061111 0.036789
0 0.423264 0.283445 0.650694 0.031773
8 0.427083 0.354515 0.854167 0.070234
1 0.043056 0.354515 0.061111 0.036789
0 0.387153 0.354515 0.578472 0.031773
0 0.712500 0.354306 0.072222 0.038043
8 0.427083 0.425585 0.854167 0.070234
1 0.043056 0.425585 0.061111 0.036789
0 0.423264 0.425585 0.650694 0.031773
8 0.427083 0.496656 0.854167 0.070234
1 0.043056 0.496656 0.061111 0.036789
0 0.423264 0.496656 0.650694 0.031773
8 0.427083 0.567726 0.854167 0.070234
1 0.043056 0.567726 0.061111 0.036789
0 0.423264 0.567726 0.650694 0.031773
8 0.427083 0.638796 0.854167 0.070234
1 0.043056 0.638587 0.061111 0.037207
0 0.423264 0.638796 0.650694 0.031773
8 0.427083 0.709866 0.854167 0.070234
1 0.043056 0.709866 0.061111 0.036789
0 0.423264 0.709866 0.650694 0.031773
8 0.427083 0.780936 0.854167 0.070234
1 0.043056 0.780936 0.061111 0.036789
0 0.423264 0.780936 0.650694 0.031773
8 0.427083 0.852007 0.854167 0.070234
1 0.043056 0.852007 0.061111 0.036789
0 0.423264 0.852007 0.650694 0.031773
8 0.427083 0.923077 0.854167 0.070234
1 0.043056 0.923077 0.061111 0.036789
0 0.423264 0.923077 0.650694 0.031773
4 0.500000 0.482441 1.000000 0.964883
0 0.977431 0.299749 0.045139 0.140468
4 0.920139 0.074833 0.106944 0.064381
0 0.936806 0.421196 0.126389 0.022993
4 0.927083 0.682692 0.145833 0.476589
1 0.927083 0.960493 0.145833 0.079013
