3 0.068056 0.038281 0.136111 0.076563
0 0.189583 0.038281 0.106944 0.076563
4 0.340278 0.483594 0.680556 0.901563
8 0.340278 0.082031 0.680556 0.164062
1 0.340278 0.114844 0.680556 0.164062
1 0.109375 0.114648 0.170139 0.095703
0 0.343750 0.101758 0.250000 0.036328
0 0.308681 0.132812 0.179861 0.025781
2 0.636806 0.114844 0.038889 0.021875
8 0.340278 0.200586 0.680556 0.073828
1 0.055903 0.233398 0.063194 0.035547
0 0.396181 0.233398 0.568750 0.027734
8 0.340278 0.274023 0.680556 0.073828
1 0.055903 0.308008 0.063194 0.035547
0 0.396181 0.308008 0.568750 0.027734
8 0.340278 0.347461 0.680556 0.073828
1 0.055903 0.380273 0.063194 0.035547
0 0.396181 0.380273 0.568750 0.027734
8 0.340278 0.420898 0.680556 0.073828
1 0.055903 0.453711 0.063194 0.035547
0 0.396181 0.453711 0.568750 0.027734
8 0.340278 0.494336 0.680556 0.073828
1 0.055903 0.527148 0.063194 0.035547
0 0.396181 0.527148 0.568750 0.027734
8 0.340278 0.567773 0.680556 0.073828
1 0.055903 0.600586 0.063194 0.035547
0 0.396181 0.600586 0.568750 0.027734
8 0.340278 0.641211 0.680556 0.073828
1 0.055903 0.675195 0.063194 0.035547
0 0.396181 0.675195 0.568750 0.027734
8 0.340278 0.714648 0.680556 0.073828
1 0.055903 0.747461 0.063194 0.035547
0 0.396181 0.747461 0.568750 0.027734
8 0.340278 0.788086 0.680556 0.073828
1 0.055903 0.820898 0.063194 0.035547
0 0.396181 0.820898 0.568750 0.027734
8 0.340278 0.861523 0.680556 0.073828
1 0.055903 0.894336 0.063194 0.035547
0 0.396181 0.894336 0.568750 0.027734
8 0.340278 0.934961 0.680556 0.073828
