3 0.500000 0.077148 1.000000 0.088672
8 0.500000 0.738281 1.000000 0.351562
1 0.500000 0.077148 0.805556 0.088672
1 0.500000 0.549219 1.000000 0.770312
4 0.500000 0.084180 1.000000 0.102734
4 0.500000 0.038281 1.000000 0.076563
6 0.061111 0.071094 0.058333 0.032813
1 0.541319 0.071094 0.872917 0.076563
3 0.250000 0.116211 0.500000 0.024609
3 0.750000 0.116211 0.500000 0.024609
1 0.388889 0.066992 0.777778 0.068359
1 0.719444 0.065625 0.068056 0.038281
0 0.388889 0.138086 0.777778 0.073828
1 0.053472 0.062891 0.058333 0.032813
5 0.388889 0.202344 0.777778 0.054688
4 0.388889 0.582031 0.777778 0.704688
8 0.388889 0.024219 0.777778 0.048438
0 0.388889 0.253906 0.777778 0.048438
8 0.388889 0.081055 0.777778 0.066016
0 0.388889 0.310742 0.777778 0.066016
8 0.388889 0.146680 0.777778 0.066016
0 0.388889 0.376367 0.777778 0.066016
8 0.388889 0.212305 0.777778 0.066016
0 0.388889 0.441992 0.777778 0.066016
8 0.388889 0.277930 0.777778 0.066016
0 0.388889 0.507617 0.777778 0.066016
8 0.388889 0.343555 0.777778 0.066016
0 0.388889 0.573242 0.777778 0.066016
8 0.388889 0.409180 0.777778 0.066016
0 0.388889 0.638867 0.777778 0.066016
8 0.388889 0.474805 0.777778 0.066016
0 0.388889 0.704492 0.777778 0.066016
8 0.388889 0.540430 0.777778 0.066016
0 0.388889 0.770117 0.777778 0.066016
8 0.388889 0.606055 0.777778 0.066016
0 0.388889 0.835742 0.777778 0.066016
8 0.388889 0.671680 0.777778 0.066016
0 0.388889 0.901367 0.777778 0.066016
