3 0.020833 0.029473 0.041667 0.043896
0 0.273264 0.029055 0.239583 0.043060
0 0.619792 0.029055 0.453472 0.043060
3 0.140278 0.117684 0.279167 0.094900
3 0.464931 0.117684 0.367361 0.094900
3 0.824653 0.117684 0.349306 0.094900
0 0.173264 0.219900 0.279861 0.069398
4 0.069792 0.042015 0.072917 0.043896
4 0.024306 0.014632 0.048611 0.029264
0 0.500000 0.288462 0.302778 0.027592
0 0.500000 0.383779 0.366667 0.051003
0 0.500000 0.423077 0.468056 0.027592
0 0.500000 0.480351 0.329167 0.027592
0 0.499653 0.541806 0.365972 0.051003
0 0.500000 0.581104 0.468056 0.027592
0 0.499653 0.630853 0.359028 0.027592
0 0.220833 0.728261 0.104167 0.083612
1 0.192014 0.062918 0.109028 0.065635
0 0.540972 0.728261 0.318056 0.027592
0 0.229861 0.852007 0.122222 0.083612
1 0.210069 0.062918 0.109028 0.065635
0 0.559028 0.852007 0.318056 0.027592
0 0.244097 0.966973 0.150694 0.066054
1 0.238542 0.062918 0.109028 0.065635
0 0.529167 0.975753 0.201389 0.027592
0 0.369444 0.024875 0.379167 0.035535
4 0.291667 0.087166 0.583333 0.066472
8 0.291667 0.033236 0.583333 0.066472
1 0.055208 0.087166 0.085417 0.051421
0 0.184722 0.087166 0.148611 0.035535
1 0.291667 0.122701 0.583333 0.004599
3 0.291667 0.182274 0.534722 0.070234
3 0.291667 0.274666 0.534722 0.070234
3 0.291667 0.367057 0.534722 0.070234
