0 0.225458 0.070898 0.214185 0.036328
3 0.046031 0.038281 0.092062 0.076563
3 0.630343 0.071094 0.092062 0.065625
7 0.169093 0.032813 0.338187 0.065625
0 0.169093 0.142187 0.072334 0.025781
7 0.507280 0.032813 0.338187 0.065625
0 0.507046 0.142187 0.142320 0.025781
8 0.338187 0.554688 0.676374 0.759375
1 0.069047 0.232422 0.105214 0.087500
0 0.227337 0.218359 0.178488 0.032813
0 0.168154 0.248633 0.060122 0.027734
0 0.254814 0.248633 0.080319 0.027734
3 0.581024 0.232422 0.157821 0.065625
3 0.338187 0.332422 0.626585 0.052344
1 0.338187 0.516016 0.676374 0.273438
1 0.113903 0.516016 0.184594 0.273438
1 0.306952 0.516016 0.184594 0.273438
1 0.500000 0.516016 0.184594 0.273438
1 0.638563 0.516016 0.075622 0.273438
4 0.152184 0.701953 0.107093 0.071094
4 0.276186 0.701953 0.107093 0.071094
4 0.400188 0.701953 0.107093 0.068750
4 0.524190 0.702148 0.107093 0.071484
0 0.338187 0.750781 0.676374 0.025781
0 0.338187 0.814844 0.676374 0.102344
3 0.338187 0.898828 0.577736 0.065625
1 0.230155 0.079687 0.460310 0.159375
4 0.230155 0.203125 0.460310 0.065625
0 0.230155 0.203125 0.407703 0.065625
4 0.230155 0.268750 0.460310 0.065625
0 0.230155 0.268750 0.407703 0.065625
4 0.230155 0.357812 0.460310 0.065625
0 0.230155 0.357812 0.407703 0.065625
4 0.230155 0.446875 0.460310 0.065625
0 0.196806 0.446875 0.341005 0.065625
6 0.400658 0.446680 0.066698 0.037109
4 0.230155 0.512500 0.460310 0.065625
0 0.230155 0.512500 0.407703 0.065625
4 0.230155 0.578125 0.460310 0.065625
0 0.230155 0.578125 0.407703 0.065625
4 0.230155 0.643750 0.460310 0.065625
0 0.230155 0.643750 0.407703 0.065625
4 0.230155 0.709375 0.460310 0.065625
0 0.230155 0.709375 0.407703 0.065625
