0 0.286806 0.070898 0.281944 0.036328
4 0.068056 0.038281 0.136111 0.076563
4 0.500000 0.521875 1.000000 0.825000
4 0.334375 0.521875 0.668750 0.825000
8 0.334375 0.124609 0.668750 0.030469
8 0.334375 0.060156 0.668750 0.060156
1 0.042708 0.169336 0.085417 0.048047
0 0.230556 0.169336 0.290278 0.027734
1 0.418750 0.169531 0.061111 0.034375
8 0.334375 0.119922 0.668750 0.060156
1 0.042708 0.229102 0.085417 0.048047
0 0.243750 0.229102 0.316667 0.027734
8 0.334375 0.274219 0.668750 0.030469
8 0.334375 0.209766 0.668750 0.060156
1 0.042708 0.318945 0.085417 0.048047
0 0.328819 0.318945 0.486806 0.027734
8 0.334375 0.269531 0.668750 0.060156
1 0.042708 0.378711 0.085417 0.048047
0 0.312847 0.378711 0.454861 0.027734
8 0.334375 0.329297 0.668750 0.060156
1 0.042708 0.438477 0.085417 0.048047
0 0.280208 0.438477 0.389583 0.027734
8 0.334375 0.389062 0.668750 0.060156
1 0.042708 0.498242 0.085417 0.048047
0 0.309028 0.498242 0.447222 0.027734
8 0.334375 0.448828 0.668750 0.060156
1 0.042708 0.558008 0.085417 0.048047
0 0.301736 0.558008 0.432639 0.027734
8 0.334375 0.508594 0.668750 0.060156
1 0.042708 0.617773 0.085417 0.048047
0 0.198611 0.617773 0.226389 0.027734
8 0.334375 0.568359 0.668750 0.060156
1 0.042708 0.677539 0.085417 0.048047
0 0.160764 0.677539 0.150694 0.027734
8 0.334375 0.628125 0.668750 0.060156
1 0.042708 0.737305 0.085417 0.048047
0 0.157986 0.737305 0.145139 0.027734
