3 0.068056 0.038281 0.136111 0.076563
0 0.849306 0.071094 0.019444 0.025781
0 0.929514 0.071094 0.140972 0.036719
0 0.500000 0.143945 1.000000 0.036328
0 0.200694 0.252930 0.150000 0.066016
3 0.200347 0.313281 0.140972 0.054688
0 0.200347 0.415234 0.122917 0.054688
0 0.652083 0.250977 0.359722 0.027734
0 0.651736 0.284180 0.377083 0.027734
0 0.527083 0.373242 0.072222 0.033203
0 0.697569 0.373242 0.229861 0.033203
0 0.652083 0.413672 0.254167 0.025781
3 0.500000 0.525977 0.961111 0.079297
3 0.500000 0.609375 0.961111 0.065625
8 0.422222 0.108008 0.844444 0.216016
1 0.123958 0.102539 0.170139 0.095703
0 0.123611 0.185156 0.169444 0.025781
0 0.730903 0.185156 0.149306 0.025781
0 0.228125 0.217969 0.378472 0.025781
8 0.422222 0.259766 0.844444 0.065625
4 0.422222 0.292578 0.844444 0.065625
0 0.441667 0.292578 0.805556 0.065625
8 0.422222 0.325391 0.844444 0.065625
4 0.422222 0.358203 0.844444 0.065625
0 0.441667 0.358203 0.805556 0.065625
8 0.422222 0.391016 0.844444 0.065625
4 0.422222 0.423828 0.844444 0.065625
0 0.402778 0.423828 0.727778 0.065625
0 0.795833 0.423828 0.058333 0.047656
8 0.422222 0.456641 0.844444 0.065625
4 0.422222 0.489453 0.844444 0.065625
0 0.402778 0.489453 0.727778 0.065625
0 0.795833 0.489453 0.058333 0.047656
8 0.422222 0.522266 0.844444 0.065625
4 0.422222 0.555078 0.844444 0.065625
0 0.441667 0.555078 0.805556 0.065625
8 0.422222 0.587891 0.844444 0.065625
4 0.422222 0.620703 0.844444 0.065625
0 0.441667 0.620703 0.805556 0.065625
8 0.422222 0.665234 0.844444 0.089063
4 0.422222 0.709766 0.844444 0.065625
0 0.441667 0.709766 0.805556 0.065625
8 0.422222 0.742578 0.844444 0.065625
4 0.422222 0.775391 0.844444 0.065625
0 0.441667 0.775391 0.805556 0.065625
8 0.422222 0.808203 0.844444 0.065625
4 0.422222 0.841016 0.844444 0.065625
0 0.441667 0.841016 0.805556 0.065625
