4 0.529167 0.070898 0.708333 0.049609
2 0.227083 0.070703 0.040278 0.022656
0 0.567708 0.070898 0.592361 0.027734
4 0.941667 0.071094 0.116667 0.076563
1 0.941667 0.071094 0.058333 0.032813
0 0.961111 0.057422 0.029167 0.016406
3 0.068056 0.038281 0.136111 0.076563
3 0.166667 0.146289 0.333333 0.073828
3 0.500000 0.146289 0.333333 0.073828
3 0.833333 0.146289 0.333333 0.073828
8 0.500000 0.374219 1.000000 0.748437
8 0.500000 0.179297 0.950000 0.344531
4 0.500000 0.365234 0.947222 0.342969
3 0.113889 0.391016 0.097222 0.054688
0 0.562153 0.394531 0.774306 0.096875
0 0.342014 0.478516 0.582639 0.029687
0 0.231250 0.508203 0.361111 0.029687
2 0.939583 0.493359 0.019444 0.020313
8 0.500000 0.500781 0.955556 0.273438
4 0.500000 0.686719 0.955556 0.273438
1 0.477778 0.136719 0.955556 0.273438
0 0.317361 0.686523 0.541667 0.038672
0 0.327083 0.649609 0.561111 0.035156
3 0.242361 0.766016 0.391667 0.065625
8 0.500000 0.822266 0.950000 0.344531
4 0.500000 0.885547 0.947222 0.097656
4 0.500000 0.886719 0.375000 0.051562
0 0.500000 0.886719 0.301389 0.029687
4 0.388889 0.483594 0.777778 0.901563
1 0.109375 0.102148 0.170139 0.095703
4 0.498264 0.101953 0.559028 0.065625
0 0.458681 0.101758 0.479861 0.027734
2 0.718750 0.101953 0.040278 0.022656
4 0.388889 0.486523 0.777778 0.630078
8 0.388889 0.032813 0.777778 0.065625
1 0.097222 0.204297 0.116667 0.065625
0 0.456944 0.204297 0.563889 0.065625
8 0.388889 0.098047 0.777778 0.065625
1 0.097222 0.269531 0.116667 0.065625
0 0.456944 0.269531 0.563889 0.065625
8 0.388889 0.163281 0.777778 0.065625
1 0.097222 0.334766 0.116667 0.065625
0 0.456944 0.334766 0.563889 0.065625
8 0.388889 0.228516 0.777778 0.065625
1 0.097222 0.400000 0.116667 0.065625
0 0.456944 0.400000 0.563889 0.065625
8 0.388889 0.293750 0.777778 0.065625
1 0.097222 0.465234 0.116667 0.065625
0 0.456944 0.465234 0.563889 0.065625
8 0.388889 0.358984 0.777778 0.065625
1 0.097222 0.530469 0.116667 0.065625
0 0.456944 0.530469 0.563889 0.065625
4 0.388889 0.835156 0.777778 0.065625
1 0.097222 0.835156 0.116667 0.065625
0 0.456944 0.835156 0.563889 0.065625
4 0.388889 0.901563 0.777778 0.065625
1 0.097222 0.901563 0.116667 0.065625
0 0.456944 0.901563 0.563889 0.065625
