2 0.085069 0.056055 0.043750 0.024609
0 0.242014 0.070898 0.134028 0.036328
3 0.068056 0.038281 0.136111 0.076563
3 0.708333 0.071094 0.116667 0.065625
3 0.834722 0.071094 0.136111 0.065625
3 0.301389 0.038281 0.097222 0.065625
4 0.500000 0.521875 1.000000 0.825000
8 0.500000 0.140625 1.000000 0.062500
8 0.500000 0.089453 1.000000 0.053906
2 0.058333 0.200000 0.038889 0.021875
0 0.400000 0.198437 0.615278 0.029687
2 0.745486 0.200586 0.036806 0.019141
0 0.805208 0.200586 0.072917 0.022266
0 0.908681 0.200586 0.134028 0.022266
8 0.500000 0.143359 1.000000 0.053906
2 0.058333 0.253906 0.038889 0.021875
0 0.400000 0.252344 0.615278 0.029687
2 0.745486 0.254492 0.036806 0.019141
0 0.805208 0.254492 0.072917 0.022266
0 0.908681 0.254492 0.134028 0.022266
8 0.500000 0.197266 1.000000 0.053906
2 0.058333 0.307812 0.038889 0.021875
0 0.400000 0.306250 0.615278 0.029687
2 0.745486 0.308398 0.036806 0.019141
0 0.805208 0.308398 0.072917 0.022266
0 0.908681 0.308398 0.134028 0.022266
8 0.500000 0.264062 1.000000 0.079687
2 0.058333 0.361719 0.038889 0.021875
0 0.400000 0.373047 0.615278 0.055469
2 0.745486 0.362305 0.036806 0.019141
0 0.805208 0.362305 0.072917 0.022266
0 0.908681 0.362305 0.134028 0.022266
8 0.500000 0.343750 1.000000 0.079687
2 0.058333 0.441406 0.038889 0.021875
0 0.400000 0.452734 0.615278 0.055469
2 0.745486 0.441992 0.036806 0.019141
0 0.805208 0.441992 0.072917 0.022266
0 0.908681 0.441992 0.134028 0.022266
8 0.500000 0.410547 1.000000 0.053906
2 0.058333 0.521094 0.038889 0.021875
0 0.400000 0.519531 0.615278 0.029687
2 0.745486 0.521680 0.036806 0.019141
0 0.805208 0.521680 0.072917 0.022266
0 0.908681 0.521680 0.134028 0.022266
8 0.500000 0.578125 1.000000 0.062500
8 0.500000 0.608008 1.000000 0.216016
0 0.500000 0.659961 1.000000 0.101172
3 0.500000 0.759766 0.213889 0.065625
4 0.291667 0.129883 0.583333 0.259766
1 0.291667 0.129883 0.583333 0.259766
0 0.107986 0.211328 0.118750 0.028906
8 0.291667 0.032813 0.583333 0.065625
1 0.058333 0.325391 0.058333 0.032813
0 0.180208 0.325391 0.127083 0.025781
8 0.291667 0.098437 0.583333 0.065625
1 0.058333 0.391016 0.058333 0.032813
0 0.190625 0.391016 0.147917 0.025781
8 0.291667 0.164062 0.583333 0.065625
1 0.058333 0.456641 0.058333 0.032813
2 0.085069 0.444336 0.043750 0.024609
0 0.226042 0.456641 0.179861 0.025781
8 0.291667 0.229687 0.583333 0.065625
1 0.058333 0.522266 0.058333 0.032813
0 0.197917 0.522266 0.162500 0.025781
