3 0.121875 0.088838 0.243750 0.107441
1 0.359375 0.088629 0.134028 0.064381
4 0.414931 0.601171 0.829861 0.797659
8 0.414931 0.241012 0.829861 0.077341
0 0.146875 0.241012 0.293750 0.077341
8 0.414931 0.318353 0.829861 0.077341
0 0.085417 0.318353 0.170833 0.077341
1 0.754514 0.318353 0.150694 0.014632
8 0.414931 0.392140 0.829861 0.070234
0 0.414931 0.392140 0.829861 0.070234
8 0.414931 0.462375 0.829861 0.070234
0 0.414931 0.462375 0.829861 0.070234
8 0.414931 0.532609 0.829861 0.070234
0 0.414931 0.532609 0.829861 0.070234
8 0.414931 0.602843 0.829861 0.070234
0 0.414931 0.602843 0.829861 0.070234
8 0.414931 0.673077 0.829861 0.070234
0 0.414931 0.673077 0.829861 0.070234
8 0.414931 0.743311 0.829861 0.070234
0 0.414931 0.743311 0.829861 0.070234
8 0.414931 0.813545 0.829861 0.070234
0 0.414931 0.813545 0.829861 0.070234
8 0.414931 0.887333 0.829861 0.077341
0 0.142708 0.887333 0.285417 0.077341
8 0.414931 0.963002 0.829861 0.073997
0 0.093750 0.963002 0.187500 0.073997
4 0.914931 0.552676 0.170139 0.894649
8 0.500000 0.234114 1.000000 0.468227
1 0.914931 0.275084 0.170139 0.338629
0 0.922569 0.503344 0.154861 0.098662
8 0.914931 0.627090 0.170139 0.107023
4 0.914931 0.621237 0.170139 0.095318
1 0.309722 0.051212 0.619444 0.102425
8 0.914931 0.747074 0.170139 0.132943
8 0.924653 0.741221 0.150694 0.116221
1 0.924653 0.741221 0.150694 0.116221
8 0.914931 0.880017 0.170139 0.132943
8 0.924653 0.874164 0.150694 0.116221
1 0.924653 0.874164 0.150694 0.116221
8 0.914931 0.973244 0.170139 0.053512
8 0.924653 0.973871 0.150694 0.052258
1 0.948958 0.973871 0.102083 0.052258
4 0.500000 0.447324 1.000000 0.894649
0 0.933333 0.161998 0.133333 0.068980
0 0.933333 0.270067 0.133333 0.147157
1 0.876042 0.070025 0.092361 0.055602
