5 0.454514 0.071094 0.559028 0.076563
0 0.454514 0.070898 0.559028 0.036328
3 0.068056 0.038281 0.136111 0.076563
3 0.941667 0.071094 0.116667 0.065625
7 0.232292 0.032813 0.464583 0.065625
1 0.048611 0.142187 0.038889 0.025781
0 0.158681 0.142187 0.152083 0.025781
0 0.342361 0.142187 0.186111 0.025781
8 0.500000 0.554688 1.000000 0.759375
8 0.500000 0.417969 1.000000 0.835938
1 0.087500 0.221484 0.097222 0.054688
0 0.533681 0.209961 0.717361 0.031641
0 0.926736 0.211719 0.068750 0.025781
0 0.568056 0.242383 0.786111 0.027734
1 0.170139 0.341797 0.252778 0.142187
0 0.626389 0.341797 0.659722 0.142187
1 0.087500 0.479297 0.097222 0.054688
0 0.539236 0.467773 0.728472 0.031641
0 0.932292 0.469531 0.057639 0.025781
0 0.568056 0.500195 0.786111 0.027734
1 0.087500 0.578516 0.097222 0.054688
0 0.539236 0.578320 0.728472 0.031641
0 0.932292 0.580078 0.057639 0.025781
1 0.500000 0.776953 1.000000 0.314844
1 0.500000 0.072461 1.000000 0.013672
4 0.893056 0.874219 0.136111 0.076563
1 0.116667 0.120313 0.155556 0.087500
0 0.151736 0.201758 0.225694 0.031641
0 0.252083 0.232422 0.426389 0.029687
3 0.534375 0.101172 0.340972 0.049219
4 0.371875 0.602539 0.743750 0.663672
8 0.371875 0.043750 0.743750 0.065625
1 0.072569 0.314258 0.052083 0.025391
0 0.252778 0.314453 0.155556 0.065625
8 0.371875 0.109375 0.743750 0.065625
1 0.072917 0.380078 0.058333 0.032813
0 0.262153 0.380078 0.174306 0.065625
8 0.371875 0.175000 0.743750 0.065625
1 0.072917 0.445703 0.058333 0.032813
0 0.223611 0.445703 0.097222 0.065625
8 0.371875 0.240625 0.743750 0.065625
1 0.072917 0.511328 0.058333 0.032813
0 0.293750 0.511328 0.237500 0.065625
8 0.371875 0.285156 0.743750 0.023438
8 0.371875 0.329688 0.743750 0.065625
0 0.391319 0.600391 0.704861 0.065625
8 0.371875 0.395313 0.743750 0.065625
0 0.391319 0.666016 0.704861 0.065625
8 0.371875 0.460938 0.743750 0.065625
0 0.391319 0.731641 0.704861 0.065625
