5 0.296528 0.070898 0.243056 0.053516
0 0.206944 0.057031 0.063889 0.025781
0 0.238194 0.083789 0.126389 0.027734
3 0.068056 0.038281 0.136111 0.076563
7 0.149653 0.032813 0.299306 0.065625
0 0.148264 0.142187 0.296528 0.054688
7 0.510069 0.032813 0.421528 0.065625
0 0.508681 0.142187 0.418750 0.054688
7 0.847222 0.032813 0.252778 0.065625
0 0.845833 0.142187 0.250000 0.054688
8 0.500000 0.555469 1.000000 0.757812
0 0.499653 0.193555 0.327083 0.033984
4 0.340278 0.043750 0.680556 0.065625
0 0.340278 0.153125 0.602778 0.065625
4 0.340278 0.109375 0.680556 0.065625
0 0.305208 0.218750 0.532639 0.065625
0 0.606597 0.218555 0.070139 0.011328
4 0.340278 0.175000 0.680556 0.065625
0 0.340278 0.284375 0.602778 0.065625
4 0.340278 0.240625 0.680556 0.065625
0 0.340278 0.350000 0.602778 0.065625
4 0.340278 0.306250 0.680556 0.065625
0 0.340278 0.415625 0.602778 0.065625
4 0.340278 0.371875 0.680556 0.065625
0 0.280903 0.481250 0.484028 0.065625
4 0.340278 0.437500 0.680556 0.065625
0 0.305208 0.546875 0.532639 0.065625
0 0.606597 0.546680 0.070139 0.011328
4 0.340278 0.526563 0.680556 0.065625
0 0.340278 0.635938 0.602778 0.065625
4 0.340278 0.592187 0.680556 0.065625
0 0.340278 0.701562 0.602778 0.065625
4 0.340278 0.681250 0.680556 0.065625
0 0.340278 0.790625 0.602778 0.065625
4 0.340278 0.746875 0.680556 0.065625
0 0.340278 0.856250 0.602778 0.065625
4 0.340278 0.812500 0.680556 0.065625
0 0.340278 0.911719 0.602778 0.045312
