4 0.500000 0.450781 1.000000 0.901563
0 0.196181 0.912500 0.225694 0.025781
0 0.903472 0.912500 0.037500 0.025781
0 0.418403 0.535352 0.710417 0.040234
0 0.855208 0.535352 0.163194 0.040234
0 0.210069 0.579102 0.293750 0.033203
6 0.294792 0.617578 0.463194 0.043750
6 0.215972 0.661328 0.305556 0.043750
4 0.893056 0.830469 0.136111 0.076563
4 0.192014 0.424414 0.121528 0.068359
0 0.192361 0.467773 0.180556 0.018359
4 0.499653 0.424414 0.121528 0.068359
0 0.499306 0.467773 0.262500 0.018359
4 0.807292 0.424414 0.121528 0.068359
0 0.806944 0.467773 0.140278 0.018359
4 0.204861 0.163477 0.384722 0.094141
1 0.095486 0.163477 0.165972 0.094141
0 0.287847 0.163477 0.218750 0.033203
4 0.543750 0.131641 0.054167 0.030469
0 0.519444 0.254297 0.102778 0.025781
4 0.291667 0.604297 0.583333 0.660156
8 0.291667 0.036523 0.583333 0.073047
0 0.291319 0.310742 0.117361 0.033203
8 0.291667 0.112305 0.583333 0.073047
0 0.291319 0.386523 0.138194 0.033203
8 0.291667 0.188086 0.583333 0.073047
0 0.291667 0.462305 0.141667 0.033203
8 0.291667 0.250977 0.583333 0.047266
0 0.339583 0.525195 0.487500 0.047266
8 0.291667 0.300977 0.583333 0.047266
0 0.339583 0.575195 0.487500 0.047266
8 0.291667 0.350977 0.583333 0.047266
0 0.339583 0.625195 0.487500 0.047266
8 0.291667 0.413867 0.583333 0.073047
0 0.291667 0.688086 0.156944 0.033203
8 0.291667 0.489648 0.583333 0.073047
0 0.291667 0.763867 0.126389 0.033203
8 0.291667 0.565430 0.583333 0.073047
0 0.291667 0.839648 0.113889 0.033203
3 0.068056 0.038281 0.136111 0.076563
