3 0.068056 0.038281 0.136111 0.076563
3 0.941667 0.071094 0.116667 0.065625
4 0.500000 0.034180 1.000000 0.068359
8 0.500000 0.378320 1.000000 0.756641
1 0.500000 0.487695 1.000000 0.756641
4 0.060764 0.831836 0.121528 0.068359
4 0.939236 0.831836 0.121528 0.068359
8 0.340278 0.136719 0.680556 0.273438
8 0.340278 0.346289 0.680556 0.080078
8 0.340278 0.426367 0.680556 0.080078
8 0.340278 0.506445 0.680556 0.080078
8 0.340278 0.586523 0.680556 0.080078
8 0.340278 0.666602 0.680556 0.080078
8 0.340278 0.746680 0.680556 0.080078
