4 0.048611 0.071094 0.097222 0.076563
1 0.068056 0.071094 0.058333 0.032813
1 0.815278 0.071094 0.116667 0.076563
1 0.931944 0.071094 0.116667 0.076563
0 0.247222 0.070898 0.144444 0.034766
4 0.388889 0.034180 0.777778 0.068359
1 0.500000 0.000781 1.000000 0.001563
4 0.500000 0.487695 1.000000 0.756641
8 0.500000 0.142187 1.000000 0.065625
1 0.077778 0.142187 0.116667 0.065625
0 0.320486 0.142187 0.290972 0.031250
8 0.500000 0.207813 1.000000 0.065625
1 0.077778 0.207813 0.116667 0.065625
0 0.320833 0.207813 0.291667 0.031250
8 0.500000 0.273438 1.000000 0.065625
1 0.077778 0.273438 0.116667 0.065625
0 0.318056 0.273438 0.286111 0.031250
8 0.500000 0.339062 1.000000 0.065625
1 0.077778 0.339062 0.116667 0.065625
0 0.355903 0.339062 0.361806 0.031250
8 0.500000 0.404687 1.000000 0.065625
1 0.077778 0.404687 0.116667 0.065625
0 0.313194 0.404687 0.276389 0.031250
8 0.500000 0.470313 1.000000 0.065625
1 0.077778 0.470313 0.116667 0.065625
0 0.376736 0.470313 0.403472 0.031250
8 0.500000 0.535937 1.000000 0.065625
1 0.077778 0.535937 0.116667 0.065625
0 0.345139 0.535937 0.340278 0.031250
8 0.500000 0.601562 1.000000 0.065625
1 0.077778 0.601562 0.116667 0.065625
0 0.342014 0.601562 0.334028 0.031250
8 0.500000 0.667188 1.000000 0.065625
1 0.077778 0.667188 0.116667 0.065625
0 0.323611 0.667188 0.297222 0.031250
8 0.500000 0.732812 1.000000 0.065625
1 0.077778 0.732812 0.116667 0.065625
0 0.397569 0.732812 0.445139 0.031250
8 0.500000 0.798438 1.000000 0.065625
1 0.077778 0.798438 0.116667 0.065625
0 0.348264 0.798438 0.346528 0.031250
8 0.500000 0.848633 1.000000 0.034766
1 0.077778 0.848633 0.116667 0.034766
0 0.323611 0.857227 0.297222 0.017578
8 0.388889 0.010156 0.777778 0.020313
1 0.709722 0.010156 0.116667 0.020313
8 0.388889 0.053125 0.777778 0.065625
1 0.068056 0.053125 0.058333 0.032813
1 0.709722 0.053125 0.058333 0.032813
0 0.418056 0.053125 0.486111 0.025000
8 0.388889 0.118750 0.777778 0.065625
1 0.068056 0.118750 0.058333 0.032813
1 0.709722 0.118750 0.058333 0.032813
0 0.418056 0.118750 0.486111 0.025000
8 0.388889 0.157812 0.777778 0.012500
8 0.388889 0.196875 0.777778 0.065625
1 0.068056 0.196875 0.058333 0.032813
1 0.709722 0.196875 0.058333 0.032813
0 0.418056 0.196875 0.486111 0.025000
8 0.388889 0.262500 0.777778 0.065625
0 0.456944 0.262500 0.563889 0.025000
8 0.388889 0.328125 0.777778 0.065625
0 0.456944 0.328125 0.563889 0.025000
8 0.388889 0.393750 0.777778 0.065625
0 0.456944 0.393750 0.563889 0.025000
8 0.388889 0.459375 0.777778 0.065625
0 0.456944 0.459375 0.563889 0.025000
8 0.388889 0.525000 0.777778 0.065625
0 0.456944 0.525000 0.563889 0.025000
8 0.388889 0.590625 0.777778 0.065625
0 0.456944 0.590625 0.563889 0.025000
8 0.388889 0.656250 0.777778 0.065625
0 0.456944 0.656250 0.563889 0.025000
8 0.388889 0.721875 0.777778 0.065625
0 0.456944 0.721875 0.563889 0.025000
8 0.388889 0.787500 0.777778 0.065625
0 0.456944 0.787500 0.563889 0.025000
8 0.388889 0.826562 0.777778 0.012500
8 0.388889 0.865625 0.777778 0.065625
1 0.068056 0.865625 0.058333 0.032813
1 0.709722 0.865625 0.058333 0.032813
0 0.418056 0.865625 0.486111 0.025000
8 0.388889 0.916406 0.777778 0.035937
1 0.068056 0.924609 0.058333 0.019531
1 0.709722 0.924609 0.058333 0.019531
0 0.418056 0.926562 0.486111 0.015625
