0 0.300694 0.070898 0.251389 0.036328
3 0.068056 0.038281 0.136111 0.076563
4 0.941667 0.071094 0.116667 0.065625
3 0.123958 0.142187 0.136806 0.065625
3 0.374306 0.142187 0.068056 0.065625
3 0.625347 0.142187 0.056250 0.065625
3 0.875694 0.142187 0.111111 0.065625
8 0.500000 0.356836 1.000000 0.363672
0 0.204861 0.485352 0.370833 0.036328
0 0.267014 0.518359 0.495139 0.029687
8 0.500000 0.143359 1.000000 0.286719
1 0.500000 0.318359 1.000000 0.286719
0 0.934722 0.437891 0.052778 0.025781
0 0.109375 0.436328 0.218750 0.050781
2 0.499653 0.276367 0.036806 0.020703
1 0.927083 0.216016 0.087500 0.049219
8 0.500000 0.720508 1.000000 0.363672
0 0.285069 0.849023 0.531250 0.036328
0 0.217708 0.882031 0.396528 0.029687
1 0.500000 0.682031 1.000000 0.286719
0 0.934722 0.801562 0.052778 0.025781
0 0.109375 0.800000 0.218750 0.050781
0 0.432639 0.800000 0.291667 0.050781
1 0.250694 0.801953 0.116667 0.065625
1 0.927083 0.579688 0.087500 0.049219
8 0.500000 0.918359 1.000000 0.032031
1 0.500000 0.918359 1.000000 0.032031
1 0.927083 0.926562 0.087500 0.015625
1 0.340278 0.049219 0.680556 0.065625
0 0.340278 0.151172 0.680556 0.036719
0 0.128472 0.193359 0.179167 0.025781
4 0.340278 0.250000 0.680556 0.065625
1 0.068056 0.250000 0.058333 0.032813
0 0.232292 0.249805 0.114583 0.027734
4 0.340278 0.315625 0.680556 0.065625
1 0.068056 0.315625 0.058333 0.032813
0 0.276389 0.315430 0.202778 0.027734
4 0.340278 0.381250 0.680556 0.065625
1 0.068056 0.381250 0.058333 0.032813
0 0.301389 0.381055 0.252778 0.027734
4 0.340278 0.446875 0.680556 0.065625
1 0.068056 0.446875 0.058333 0.032813
0 0.280903 0.446680 0.211806 0.027734
0 0.098611 0.516016 0.119444 0.025781
4 0.340278 0.561719 0.680556 0.065625
1 0.068056 0.561719 0.058333 0.032813
0 0.259028 0.561523 0.168056 0.027734
0 0.108333 0.630859 0.138889 0.025781
4 0.340278 0.676562 0.680556 0.065625
1 0.068056 0.676562 0.058333 0.032813
0 0.251389 0.676367 0.152778 0.027734
4 0.340278 0.765625 0.680556 0.065625
0 0.160764 0.765430 0.243750 0.027734
4 0.340278 0.831250 0.680556 0.065625
0 0.088194 0.831055 0.098611 0.027734
4 0.573611 0.169531 0.136111 0.076563
