3 0.825000 0.071094 0.116667 0.065625
4 0.941667 0.071094 0.116667 0.065625
1 0.941667 0.071094 0.116667 0.065625
0 0.280556 0.070898 0.211111 0.036328
3 0.068056 0.038281 0.136111 0.076563
7 0.166667 0.032813 0.333333 0.065625
0 0.166319 0.142187 0.074306 0.025781
7 0.500000 0.032813 0.333333 0.065625
0 0.499653 0.142187 0.156250 0.025781
7 0.833333 0.032813 0.333333 0.065625
0 0.833333 0.142187 0.084722 0.025781
1 0.500000 0.421289 0.486111 0.148828
0 0.500000 0.532422 0.484722 0.029687
0 0.500000 0.585938 0.922222 0.055469
4 0.499653 0.653516 0.668750 0.057813
0 0.499306 0.653516 0.259722 0.025781
4 0.499653 0.722266 0.668750 0.057813
0 0.499653 0.722266 0.245139 0.025781
4 0.369444 0.082031 0.738889 0.164062
1 0.116667 0.098437 0.155556 0.087500
0 0.427778 0.109375 0.388889 0.035156
1 0.670833 0.071094 0.058333 0.032813
4 0.369444 0.207813 0.738889 0.065625
1 0.068056 0.207813 0.097222 0.032813
0 0.447222 0.207813 0.544444 0.025781
4 0.369444 0.273438 0.738889 0.065625
1 0.068056 0.273438 0.097222 0.032813
0 0.447222 0.273438 0.544444 0.025781
4 0.369444 0.339062 0.738889 0.065625
1 0.068056 0.339062 0.097222 0.032813
0 0.447222 0.339062 0.544444 0.025781
4 0.369444 0.406250 0.738889 0.065625
1 0.068056 0.406250 0.097222 0.032813
0 0.447222 0.406250 0.544444 0.025781
4 0.369444 0.471875 0.738889 0.065625
1 0.068056 0.471875 0.097222 0.032813
0 0.447222 0.471875 0.544444 0.025781
4 0.369444 0.537500 0.738889 0.065625
1 0.068056 0.537500 0.097222 0.032813
0 0.447222 0.537500 0.544444 0.025781
4 0.369444 0.603125 0.738889 0.065625
1 0.068056 0.603125 0.097222 0.032813
0 0.447222 0.603125 0.544444 0.025781
4 0.369444 0.668750 0.738889 0.065625
1 0.068056 0.668750 0.097222 0.032813
0 0.447222 0.668750 0.544444 0.025781
4 0.369444 0.734375 0.738889 0.065625
1 0.068056 0.734375 0.097222 0.032813
0 0.447222 0.734375 0.544444 0.025781
4 0.369444 0.800000 0.738889 0.065625
1 0.068056 0.800000 0.097222 0.032813
0 0.447222 0.800000 0.544444 0.025781
4 0.369444 0.867188 0.738889 0.065625
1 0.068056 0.867188 0.097222 0.032813
0 0.375347 0.867188 0.400694 0.025781
0 0.667014 0.866992 0.065972 0.018359
