3 0.068056 0.038281 0.136111 0.076563
2 0.136458 0.038086 0.000694 0.000391
4 0.240625 0.071094 0.207639 0.076563
0 0.218750 0.071094 0.113889 0.035156
2 0.310069 0.070898 0.043750 0.024609
1 0.182292 0.142187 0.072917 0.054688
0 0.500000 0.141992 0.183333 0.031641
1 0.817708 0.142187 0.072917 0.054688
4 0.812153 0.234180 0.224306 0.053516
0 0.812153 0.221680 0.224306 0.028516
0 0.812153 0.248438 0.224306 0.025000
4 0.813542 0.322070 0.227083 0.053516
0 0.813542 0.309570 0.227083 0.028516
0 0.813542 0.336328 0.227083 0.025000
4 0.264931 0.102539 0.529861 0.205078
4 0.500000 0.408984 1.000000 0.054688
8 0.500000 0.027344 1.000000 0.054688
1 0.061111 0.408984 0.048611 0.027344
0 0.204861 0.397656 0.141667 0.032031
0 0.190278 0.424805 0.112500 0.022266
0 0.890972 0.408789 0.134722 0.027734
