4 0.572917 0.483594 0.854167 0.901563
8 0.427083 0.027344 0.854167 0.054688
0 0.572917 0.060156 0.854167 0.054688
8 0.427083 0.082031 0.854167 0.054688
0 0.572917 0.114844 0.854167 0.054688
8 0.427083 0.136719 0.854167 0.054688
0 0.572917 0.169531 0.854167 0.054688
8 0.427083 0.191406 0.854167 0.054688
0 0.572917 0.224219 0.854167 0.054688
8 0.427083 0.252930 0.854167 0.068359
1 0.211458 0.285742 0.072917 0.041016
1 0.393750 0.285547 0.233333 0.021875
8 0.427083 0.287695 0.854167 0.001172
8 0.427083 0.315625 0.854167 0.054688
0 0.572917 0.348438 0.854167 0.054688
8 0.427083 0.370312 0.854167 0.054688
0 0.572917 0.403125 0.854167 0.054688
8 0.427083 0.426367 0.854167 0.057422
1 0.912500 0.459180 0.116667 0.057422
0 0.500000 0.457813 0.708333 0.054688
8 0.427083 0.482422 0.854167 0.054688
0 0.572917 0.515234 0.854167 0.054688
8 0.427083 0.538477 0.854167 0.057422
1 0.912500 0.571289 0.116667 0.057422
0 0.500000 0.569922 0.708333 0.054688
8 0.427083 0.594531 0.854167 0.054688
0 0.572917 0.627344 0.854167 0.054688
8 0.427083 0.649219 0.854167 0.054688
0 0.572917 0.682031 0.854167 0.054688
8 0.427083 0.703906 0.854167 0.054688
0 0.572917 0.736719 0.854167 0.054688
8 0.427083 0.758594 0.854167 0.054688
0 0.572917 0.791406 0.854167 0.054688
8 0.427083 0.813281 0.854167 0.054688
0 0.572917 0.846094 0.854167 0.054688
8 0.427083 0.867969 0.854167 0.054688
0 0.572917 0.900781 0.854167 0.054688
8 0.427083 0.922656 0.854167 0.054688
0 0.572917 0.931250 0.854167 0.006250
1 0.072569 0.062695 0.078472 0.044141
8 0.500000 0.030078 1.000000 0.060156
3 0.072917 0.121680 0.145833 0.057422
4 0.072917 0.543750 0.145833 0.781250
8 0.500000 0.017188 1.000000 0.034375
8 0.072917 0.235742 0.145833 0.095703
3 0.089931 0.235742 0.111806 0.095703
8 0.072917 0.331836 0.145833 0.095703
3 0.089931 0.331836 0.111806 0.095703
