0 0.270139 0.070898 0.248611 0.036328
3 0.068056 0.071094 0.136111 0.076563
3 0.941667 0.071094 0.116667 0.065625
8 0.500000 0.240625 1.000000 0.262500
1 0.500000 0.240625 1.000000 0.262500
8 0.500000 0.267969 1.000000 0.010937
8 0.500000 0.308203 1.000000 0.069531
0 0.098611 0.406641 0.197222 0.047656
8 0.500000 0.393945 1.000000 0.101953
1 0.089931 0.502930 0.102083 0.057422
0 0.256597 0.502734 0.114583 0.029687
8 0.500000 0.495898 1.000000 0.101953
1 0.089931 0.604883 0.102083 0.057422
0 0.293403 0.604688 0.188194 0.029687
8 0.500000 0.597852 1.000000 0.101953
1 0.089931 0.706836 0.102083 0.057422
0 0.279514 0.706641 0.160417 0.029687
8 0.500000 0.699805 1.000000 0.101953
1 0.089931 0.808789 0.102083 0.057422
0 0.298264 0.808594 0.197917 0.029687
8 0.500000 0.756250 1.000000 0.010937
8 0.500000 0.796484 1.000000 0.069531
0 0.155556 0.894922 0.311111 0.047656
1 0.369444 0.106641 0.738889 0.213281
1 0.106944 0.092969 0.155556 0.087500
4 0.369444 0.036914 0.738889 0.073828
1 0.065625 0.250195 0.092361 0.051953
0 0.444792 0.250000 0.549306 0.025781
4 0.369444 0.110742 0.738889 0.073828
1 0.065625 0.324023 0.092361 0.051953
0 0.444792 0.323828 0.549306 0.025781
4 0.369444 0.184570 0.738889 0.073828
1 0.065625 0.397852 0.092361 0.051953
0 0.444792 0.397656 0.549306 0.025781
4 0.369444 0.258398 0.738889 0.073828
1 0.065625 0.471680 0.092361 0.051953
0 0.444792 0.471484 0.549306 0.025781
4 0.369444 0.332227 0.738889 0.073828
1 0.065625 0.545508 0.092361 0.051953
0 0.444792 0.545312 0.549306 0.025781
4 0.369444 0.445117 0.738889 0.062891
1 0.379167 0.467187 0.719444 0.934375
0 0.444792 0.658398 0.549306 0.022266
4 0.369444 0.508008 0.738889 0.062891
1 0.065625 0.721289 0.092361 0.051953
0 0.444792 0.721289 0.549306 0.022266
4 0.369444 0.570898 0.738889 0.062891
1 0.065625 0.784180 0.092361 0.051953
0 0.444792 0.784180 0.549306 0.022266
4 0.369444 0.633789 0.738889 0.062891
1 0.065625 0.847070 0.092361 0.051953
0 0.444792 0.847070 0.549306 0.022266
4 0.369444 0.696680 0.738889 0.062891
1 0.065625 0.909180 0.092361 0.050391
0 0.444792 0.909961 0.549306 0.022266
