0 0.275347 0.070898 0.200694 0.036328
3 0.068056 0.038281 0.136111 0.076563
3 0.941667 0.071094 0.116667 0.065625
4 0.500000 0.521875 1.000000 0.825000
8 0.500000 0.065039 1.000000 0.130078
0 0.568056 0.144922 0.786111 0.029687
1 0.892708 0.874023 0.171528 0.096484
1 0.893056 0.879687 0.175000 0.109375
4 0.359722 0.467187 0.719444 0.934375
8 0.359722 0.124414 0.719444 0.248828
1 0.359722 0.117578 0.719444 0.235156
0 0.379167 0.191406 0.680556 0.043750
8 0.359722 0.281641 0.719444 0.065625
0 0.359722 0.281641 0.719444 0.065625
8 0.359722 0.347266 0.719444 0.065625
0 0.359722 0.347266 0.719444 0.065625
8 0.359722 0.412891 0.719444 0.065625
0 0.359722 0.412891 0.719444 0.065625
8 0.359722 0.490234 0.719444 0.089063
0 0.359722 0.501953 0.719444 0.065625
