0 0.224306 0.070898 0.098611 0.036328
3 0.068056 0.038281 0.136111 0.076563
3 0.941667 0.071094 0.116667 0.065625
8 0.500000 0.270898 0.965278 0.522266
0 0.500000 0.162109 0.916667 0.058594
1 0.500000 0.343555 0.916667 0.290234
0 0.500000 0.541797 0.916667 0.092188
1 0.070833 0.611328 0.058333 0.032813
0 0.422569 0.611133 0.620139 0.025391
0 0.845486 0.611133 0.225694 0.025391
8 0.500000 0.770898 0.965278 0.458203
0 0.500000 0.694141 0.916667 0.058594
1 0.500000 0.832422 0.916667 0.203906
4 0.340278 0.071094 0.680556 0.142187
1 0.116667 0.103906 0.145833 0.082031
0 0.456944 0.103906 0.447222 0.033594
4 0.340278 0.192969 0.680556 0.065625
0 0.340278 0.225781 0.602778 0.065625
4 0.340278 0.258594 0.680556 0.065625
0 0.340278 0.291406 0.602778 0.065625
4 0.340278 0.324219 0.680556 0.065625
0 0.340278 0.357031 0.602778 0.065625
4 0.340278 0.389844 0.680556 0.065625
0 0.340278 0.422656 0.602778 0.065625
4 0.340278 0.455469 0.680556 0.065625
0 0.340278 0.488281 0.602778 0.065625
4 0.340278 0.521094 0.680556 0.065625
4 0.340278 0.043750 0.680556 0.065625
0 0.340278 0.759375 0.602778 0.065625
4 0.340278 0.109375 0.680556 0.065625
0 0.340278 0.825000 0.602778 0.065625
4 0.340278 0.175000 0.680556 0.065625
0 0.340278 0.890625 0.602778 0.065625
