4 0.500000 0.552676 1.000000 0.894649
8 0.500000 0.038043 1.000000 0.076087
0 0.217361 0.143395 0.361111 0.031773
0 0.460764 0.143395 0.125694 0.031773
8 0.500000 0.114967 1.000000 0.076087
0 0.256944 0.220318 0.440278 0.031773
8 0.500000 0.191890 1.000000 0.076087
0 0.316667 0.297241 0.559722 0.031773
8 0.500000 0.268813 1.000000 0.076087
0 0.192014 0.374164 0.310417 0.031773
8 0.500000 0.345736 1.000000 0.076087
0 0.134375 0.451087 0.195139 0.031773
0 0.367361 0.451087 0.270833 0.031773
8 0.500000 0.422659 1.000000 0.076087
0 0.121528 0.528010 0.169444 0.031773
0 0.336806 0.528010 0.261111 0.031773
8 0.500000 0.499582 1.000000 0.076087
0 0.087153 0.604933 0.100694 0.031773
0 0.228819 0.604933 0.182639 0.031773
8 0.500000 0.576505 1.000000 0.076087
0 0.186111 0.681856 0.298611 0.031773
0 0.461111 0.681856 0.251389 0.031773
8 0.500000 0.653428 1.000000 0.076087
0 0.108333 0.758779 0.143056 0.031773
0 0.320486 0.758779 0.281250 0.031773
8 0.500000 0.730351 1.000000 0.076087
0 0.207292 0.835702 0.340972 0.031773
0 0.518403 0.835702 0.281250 0.031773
8 0.500000 0.807274 1.000000 0.076087
0 0.112847 0.912625 0.152083 0.031773
0 0.329514 0.912625 0.281250 0.031773
8 0.500000 0.884197 1.000000 0.076087
0 0.148958 0.986831 0.224306 0.026338
0 0.401736 0.986831 0.281250 0.026338
4 0.291667 0.141931 0.583333 0.073161
1 0.097569 0.141931 0.121528 0.073161
0 0.297222 0.141931 0.229167 0.033863
1 0.529861 0.141722 0.058333 0.035117
4 0.291667 0.589256 0.583333 0.821488
8 0.291667 0.031564 0.583333 0.063127
0 0.100000 0.210075 0.151389 0.033863
8 0.291667 0.099289 0.583333 0.063127
0 0.094444 0.277801 0.140278 0.033863
8 0.291667 0.167015 0.583333 0.063127
0 0.090625 0.345527 0.132639 0.033863
8 0.291667 0.234741 0.583333 0.063127
0 0.193056 0.413253 0.337500 0.033863
8 0.291667 0.302467 0.583333 0.063127
0 0.186806 0.480978 0.325000 0.033863
0 0.515972 0.480978 0.086111 0.043060
8 0.291667 0.370192 0.583333 0.063127
0 0.107639 0.548704 0.166667 0.033863
8 0.291667 0.437918 0.583333 0.063127
0 0.140625 0.616430 0.232639 0.033863
8 0.291667 0.505644 0.583333 0.063127
0 0.207639 0.684156 0.366667 0.033863
3 0.096528 0.035117 0.193056 0.070234
2 0.019444 0.070234 0.038889 0.023411
2 0.030208 0.070443 0.000694 0.000418
0 0.106944 0.070025 0.133333 0.035535
3 0.940278 0.070234 0.119444 0.070234
