0 0.499653 0.487500 0.132639 0.025781
4 0.893056 0.805859 0.136111 0.076563
4 0.388889 0.034180 0.777778 0.068359
4 0.291667 0.521875 0.583333 0.825000
8 0.291667 0.140234 0.583333 0.061719
8 0.291667 0.201563 0.583333 0.061719
8 0.291667 0.262891 0.583333 0.061719
8 0.291667 0.324219 0.583333 0.061719
8 0.291667 0.385547 0.583333 0.061719
8 0.291667 0.446875 0.583333 0.061719
8 0.291667 0.508203 0.583333 0.061719
8 0.291667 0.569531 0.583333 0.061719
0 0.310069 0.070898 0.328472 0.036328
3 0.068056 0.038281 0.136111 0.076563
3 0.727778 0.071094 0.116667 0.065625
3 0.844444 0.071094 0.116667 0.065625
3 0.281944 0.038281 0.097222 0.065625
