8 0.307292 0.047659 0.614583 0.095318
4 0.307292 0.082776 0.614583 0.095318
1 0.101042 0.082567 0.046528 0.028010
0 0.243403 0.082567 0.145139 0.031355
8 0.307292 0.095945 0.614583 0.001254
1 0.307292 0.000627 0.614583 0.001254
8 0.307292 0.131689 0.614583 0.070234
4 0.307292 0.166806 0.614583 0.070234
1 0.100347 0.166597 0.045139 0.025502
0 0.229167 0.166597 0.119444 0.031355
8 0.307292 0.167642 0.614583 0.001672
1 0.307292 0.000836 0.614583 0.001672
8 0.307292 0.203595 0.614583 0.070234
4 0.307292 0.238712 0.614583 0.070234
1 0.100347 0.238503 0.045139 0.027174
0 0.239931 0.238503 0.140972 0.031355
8 0.307292 0.239548 0.614583 0.001672
8 0.307292 0.275502 0.614583 0.070234
4 0.307292 0.310619 0.614583 0.070234
2 0.098611 0.310619 0.041667 0.025084
0 0.271181 0.310410 0.210417 0.031355
8 0.307292 0.311455 0.614583 0.001672
8 0.307292 0.347408 0.614583 0.070234
4 0.307292 0.382525 0.614583 0.070234
2 0.096528 0.382525 0.037500 0.024247
0 0.234028 0.382316 0.144444 0.031355
8 0.307292 0.383361 0.614583 0.001672
8 0.307292 0.419314 0.614583 0.070234
4 0.307292 0.454431 0.614583 0.070234
2 0.099653 0.454222 0.043750 0.026338
0 0.264236 0.454222 0.192361 0.031355
8 0.307292 0.455268 0.614583 0.001672
8 0.307292 0.472199 0.614583 0.032191
8 0.307292 0.524247 0.614583 0.071906
4 0.307292 0.560201 0.614583 0.068562
2 0.099653 0.559992 0.034028 0.020485
0 0.323264 0.559992 0.320139 0.031355
2 0.514931 0.559992 0.014583 0.016304
8 0.307292 0.703595 0.614583 0.286789
0 0.341319 0.712166 0.546528 0.028846
3 0.234375 0.748328 0.332639 0.043478
3 0.190278 0.799331 0.244444 0.043478
0 0.331944 0.851589 0.527778 0.061037
0 0.807292 0.068771 0.385417 0.067308
4 0.669444 0.068771 0.109722 0.067308
1 0.681597 0.068771 0.085417 0.067308
8 0.500000 0.232232 1.000000 0.464465
0 0.819444 0.142768 0.361111 0.080686
8 0.500000 0.522366 0.897222 0.115803
0 0.794792 0.607232 0.257639 0.036371
8 0.500000 0.615385 0.897222 0.070234
8 0.830208 0.831731 0.339583 0.143395
1 0.453819 0.071697 0.345139 0.055602
