8 0.500000 0.412500 1.000000 0.825000
0 0.500000 0.528516 0.926389 0.317188
4 0.500000 0.071094 1.000000 0.076563
0 0.266319 0.070898 0.240972 0.033203
4 0.068056 0.038281 0.136111 0.076563
4 0.291667 0.483594 0.583333 0.901563
8 0.291667 0.065625 0.583333 0.065625
8 0.291667 0.130859 0.583333 0.065625
8 0.291667 0.196094 0.583333 0.065625
8 0.291667 0.261328 0.583333 0.065625
8 0.291667 0.326562 0.583333 0.065625
8 0.291667 0.391797 0.583333 0.065625
8 0.291667 0.457031 0.583333 0.065625
8 0.291667 0.522266 0.583333 0.065625
8 0.291667 0.587500 0.583333 0.065625
