0 0.274653 0.070898 0.257639 0.036328
3 0.068056 0.038281 0.136111 0.076563
5 0.456250 0.147656 0.834722 0.051562
4 0.936806 0.147656 0.048611 0.051562
3 0.166667 0.224219 0.333333 0.076563
3 0.500000 0.224219 0.333333 0.076563
3 0.833333 0.224219 0.333333 0.076563
8 0.500000 0.335938 1.000000 0.671875
4 0.500000 0.598437 1.000000 0.671875
8 0.182639 0.360938 0.287500 0.164062
8 0.494444 0.360938 0.287500 0.164062
8 0.806250 0.360938 0.287500 0.164062
8 0.182639 0.538672 0.287500 0.164062
8 0.494444 0.538672 0.287500 0.164062
8 0.806250 0.538672 0.287500 0.164062
8 0.182639 0.716406 0.287500 0.164062
8 0.494444 0.716406 0.287500 0.164062
8 0.806250 0.716406 0.287500 0.164062
8 0.182639 0.873242 0.287500 0.122266
8 0.494444 0.873242 0.287500 0.122266
8 0.806250 0.873242 0.287500 0.122266
4 0.500000 0.034180 1.000000 0.068359
4 0.340278 0.180469 0.680556 0.065625
0 0.340278 0.180469 0.602778 0.065625
4 0.340278 0.246094 0.680556 0.065625
0 0.340278 0.246094 0.602778 0.065625
4 0.340278 0.311719 0.680556 0.065625
0 0.340278 0.311719 0.602778 0.065625
4 0.340278 0.377344 0.680556 0.065625
0 0.340278 0.377344 0.602778 0.065625
4 0.340278 0.466406 0.680556 0.065625
0 0.340278 0.466406 0.602778 0.065625
4 0.340278 0.532031 0.680556 0.065625
0 0.340278 0.532031 0.602778 0.065625
4 0.340278 0.597656 0.680556 0.065625
0 0.340278 0.597656 0.602778 0.065625
0 0.604861 0.908594 0.151389 0.051562
