0 0.298611 0.070898 0.305556 0.036328
3 0.068056 0.038281 0.136111 0.076563
7 0.166667 0.032813 0.333333 0.065625
0 0.166319 0.142187 0.149306 0.025781
7 0.500000 0.032813 0.333333 0.065625
0 0.499653 0.142187 0.182639 0.025781
7 0.833333 0.032813 0.333333 0.065625
0 0.833333 0.142187 0.154167 0.025781
8 0.500000 0.341797 1.000000 0.683594
1 0.499306 0.067773 0.768056 0.135547
5 0.422222 0.478516 0.766667 0.065625
3 0.893056 0.478516 0.136111 0.065625
4 0.500000 0.582812 0.922222 0.098437
1 0.068056 0.049219 0.058333 0.032813
0 0.490278 0.582812 0.669444 0.029687
4 0.500000 0.034180 1.000000 0.068359
1 0.340278 0.173047 0.680556 0.346094
4 0.340278 0.389844 0.680556 0.065625
0 0.340278 0.389844 0.602778 0.065625
4 0.340278 0.455469 0.680556 0.065625
0 0.340278 0.455469 0.602778 0.065625
4 0.340278 0.521094 0.680556 0.065625
0 0.340278 0.521094 0.602778 0.065625
1 0.500000 0.856445 1.000000 0.004297
4 0.101042 0.895117 0.199306 0.073047
1 0.100694 0.883203 0.058333 0.032813
0 0.101042 0.908789 0.082639 0.018359
4 0.300347 0.896484 0.199306 0.075781
1 0.300000 0.885938 0.058333 0.032813
0 0.300000 0.911523 0.063889 0.016016
4 0.499653 0.896484 0.199306 0.075781
1 0.499306 0.885938 0.058333 0.032813
0 0.499306 0.911523 0.036111 0.016016
4 0.698958 0.896484 0.199306 0.075781
1 0.698611 0.885938 0.058333 0.032813
0 0.698958 0.911523 0.072917 0.016016
4 0.898264 0.896484 0.199306 0.075781
1 0.897917 0.885938 0.058333 0.032813
0 0.898264 0.911523 0.052083 0.016016
