3 0.922222 0.071094 0.116667 0.065625
3 0.068056 0.038281 0.136111 0.076563
1 0.312500 0.038086 0.352778 0.025391
4 0.166667 0.032813 0.333333 0.065625
0 0.166667 0.142187 0.181944 0.029687
4 0.500000 0.032813 0.333333 0.065625
0 0.499653 0.142187 0.097917 0.029687
4 0.833333 0.032813 0.333333 0.065625
0 0.832986 0.142187 0.142361 0.029687
8 0.500000 0.379688 1.000000 0.759375
4 0.500000 0.554688 1.000000 0.759375
8 0.500000 0.041797 1.000000 0.083594
3 0.048611 0.038281 0.097222 0.065625
6 0.269444 0.210352 0.461111 0.047266
6 0.730556 0.210352 0.461111 0.047266
8 0.500000 0.130078 1.000000 0.092969
0 0.336111 0.280664 0.594444 0.033203
0 0.244792 0.313477 0.402083 0.022266
0 0.675694 0.280469 0.084722 0.043750
0 0.846875 0.280469 0.218750 0.043750
3 0.826042 0.305078 0.260417 0.092969
8 0.500000 0.385156 1.000000 0.067187
3 0.500000 0.385937 0.922222 0.065625
8 0.500000 0.415820 1.000000 0.344141
3 0.121528 0.469922 0.097222 0.025781
3 0.245486 0.469922 0.111806 0.025781
0 0.500000 0.530664 0.854167 0.068359
0 0.500000 0.625000 0.854167 0.095312
0 0.167361 0.713672 0.188889 0.025781
0 0.277083 0.713672 0.011111 0.025781
0 0.335764 0.713672 0.086806 0.025781
1 0.873611 0.713672 0.106944 0.060156
8 0.500000 0.793945 1.000000 0.412109
4 0.500000 0.852734 0.941667 0.163281
1 0.890625 0.817773 0.072917 0.041016
0 0.155208 0.814453 0.164583 0.025781
1 0.266667 0.817969 0.058333 0.032813
0 0.453819 0.882422 0.761806 0.071094
0 0.500000 0.932422 0.854167 0.003906
4 0.379167 0.483594 0.758333 0.901563
8 0.379167 0.030078 0.758333 0.060156
1 0.053472 0.062891 0.106944 0.060156
0 0.432639 0.062891 0.573611 0.029687
8 0.379167 0.093750 0.758333 0.067187
0 0.379167 0.126562 0.680556 0.025781
8 0.379167 0.158789 0.758333 0.062891
1 0.070486 0.194336 0.063194 0.035547
0 0.307639 0.194336 0.333333 0.031641
0 0.668403 0.194141 0.121528 0.034375
8 0.379167 0.221680 0.758333 0.062891
1 0.070486 0.257227 0.063194 0.035547
0 0.198958 0.257227 0.115972 0.031641
0 0.668403 0.257031 0.121528 0.034375
8 0.379167 0.284570 0.758333 0.062891
1 0.070486 0.320117 0.063194 0.035547
0 0.280208 0.320117 0.278472 0.031641
0 0.668403 0.319922 0.121528 0.034375
8 0.379167 0.347461 0.758333 0.062891
1 0.070486 0.383008 0.063194 0.035547
0 0.265625 0.383008 0.249306 0.031641
0 0.668403 0.382812 0.121528 0.034375
8 0.379167 0.410352 0.758333 0.062891
1 0.070486 0.445898 0.063194 0.035547
0 0.321528 0.445898 0.361111 0.031641
0 0.668403 0.445703 0.121528 0.034375
8 0.379167 0.473242 0.758333 0.062891
1 0.070486 0.508789 0.063194 0.035547
0 0.190972 0.508789 0.100000 0.031641
0 0.668403 0.508594 0.121528 0.034375
8 0.379167 0.536133 0.758333 0.062891
1 0.070486 0.571680 0.063194 0.035547
0 0.244444 0.571680 0.206944 0.031641
0 0.668403 0.571484 0.121528 0.034375
8 0.379167 0.599023 0.758333 0.062891
1 0.070486 0.634570 0.063194 0.035547
0 0.281597 0.634570 0.281250 0.031641
0 0.668403 0.634375 0.121528 0.034375
8 0.379167 0.661914 0.758333 0.062891
1 0.070486 0.697461 0.063194 0.035547
0 0.199306 0.697461 0.116667 0.031641
0 0.668403 0.697266 0.121528 0.034375
8 0.379167 0.726953 0.758333 0.067187
0 0.379167 0.759766 0.680556 0.025781
8 0.379167 0.824805 0.758333 0.062891
1 0.070486 0.827539 0.063194 0.035547
0 0.372222 0.827539 0.462500 0.031641
8 0.379167 0.887695 0.758333 0.062891
1 0.070486 0.890430 0.063194 0.035547
0 0.217708 0.890430 0.153472 0.031641
8 0.379167 0.926758 0.758333 0.015234
