1 0.500000 0.483594 1.000000 0.901563
4 0.087847 0.091406 0.097917 0.064844
1 0.081597 0.091406 0.085417 0.034375
1 0.907639 0.091406 0.058333 0.032813
1 0.499653 0.078711 0.647917 0.048047
0 0.500000 0.115625 0.766667 0.025781
3 0.121528 0.091602 0.243056 0.117578
3 0.500000 0.091602 0.513889 0.117578
3 0.878472 0.091602 0.243056 0.117578
1 0.500000 0.864062 1.000000 0.000781
6 0.126389 0.899609 0.252778 0.069531
6 0.384028 0.899609 0.262500 0.069531
6 0.632639 0.899609 0.234722 0.069531
6 0.875000 0.899609 0.250000 0.069531
8 0.500000 0.066992 1.000000 0.133984
4 0.500000 0.217383 1.000000 0.133984
1 0.155556 0.207813 0.233333 0.073438
2 0.080556 0.221094 0.029167 0.016406
0 0.126042 0.221094 0.061806 0.016406
0 0.636111 0.178906 0.650000 0.029687
0 0.636111 0.220312 0.650000 0.053125
0 0.636111 0.258789 0.650000 0.018359
8 0.500000 0.465430 1.000000 0.662109
0 0.238889 0.486523 0.380556 0.102734
0 0.488194 0.457031 0.118056 0.029687
0 0.512500 0.492969 0.166667 0.025781
0 0.644792 0.490234 0.097917 0.035937
1 0.200000 0.669922 0.155556 0.087500
0 0.481250 0.655469 0.162500 0.022656
0 0.930903 0.656250 0.060417 0.024219
0 0.492361 0.716016 0.184722 0.022656
0 0.936111 0.716797 0.050000 0.024219
0 0.445833 0.776563 0.091667 0.022656
0 0.929514 0.777344 0.063194 0.024219
0 0.468750 0.837109 0.137500 0.022656
0 0.902778 0.837891 0.116667 0.024219
4 0.315972 0.099805 0.631944 0.199609
1 0.315972 0.132617 0.631944 0.199609
4 0.315972 0.583398 0.631944 0.701953
8 0.315972 0.030078 0.631944 0.060156
1 0.058333 0.262500 0.116667 0.038281
0 0.283681 0.262500 0.334028 0.022656
8 0.315972 0.091797 0.631944 0.060156
1 0.058333 0.324219 0.116667 0.038281
0 0.254514 0.324219 0.275694 0.022656
8 0.315972 0.153516 0.631944 0.060156
1 0.058333 0.385937 0.116667 0.038281
0 0.277778 0.385937 0.322222 0.022656
8 0.315972 0.185352 0.631944 0.000391
8 0.315972 0.217188 0.631944 0.060156
1 0.058333 0.449609 0.116667 0.038281
0 0.259722 0.449609 0.286111 0.022656
8 0.315972 0.278906 0.631944 0.060156
1 0.058333 0.511328 0.116667 0.038281
0 0.179167 0.511328 0.125000 0.022656
8 0.315972 0.340625 0.631944 0.060156
1 0.058333 0.573047 0.116667 0.038281
0 0.191319 0.573047 0.149306 0.022656
8 0.315972 0.402344 0.631944 0.060156
1 0.058333 0.634766 0.116667 0.038281
0 0.153125 0.634766 0.072917 0.022656
8 0.315972 0.434180 0.631944 0.000391
