1 0.085069 0.060828 0.065972 0.039716
0 0.487847 0.060828 0.693750 0.051421
4 0.427083 0.543269 0.854167 0.913462
8 0.427083 0.035953 0.854167 0.071906
0 0.377778 0.122492 0.658333 0.071906
2 0.774306 0.122283 0.037500 0.022993
8 0.427083 0.108278 0.854167 0.072742
0 0.377778 0.194816 0.658333 0.071906
2 0.774306 0.194816 0.037500 0.022575
8 0.427083 0.181020 0.854167 0.072742
0 0.377778 0.267559 0.658333 0.071906
2 0.774306 0.267559 0.037500 0.022575
8 0.427083 0.253763 0.854167 0.072742
0 0.377778 0.340301 0.658333 0.071906
2 0.774306 0.340301 0.037500 0.022575
8 0.427083 0.326505 0.854167 0.072742
0 0.377778 0.413043 0.658333 0.071906
2 0.774306 0.413043 0.037500 0.022575
8 0.427083 0.399247 0.854167 0.072742
0 0.377778 0.485786 0.658333 0.071906
2 0.774306 0.485786 0.037500 0.022575
8 0.427083 0.471990 0.854167 0.072742
0 0.377778 0.558528 0.658333 0.071906
2 0.774306 0.558528 0.037500 0.022575
4 0.500000 0.456731 1.000000 0.913462
3 0.927083 0.060828 0.145833 0.051421
