4 0.500000 0.179202 0.951389 0.138143
0 0.500000 0.274942 0.926389 0.039524
0 0.500000 0.379893 0.951389 0.156562
4 0.262153 0.556792 0.465972 0.138143
0 0.262153 0.606293 0.465972 0.039140
4 0.737847 0.556792 0.465972 0.138143
0 0.737847 0.606293 0.465972 0.039140
4 0.264583 0.702993 0.461111 0.138143
0 0.264583 0.752494 0.461111 0.039140
4 0.735417 0.702993 0.461111 0.138143
0 0.735417 0.752494 0.461111 0.039140
4 0.262153 0.855718 0.465972 0.124328
0 0.262153 0.905219 0.465972 0.025326
4 0.737847 0.855718 0.465972 0.124328
0 0.737847 0.905219 0.465972 0.025326
4 0.291667 0.507291 0.583333 0.821182
8 0.303819 0.033576 0.559028 0.067153
1 0.085069 0.130276 0.121528 0.067153
0 0.364583 0.130276 0.437500 0.067153
8 0.303819 0.102264 0.559028 0.067153
1 0.085069 0.198964 0.121528 0.067153
0 0.364583 0.198964 0.437500 0.067153
8 0.303819 0.170952 0.559028 0.067153
1 0.085069 0.267652 0.121528 0.067153
0 0.364583 0.267652 0.437500 0.067153
8 0.303819 0.239639 0.559028 0.067153
1 0.085069 0.336339 0.121528 0.067153
0 0.364583 0.336339 0.437500 0.067153
8 0.303819 0.308327 0.559028 0.067153
1 0.085069 0.405027 0.121528 0.067153
0 0.364583 0.405027 0.437500 0.067153
8 0.303819 0.377015 0.559028 0.067153
1 0.085069 0.473715 0.121528 0.067153
0 0.364583 0.473715 0.437500 0.067153
8 0.303819 0.445702 0.559028 0.067153
1 0.085069 0.542402 0.121528 0.067153
0 0.364583 0.542402 0.437500 0.067153
8 0.303819 0.514390 0.559028 0.067153
1 0.085069 0.611090 0.121528 0.067153
0 0.364583 0.611090 0.437500 0.067153
8 0.303819 0.583078 0.559028 0.067153
1 0.085069 0.679777 0.121528 0.067153
0 0.364583 0.679777 0.437500 0.067153
8 0.303819 0.651765 0.559028 0.067153
1 0.085069 0.748465 0.121528 0.067153
0 0.364583 0.748465 0.437500 0.067153
8 0.303819 0.720453 0.559028 0.067153
1 0.085069 0.817153 0.121528 0.067153
0 0.364583 0.817153 0.437500 0.067153
3 0.207292 0.032233 0.414583 0.064467
1 0.023611 0.064467 0.047222 0.026094
1 0.081944 0.064467 0.087500 0.042978
0 0.265278 0.064275 0.259722 0.032617
