3 0.922222 0.071094 0.116667 0.065625
3 0.068056 0.038281 0.136111 0.076563
1 0.312500 0.038086 0.352778 0.025391
4 0.166667 0.032813 0.333333 0.065625
0 0.166667 0.142187 0.181944 0.029687
4 0.500000 0.032813 0.333333 0.065625
0 0.499653 0.142187 0.097917 0.029687
4 0.833333 0.032813 0.333333 0.065625
0 0.832986 0.142187 0.142361 0.029687
8 0.500000 0.379688 1.000000 0.759375
4 0.500000 0.554688 1.000000 0.759375
8 0.500000 0.041797 1.000000 0.083594
3 0.048611 0.038281 0.097222 0.065625
6 0.269444 0.210352 0.461111 0.047266
6 0.730556 0.210352 0.461111 0.047266
8 0.500000 0.130078 1.000000 0.092969
0 0.336111 0.280664 0.594444 0.033203
0 0.244792 0.313477 0.402083 0.022266
0 0.675694 0.280469 0.084722 0.043750
0 0.846875 0.280469 0.218750 0.043750
3 0.826042 0.305078 0.260417 0.092969
8 0.500000 0.385156 1.000000 0.067187
3 0.500000 0.385937 0.922222 0.065625
8 0.500000 0.415820 1.000000 0.344141
3 0.121528 0.469922 0.097222 0.025781
3 0.245486 0.469922 0.111806 0.025781
0 0.500000 0.530664 0.854167 0.068359
0 0.500000 0.625000 0.854167 0.095312
0 0.167361 0.713672 0.188889 0.025781
0 0.277083 0.713672 0.011111 0.025781
0 0.335764 0.713672 0.086806 0.025781
1 0.873611 0.713672 0.106944 0.060156
8 0.500000 0.793945 1.000000 0.412109
4 0.500000 0.852734 0.941667 0.163281
1 0.890625 0.817773 0.072917 0.041016
0 0.155208 0.814453 0.164583 0.025781
1 0.266667 0.817969 0.058333 0.032813
0 0.453819 0.882422 0.761806 0.071094
0 0.500000 0.932422 0.854167 0.003906
4 0.379167 0.483594 0.758333 0.901563
8 0.379167 0.023633 0.758333 0.047266
1 0.070486 0.051367 0.063194 0.035547
0 0.321528 0.051367 0.361111 0.031641
0 0.668403 0.051172 0.121528 0.034375
8 0.379167 0.078711 0.758333 0.062891
1 0.070486 0.114258 0.063194 0.035547
0 0.190972 0.114258 0.100000 0.031641
0 0.668403 0.114062 0.121528 0.034375
8 0.379167 0.141602 0.758333 0.062891
1 0.070486 0.177148 0.063194 0.035547
0 0.244444 0.177148 0.206944 0.031641
0 0.668403 0.176953 0.121528 0.034375
8 0.379167 0.204492 0.758333 0.062891
1 0.070486 0.240039 0.063194 0.035547
0 0.281597 0.240039 0.281250 0.031641
0 0.668403 0.239844 0.121528 0.034375
8 0.379167 0.267383 0.758333 0.062891
1 0.070486 0.302930 0.063194 0.035547
0 0.199306 0.302930 0.116667 0.031641
0 0.668403 0.302734 0.121528 0.034375
8 0.379167 0.332422 0.758333 0.067187
0 0.379167 0.365234 0.680556 0.025781
8 0.379167 0.430273 0.758333 0.062891
1 0.070486 0.433008 0.063194 0.035547
0 0.372222 0.433008 0.462500 0.031641
8 0.379167 0.493164 0.758333 0.062891
1 0.070486 0.495898 0.063194 0.035547
0 0.217708 0.495898 0.153472 0.031641
8 0.379167 0.556055 0.758333 0.062891
1 0.070486 0.558789 0.063194 0.035547
0 0.184028 0.558789 0.086111 0.031641
8 0.379167 0.618945 0.758333 0.062891
1 0.070486 0.621680 0.063194 0.035547
0 0.278472 0.621680 0.275000 0.031641
8 0.379167 0.681836 0.758333 0.062891
1 0.070486 0.684570 0.063194 0.035547
0 0.273958 0.684570 0.265972 0.031641
8 0.379167 0.744727 0.758333 0.062891
1 0.070486 0.747461 0.063194 0.035547
0 0.263194 0.747461 0.244444 0.031641
8 0.379167 0.822461 0.758333 0.158203
1 0.378819 0.840430 0.357639 0.041016
3 0.379167 0.892188 0.280556 0.040625
