4 0.529167 0.070898 0.708333 0.049609
2 0.227083 0.070703 0.040278 0.022656
0 0.567708 0.070898 0.592361 0.027734
4 0.941667 0.071094 0.116667 0.076563
1 0.941667 0.071094 0.058333 0.032813
3 0.068056 0.038281 0.136111 0.076563
3 0.087500 0.233984 0.097222 0.054688
0 0.562153 0.233984 0.827083 0.096875
7 0.250000 0.038281 0.500000 0.076563
0 0.249653 0.334180 0.171528 0.033203
7 0.750000 0.038281 0.500000 0.076563
0 0.750000 0.334180 0.229167 0.033203
8 0.500000 0.045117 1.000000 0.090234
0 0.097222 0.391797 0.169444 0.024219
0 0.097222 0.417773 0.169444 0.027734
0 0.097222 0.443750 0.169444 0.024219
0 0.597222 0.405469 0.731944 0.025781
0 0.597222 0.430469 0.731944 0.024219
8 0.500000 0.136133 1.000000 0.090234
0 0.097222 0.482812 0.169444 0.024219
0 0.097222 0.508789 0.169444 0.027734
0 0.097222 0.534766 0.169444 0.024219
0 0.597222 0.496484 0.731944 0.025781
0 0.597222 0.521484 0.731944 0.024219
8 0.500000 0.228711 1.000000 0.090234
0 0.097222 0.575391 0.169444 0.024219
0 0.097222 0.601367 0.169444 0.027734
0 0.097222 0.627344 0.169444 0.024219
0 0.597222 0.589063 0.731944 0.025781
0 0.597222 0.614062 0.731944 0.024219
8 0.500000 0.319727 1.000000 0.090234
0 0.097222 0.666406 0.169444 0.024219
0 0.097222 0.692383 0.169444 0.027734
0 0.097222 0.718359 0.169444 0.024219
0 0.597222 0.680078 0.731944 0.025781
0 0.597222 0.705078 0.731944 0.024219
8 0.500000 0.410742 1.000000 0.090234
0 0.097222 0.757422 0.169444 0.024219
0 0.097222 0.783398 0.169444 0.027734
0 0.097222 0.809375 0.169444 0.024219
0 0.597222 0.771094 0.731944 0.025781
0 0.597222 0.796094 0.731944 0.024219
4 0.388889 0.483594 0.777778 0.901563
1 0.109375 0.102148 0.170139 0.095703
4 0.498264 0.101953 0.559028 0.065625
0 0.386458 0.101758 0.335417 0.027734
4 0.388889 0.486523 0.777778 0.630078
8 0.388889 0.032813 0.777778 0.065625
1 0.097222 0.204297 0.116667 0.065625
0 0.456944 0.204297 0.563889 0.065625
8 0.388889 0.098047 0.777778 0.065625
1 0.097222 0.269531 0.116667 0.065625
0 0.456944 0.269531 0.563889 0.065625
8 0.388889 0.163281 0.777778 0.065625
1 0.097222 0.334766 0.116667 0.065625
0 0.456944 0.334766 0.563889 0.065625
8 0.388889 0.228516 0.777778 0.065625
1 0.097222 0.400000 0.116667 0.065625
0 0.456944 0.400000 0.563889 0.065625
8 0.388889 0.293750 0.777778 0.065625
1 0.097222 0.465234 0.116667 0.065625
0 0.456944 0.465234 0.563889 0.065625
8 0.388889 0.358984 0.777778 0.065625
1 0.097222 0.530469 0.116667 0.065625
0 0.456944 0.530469 0.563889 0.065625
4 0.388889 0.835156 0.777778 0.065625
1 0.097222 0.835156 0.116667 0.065625
0 0.456944 0.835156 0.563889 0.065625
4 0.388889 0.901563 0.777778 0.065625
1 0.097222 0.901563 0.116667 0.065625
0 0.456944 0.901563 0.563889 0.065625
