4 0.500000 0.500000 0.935335 0.960396
8 0.467667 0.059406 0.935335 0.118812
0 0.879908 0.247171 0.240185 0.060113
8 0.467667 0.179632 0.935335 0.118812
0 0.879908 0.367397 0.240185 0.060113
8 0.467667 0.299859 0.935335 0.118812
0 0.879908 0.487624 0.240185 0.060113
8 0.467667 0.420085 0.935335 0.118812
0 0.879908 0.607850 0.240185 0.060113
8 0.467667 0.540311 0.935335 0.118812
0 0.879908 0.728076 0.240185 0.060113
8 0.467667 0.660537 0.935335 0.118812
0 0.879908 0.848303 0.240185 0.060113
8 0.467667 0.780764 0.935335 0.118812
0 0.879908 0.968529 0.240185 0.060113
8 0.467667 0.900990 0.935335 0.118812
