1 0.500000 0.483594 1.000000 0.901563
4 0.388889 0.034180 0.777778 0.068359
8 0.500000 0.052734 1.000000 0.105469
1 0.056597 0.181250 0.064583 0.034375
0 0.556597 0.173828 0.838194 0.027344
4 0.500000 0.595117 1.000000 0.678516
8 0.500000 0.296875 1.000000 0.082031
8 0.500000 0.131055 1.000000 0.098047
0 0.088889 0.361719 0.129167 0.046875
1 0.214236 0.372656 0.072917 0.054688
0 0.470139 0.372656 0.390278 0.054688
0 0.723264 0.372656 0.067361 0.054688
0 0.878472 0.372656 0.194444 0.054688
0 0.498611 0.415625 0.431944 0.025781
8 0.500000 0.251367 1.000000 0.142578
0 0.088889 0.459766 0.129167 0.046875
1 0.214236 0.470703 0.072917 0.054688
0 0.470139 0.470703 0.390278 0.054688
0 0.723264 0.470703 0.067361 0.054688
0 0.878472 0.470703 0.194444 0.054688
0 0.498611 0.513672 0.431944 0.025781
0 0.230208 0.552344 0.104861 0.037500
1 0.319097 0.552344 0.072917 0.037500
0 0.412500 0.552344 0.113889 0.037500
8 0.500000 0.371680 1.000000 0.098047
0 0.088889 0.602344 0.129167 0.046875
1 0.214236 0.613281 0.072917 0.054688
0 0.470139 0.613281 0.390278 0.054688
0 0.723264 0.613281 0.067361 0.054688
0 0.878472 0.613281 0.194444 0.054688
0 0.498611 0.656250 0.431944 0.025781
8 0.500000 0.469727 1.000000 0.098047
0 0.088889 0.700391 0.129167 0.046875
1 0.214236 0.711328 0.072917 0.054688
0 0.470139 0.711328 0.390278 0.054688
0 0.723264 0.711328 0.067361 0.054688
0 0.878472 0.711328 0.194444 0.054688
0 0.498611 0.754297 0.431944 0.025781
8 0.500000 0.567773 1.000000 0.098047
0 0.088889 0.798438 0.129167 0.046875
1 0.214236 0.809375 0.072917 0.054688
0 0.470139 0.809375 0.390278 0.054688
0 0.723264 0.809375 0.067361 0.054688
0 0.878472 0.809375 0.194444 0.054688
0 0.498611 0.852344 0.431944 0.025781
8 0.500000 0.665820 1.000000 0.098047
0 0.088889 0.896484 0.129167 0.046875
1 0.214236 0.907227 0.072917 0.054297
0 0.470139 0.907227 0.390278 0.054297
0 0.723264 0.907227 0.067361 0.054297
0 0.878472 0.907227 0.194444 0.054297
1 0.121528 0.125195 0.243056 0.048047
3 0.572222 0.125195 0.158333 0.048047
4 0.951042 0.125195 0.097917 0.048047
1 0.944792 0.125000 0.085417 0.034375
4 0.218750 0.024805 0.437500 0.049609
4 0.781250 0.542578 0.437500 0.783594
8 0.218750 0.025391 0.437500 0.050781
0 0.762847 0.176172 0.352083 0.031250
8 0.218750 0.076367 0.437500 0.051953
0 0.766667 0.226953 0.359722 0.031250
2 0.968403 0.227539 0.043750 0.020703
8 0.218750 0.127930 0.437500 0.051953
0 0.766667 0.278516 0.359722 0.031250
2 0.968403 0.279102 0.043750 0.020703
8 0.218750 0.179492 0.437500 0.051953
0 0.766667 0.330078 0.359722 0.031250
2 0.968403 0.330664 0.043750 0.020703
8 0.218750 0.231055 0.437500 0.051953
0 0.766667 0.381641 0.359722 0.031250
2 0.968403 0.382227 0.043750 0.020703
8 0.218750 0.282617 0.437500 0.051953
0 0.766667 0.433203 0.359722 0.031250
2 0.968403 0.433789 0.043750 0.020703
8 0.218750 0.334180 0.437500 0.051953
0 0.766667 0.484766 0.359722 0.031250
2 0.968403 0.485352 0.043750 0.020703
8 0.218750 0.360547 0.437500 0.001563
8 0.218750 0.386914 0.437500 0.051953
0 0.766667 0.537500 0.359722 0.031250
2 0.968403 0.538086 0.043750 0.020703
8 0.218750 0.438477 0.437500 0.051953
0 0.766667 0.589063 0.359722 0.031250
2 0.968403 0.589648 0.043750 0.020703
8 0.218750 0.490039 0.437500 0.051953
0 0.766667 0.640625 0.359722 0.031250
2 0.968403 0.641211 0.043750 0.020703
8 0.218750 0.541602 0.437500 0.051953
0 0.766667 0.692187 0.359722 0.031250
2 0.968403 0.692773 0.043750 0.020703
