3 0.068056 0.038281 0.136111 0.076563
3 0.941667 0.071094 0.116667 0.065625
6 0.500000 0.521875 1.000000 0.825000
4 0.500000 0.521875 1.000000 0.825000
8 0.500000 0.045117 1.000000 0.068359
4 0.388889 0.034180 0.777778 0.068359
8 0.500000 0.112109 1.000000 0.065625
0 0.480556 0.219141 0.961111 0.025781
1 0.934375 0.221289 0.053472 0.030078
8 0.500000 0.207422 1.000000 0.125000
1 0.087500 0.316797 0.097222 0.054688
0 0.255556 0.291016 0.238889 0.029687
0 0.435069 0.318750 0.597917 0.025781
0 0.417361 0.344531 0.562500 0.025781
8 0.500000 0.302734 1.000000 0.065625
0 0.480556 0.409766 0.961111 0.025781
1 0.934375 0.411914 0.053472 0.030078
8 0.500000 0.398047 1.000000 0.125000
1 0.087500 0.507422 0.097222 0.054688
0 0.276042 0.481641 0.279861 0.029687
0 0.353819 0.509375 0.435417 0.025781
0 0.452083 0.535156 0.631944 0.025781
8 0.500000 0.523047 1.000000 0.125000
1 0.087500 0.632422 0.097222 0.054688
0 0.243750 0.606641 0.215278 0.029687
0 0.488542 0.634375 0.704861 0.025781
0 0.441667 0.660156 0.611111 0.025781
8 0.500000 0.648047 1.000000 0.125000
1 0.087500 0.757422 0.097222 0.054688
0 0.255556 0.731641 0.238889 0.029687
0 0.435069 0.759375 0.597917 0.025781
0 0.417361 0.785156 0.562500 0.025781
8 0.500000 0.773047 1.000000 0.125000
1 0.087500 0.882422 0.097222 0.054688
0 0.249306 0.856641 0.226389 0.029687
0 0.418056 0.884375 0.563889 0.025781
0 0.394444 0.910156 0.516667 0.025781
4 0.388889 0.500000 0.777778 1.000000
8 0.388889 0.076563 0.777778 0.065625
8 0.388889 0.141797 0.777778 0.065625
8 0.388889 0.207031 0.777778 0.065625
8 0.388889 0.272266 0.777778 0.065625
8 0.388889 0.337500 0.777778 0.065625
8 0.388889 0.402734 0.777778 0.065625
8 0.388889 0.467969 0.777778 0.065625
8 0.388889 0.533203 0.777778 0.065625
8 0.388889 0.598437 0.777778 0.065625
8 0.388889 0.663672 0.777778 0.065625
8 0.388889 0.728906 0.777778 0.065625
8 0.388889 0.794141 0.777778 0.065625
