0 0.279167 0.070898 0.266667 0.033203
3 0.068056 0.038281 0.136111 0.076563
3 0.143750 0.149219 0.213889 0.065625
5 0.394097 0.143555 0.286806 0.054297
3 0.644444 0.143164 0.213889 0.041016
4 0.500000 0.188867 1.000000 0.013672
0 0.401042 0.063086 0.753472 0.033203
4 0.388889 0.104297 0.777778 0.065625
0 0.388889 0.137109 0.700000 0.065625
4 0.388889 0.169922 0.777778 0.065625
0 0.388889 0.202734 0.700000 0.065625
4 0.388889 0.235547 0.777778 0.065625
0 0.388889 0.268359 0.700000 0.065625
4 0.388889 0.301172 0.777778 0.065625
0 0.388889 0.333984 0.700000 0.065625
