1 0.500000 0.500000 1.000000 1.000000
4 0.155709 0.499805 0.311419 0.999610
4 0.155709 0.538071 0.311419 0.923077
0 0.155817 0.038071 0.052119 0.050371
1 0.023465 0.038266 0.022708 0.043733
1 0.005298 0.038266 0.010597 0.076533
1 0.034710 0.038266 0.010597 0.076533
4 0.105969 0.499805 0.211938 0.999610
0 0.010597 0.029676 0.006055 0.025771
2 0.199070 0.029481 0.010597 0.019133
4 0.105969 0.399453 0.211938 0.419367
8 0.105969 0.034947 0.211938 0.069895
1 0.018923 0.224717 0.022708 0.041000
0 0.067582 0.224522 0.062500 0.037485
8 0.105969 0.104451 0.211938 0.069895
1 0.018923 0.294026 0.022708 0.027333
0 0.072232 0.294026 0.071799 0.037485
8 0.105969 0.173955 0.211938 0.069895
1 0.018923 0.363530 0.022708 0.027333
0 0.064879 0.363530 0.057093 0.037485
8 0.105969 0.243460 0.211938 0.069895
1 0.018923 0.433034 0.022708 0.027333
0 0.078071 0.433034 0.083478 0.037485
8 0.105969 0.312964 0.211938 0.069895
1 0.018923 0.502538 0.022708 0.027333
0 0.091587 0.502538 0.110510 0.037485
8 0.105969 0.382468 0.211938 0.069895
1 0.018923 0.572042 0.022708 0.027333
0 0.075908 0.572042 0.079152 0.037485
4 0.024654 0.648184 0.028114 0.050761
4 0.063365 0.648184 0.028114 0.050761
3 0.036116 0.016400 0.072232 0.032800
1 0.021626 0.016400 0.043253 0.032800
0 0.061094 0.717298 0.018382 0.024209
1 0.068123 0.015033 0.105969 0.030066
