3 0.250000 0.152148 0.451389 0.063672
3 0.750000 0.152148 0.451389 0.063672
3 0.250000 0.226758 0.451389 0.063672
3 0.750000 0.226758 0.451389 0.063672
3 0.250000 0.301367 0.451389 0.063672
3 0.750000 0.301367 0.451389 0.063672
3 0.500000 0.375977 0.951389 0.063672
4 0.500000 0.763477 0.729167 0.341797
4 0.364583 0.170898 0.729167 0.341797
3 0.244097 0.016406 0.488194 0.032813
0 0.356250 0.139258 0.383333 0.027734
3 0.106944 0.032813 0.213889 0.065625
4 0.303819 0.598437 0.607639 0.671875
8 0.303819 0.270313 0.607639 0.015625
0 0.345486 0.265430 0.489583 0.005859
8 0.303819 0.313086 0.607639 0.066797
1 0.059028 0.312891 0.058333 0.032813
0 0.345486 0.313086 0.489583 0.047266
8 0.303819 0.381445 0.607639 0.066797
1 0.059028 0.381250 0.058333 0.032813
0 0.345486 0.381445 0.489583 0.047266
8 0.303819 0.449805 0.607639 0.066797
1 0.059028 0.449609 0.058333 0.032813
0 0.345486 0.449805 0.489583 0.047266
8 0.303819 0.518164 0.607639 0.066797
1 0.059028 0.517969 0.058333 0.032813
0 0.345486 0.518164 0.489583 0.047266
8 0.303819 0.586523 0.607639 0.066797
1 0.059028 0.586328 0.058333 0.032813
0 0.345486 0.586523 0.489583 0.047266
8 0.303819 0.652148 0.607639 0.061328
0 0.273264 0.652148 0.511806 0.041797
8 0.303819 0.715039 0.607639 0.061328
0 0.273264 0.715039 0.511806 0.041797
8 0.303819 0.777930 0.607639 0.061328
0 0.273264 0.777930 0.511806 0.041797
8 0.303819 0.840820 0.607639 0.061328
0 0.273264 0.840820 0.511806 0.041797
8 0.303819 0.903711 0.607639 0.061328
0 0.273264 0.903711 0.511806 0.041797
3 0.068056 0.038281 0.136111 0.076563
4 0.931944 0.071094 0.058333 0.032813
0 0.519444 0.071094 0.766667 0.039062
