4 0.068056 0.070234 0.136111 0.070234
1 0.029167 0.035117 0.029167 0.070234
1 0.089931 0.035117 0.063194 0.070234
5 0.560764 0.070025 0.820139 0.050585
1 0.195833 0.070234 0.051389 0.030936
3 0.500000 0.447324 1.000000 0.894649
1 0.085417 0.783236 0.145833 0.032191
1 0.051042 0.028846 0.102083 0.057692
1 0.051042 0.087375 0.102083 0.059365
1 0.500000 0.447324 1.000000 0.894649
1 0.796875 0.023411 0.396528 0.040970
4 0.100000 0.956104 0.200000 0.087793
1 0.099653 0.043687 0.072917 0.043896
4 0.300000 0.956104 0.200000 0.087793
1 0.299653 0.955895 0.072917 0.043896
4 0.500000 0.956104 0.200000 0.087793
1 0.499653 0.955895 0.072917 0.043896
4 0.700000 0.956104 0.200000 0.087793
1 0.699653 0.955895 0.072917 0.043896
4 0.899653 0.956104 0.199306 0.087793
4 0.291667 0.552676 0.583333 0.894649
8 0.291667 0.038253 0.583333 0.076505
1 0.060764 0.141931 0.063194 0.038043
0 0.245139 0.141931 0.247222 0.035535
8 0.291667 0.116430 0.583333 0.076505
1 0.060764 0.220109 0.063194 0.038043
0 0.165278 0.220109 0.087500 0.035535
8 0.291667 0.194607 0.583333 0.076505
1 0.060764 0.298286 0.063194 0.038043
0 0.187500 0.298286 0.131944 0.035535
8 0.291667 0.272784 0.583333 0.076505
1 0.060764 0.376463 0.063194 0.038043
0 0.282292 0.376463 0.321528 0.035535
8 0.291667 0.350962 0.583333 0.076505
1 0.060764 0.454640 0.063194 0.038043
0 0.235069 0.454640 0.227083 0.035535
8 0.291667 0.429139 0.583333 0.076505
1 0.060764 0.532818 0.063194 0.038043
0 0.203125 0.532818 0.163194 0.035535
