4 0.500000 0.517559 1.000000 0.964883
4 0.068056 0.040970 0.136111 0.081940
0 0.259722 0.075878 0.227778 0.038880
4 0.480556 0.050167 0.936111 0.085284
0 0.225347 0.167015 0.317361 0.024666
0 0.310069 0.192726 0.486806 0.020903
4 0.480556 0.135452 0.936111 0.085284
0 0.182986 0.252299 0.232639 0.024666
0 0.279167 0.278010 0.425000 0.020903
4 0.315972 0.517559 0.631944 0.964883
8 0.315972 0.043896 0.631944 0.087793
1 0.315625 0.079013 0.474306 0.087793
8 0.315972 0.116639 0.631944 0.058528
8 0.056250 0.151756 0.077778 0.046823
8 0.156597 0.151756 0.122917 0.058528
8 0.315972 0.174749 0.631944 0.058528
8 0.056250 0.209866 0.077778 0.046823
8 0.156944 0.209866 0.123611 0.058528
8 0.315972 0.232860 0.631944 0.058528
8 0.056250 0.267977 0.077778 0.046823
8 0.179167 0.267977 0.168056 0.058528
8 0.315972 0.290970 0.631944 0.058528
8 0.056250 0.326087 0.077778 0.046823
8 0.151736 0.326087 0.113194 0.058528
8 0.315972 0.349080 0.631944 0.058528
8 0.056250 0.384197 0.077778 0.046823
8 0.184722 0.384197 0.179167 0.058528
8 0.315972 0.407191 0.631944 0.058528
8 0.056250 0.442308 0.077778 0.046823
8 0.191667 0.442308 0.193056 0.058528
8 0.315972 0.465301 0.631944 0.058528
8 0.056250 0.500418 0.077778 0.046823
8 0.147917 0.500418 0.105556 0.058528
8 0.315972 0.523411 0.631944 0.058528
8 0.056250 0.558528 0.077778 0.046823
8 0.288542 0.558528 0.386806 0.058528
8 0.315972 0.581522 0.631944 0.058528
8 0.056250 0.616639 0.077778 0.046823
8 0.187500 0.616639 0.184722 0.058528
8 0.315972 0.639632 0.631944 0.058528
8 0.056250 0.674749 0.077778 0.046823
8 0.166667 0.674749 0.143056 0.058528
8 0.315972 0.697742 0.631944 0.058528
8 0.056250 0.732860 0.077778 0.046823
8 0.177431 0.732860 0.164583 0.058528
8 0.315972 0.755853 0.631944 0.058528
8 0.056250 0.790970 0.077778 0.046823
8 0.167708 0.790970 0.145139 0.058528
