1 0.097569 0.095527 0.121528 0.073161
1 0.060764 0.036580 0.121528 0.073161
1 0.195139 0.073161 0.048611 0.029264
0 0.329514 0.073161 0.214583 0.031773
4 0.245486 0.111413 0.124306 0.044732
0 0.221181 0.111413 0.075694 0.029682
4 0.375000 0.194607 0.750000 0.073997
1 0.063542 0.036998 0.072917 0.043896
0 0.184375 0.194398 0.120139 0.032609
4 0.375000 0.268604 0.750000 0.073997
1 0.060764 0.036998 0.072917 0.043896
0 0.230903 0.036789 0.213194 0.032609
4 0.375000 0.344273 0.750000 0.073997
0 0.171528 0.344064 0.094444 0.032609
4 0.375000 0.418269 0.750000 0.073997
0 0.227778 0.036789 0.206944 0.032609
4 0.375000 0.493938 0.750000 0.073997
0 0.294444 0.493729 0.340278 0.032609
4 0.375000 0.567935 0.750000 0.073997
0 0.257639 0.567726 0.266667 0.032609
4 0.375000 0.641931 0.750000 0.073997
0 0.291667 0.641722 0.334722 0.032609
4 0.375000 0.717600 0.750000 0.073997
0 0.197569 0.036789 0.146528 0.032609
4 0.375000 0.791597 0.750000 0.073997
0 0.214583 0.791388 0.180556 0.032609
4 0.375000 0.865594 0.750000 0.073997
0 0.202083 0.036789 0.155556 0.032609
4 0.375000 0.907818 0.750000 0.010452
1 0.375000 0.036162 0.486111 0.043060
4 0.875000 0.480978 0.250000 0.891722
4 0.884028 0.126881 0.231944 0.036371
1 0.031944 0.017977 0.048611 0.029264
0 0.194444 0.018186 0.261111 0.027174
8 0.500000 0.387124 1.000000 0.774247
3 0.875000 0.539716 0.250000 0.774247
8 0.500000 0.074833 1.000000 0.149666
0 0.899306 0.249164 0.201389 0.106187
4 0.875000 0.068144 0.250000 0.066054
4 0.808333 0.068144 0.116667 0.066054
0 0.899306 0.068144 0.201389 0.066054
