4 0.500000 0.500000 1.000000 1.000000
3 0.500000 0.500000 1.000000 1.000000
1 0.085417 0.839256 0.145833 0.032191
8 0.500000 0.500000 1.000000 1.000000
8 0.500000 0.005644 0.922222 0.011288
8 0.500000 0.052258 0.922222 0.081940
0 0.481250 0.052258 0.651389 0.053512
8 0.500000 0.123955 0.922222 0.061455
4 0.902778 0.123955 0.116667 0.061455
8 0.500000 0.219064 0.922222 0.058528
0 0.500000 0.218855 0.183333 0.028010
8 0.500000 0.307692 0.922222 0.118729
4 0.500000 0.307692 0.844444 0.071906
8 0.500000 0.392559 0.922222 0.051003
8 0.500000 0.470109 0.922222 0.104097
8 0.500000 0.586538 0.922222 0.128763
0 0.499653 0.586538 0.159028 0.030100
8 0.500000 0.715301 0.922222 0.058528
0 0.499653 0.715092 0.185417 0.028010
8 0.500000 0.858278 0.922222 0.227425
0 0.232292 0.783027 0.309028 0.030100
8 0.500000 0.985995 0.922222 0.028010
0 0.177778 0.997701 0.200000 0.004599
