0 0.243403 0.070898 0.195139 0.036328
3 0.068056 0.038281 0.136111 0.076563
8 0.500000 0.164062 1.000000 0.328125
1 0.500000 0.207227 0.877778 0.165234
0 0.226736 0.190430 0.253472 0.036328
0 0.437153 0.325586 0.674306 0.027734
3 0.194444 0.379492 0.188889 0.027734
4 0.500000 0.701758 1.000000 0.091797
1 0.081597 0.701758 0.085417 0.048047
0 0.219444 0.688867 0.112500 0.027734
0 0.404167 0.715625 0.481944 0.025781
4 0.500000 0.795117 1.000000 0.091797
1 0.081597 0.795117 0.085417 0.048047
0 0.217014 0.782227 0.107639 0.027734
0 0.373958 0.808984 0.421528 0.025781
4 0.500000 0.888477 1.000000 0.091797
1 0.081597 0.888477 0.085417 0.048047
0 0.201042 0.875586 0.075694 0.027734
0 0.389931 0.902344 0.453472 0.025781
4 0.369444 0.467187 0.738889 0.934375
1 0.128125 0.107617 0.182639 0.102734
4 0.369444 0.214844 0.665278 0.075781
0 0.192361 0.190820 0.311111 0.027734
0 0.369444 0.228711 0.665278 0.048047
