8 0.500000 0.435352 1.000000 0.651953
0 0.439236 0.128516 0.878472 0.038281
4 0.939236 0.134961 0.121528 0.051172
0 0.500000 0.714258 1.000000 0.030859
3 0.500000 0.745508 1.000000 0.030859
4 0.106250 0.806641 0.197222 0.065625
4 0.303472 0.806641 0.197222 0.065625
4 0.500694 0.806641 0.197222 0.065625
4 0.697569 0.806641 0.196528 0.065625
4 0.894097 0.806641 0.196528 0.065625
4 0.500000 0.034180 1.000000 0.068359
4 0.291667 0.521875 0.583333 0.825000
8 0.291667 0.033008 0.583333 0.066016
0 0.118750 0.142383 0.188889 0.038672
8 0.291667 0.096875 0.583333 0.058594
0 0.132292 0.206250 0.215972 0.031250
8 0.291667 0.157031 0.583333 0.058594
0 0.130556 0.266406 0.212500 0.031250
8 0.291667 0.217188 0.583333 0.058594
0 0.144792 0.326562 0.240972 0.031250
8 0.291667 0.277344 0.583333 0.058594
0 0.117361 0.386719 0.186111 0.031250
8 0.291667 0.337500 0.583333 0.058594
0 0.132292 0.446875 0.215972 0.031250
8 0.291667 0.397656 0.583333 0.058594
0 0.120833 0.507031 0.193056 0.031250
8 0.291667 0.457813 0.583333 0.058594
0 0.113542 0.567187 0.178472 0.031250
8 0.291667 0.517969 0.583333 0.058594
0 0.127083 0.627344 0.205556 0.031250
8 0.291667 0.578125 0.583333 0.058594
0 0.096875 0.687500 0.145139 0.031250
8 0.291667 0.638281 0.583333 0.058594
0 0.154861 0.747656 0.261111 0.031250
8 0.291667 0.698438 0.583333 0.058594
0 0.133333 0.807813 0.218056 0.031250
8 0.291667 0.758594 0.583333 0.058594
0 0.134722 0.867969 0.220833 0.031250
8 0.291667 0.818750 0.583333 0.058594
0 0.155208 0.923438 0.261806 0.021875
0 0.257986 0.070898 0.224306 0.036328
3 0.068056 0.038281 0.136111 0.076563
3 0.727778 0.071094 0.116667 0.065625
3 0.844444 0.071094 0.116667 0.065625
3 0.281944 0.038281 0.097222 0.065625
