0 0.264931 0.071094 0.179861 0.032031
3 0.068056 0.038281 0.136111 0.076563
0 0.159375 0.136914 0.215972 0.022266
4 0.500000 0.089063 1.000000 0.084375
0 0.113542 0.176758 0.124306 0.041016
0 0.271875 0.218750 0.440972 0.042969
4 0.500000 0.173437 1.000000 0.084375
0 0.221875 0.261133 0.340972 0.041016
0 0.249306 0.303125 0.395833 0.042969
4 0.500000 0.257812 1.000000 0.084375
0 0.227083 0.345508 0.351389 0.041016
0 0.175347 0.426367 0.247917 0.022266
4 0.500000 0.378516 1.000000 0.084375
0 0.175694 0.466211 0.248611 0.041016
0 0.469792 0.508203 0.836806 0.042969
6 0.927083 0.498437 0.077778 0.043750
4 0.500000 0.462891 1.000000 0.084375
0 0.276042 0.550586 0.449306 0.041016
0 0.129861 0.592578 0.156944 0.042969
0 0.120833 0.638086 0.138889 0.022266
4 0.500000 0.590234 1.000000 0.084375
0 0.400347 0.677930 0.697917 0.041016
