8 0.500000 0.483594 1.000000 0.901563
1 0.500000 0.483594 1.000000 0.901563
0 0.152431 0.734180 0.115972 0.078516
0 0.152431 0.782813 0.082639 0.018750
0 0.295486 0.734180 0.111806 0.078516
0 0.295139 0.782813 0.051389 0.018750
0 0.438194 0.734180 0.115278 0.078516
0 0.438194 0.782813 0.059722 0.018750
0 0.583681 0.734180 0.117361 0.078516
0 0.583681 0.782813 0.052083 0.018750
0 0.727083 0.734180 0.111111 0.078516
0 0.727083 0.782813 0.056944 0.018750
0 0.438889 0.806445 0.758333 0.023047
3 0.388889 0.034180 0.777778 0.068359
4 0.871181 0.804492 0.179861 0.101172
0 0.367014 0.070898 0.442361 0.036328
3 0.941667 0.071094 0.116667 0.065625
3 0.068056 0.038281 0.136111 0.076563
8 0.388889 0.090234 0.777778 0.158594
4 0.388889 0.123047 0.777778 0.158594
1 0.120139 0.123047 0.220833 0.136719
0 0.314931 0.104688 0.068750 0.046875
0 0.314931 0.134961 0.053472 0.013672
0 0.411458 0.104688 0.065972 0.046875
0 0.411111 0.134961 0.033333 0.013672
0 0.507639 0.104688 0.068056 0.046875
0 0.507292 0.134961 0.038194 0.013672
0 0.605556 0.104688 0.069444 0.046875
0 0.605556 0.134961 0.033333 0.013672
0 0.703472 0.104688 0.068056 0.046875
0 0.703125 0.134961 0.035417 0.013672
0 0.509028 0.156055 0.498611 0.023047
8 0.388889 0.400781 0.777778 0.396875
3 0.388889 0.380469 0.777778 0.087500
3 0.388889 0.467969 0.777778 0.087500
3 0.388889 0.555469 0.777778 0.087500
0 0.388889 0.890625 0.777778 0.087500
