1 0.500000 0.483594 1.000000 0.901563
1 0.121528 0.125195 0.243056 0.048047
3 0.572569 0.125195 0.281250 0.048047
4 0.951042 0.125195 0.097917 0.048047
1 0.944792 0.125000 0.085417 0.034375
4 0.500000 0.542383 1.000000 0.783984
8 0.500000 0.027344 1.000000 0.054688
0 0.053472 0.166406 0.058333 0.022656
0 0.050000 0.189062 0.051389 0.022656
1 0.195139 0.177734 0.097222 0.054688
0 0.365278 0.177734 0.243056 0.054688
0 0.519444 0.177539 0.065278 0.027734
0 0.578125 0.177539 0.052083 0.027734
0 0.636806 0.177539 0.065278 0.027734
2 0.613542 0.027344 0.043750 0.016406
0 0.820139 0.177539 0.101389 0.027734
1 0.923264 0.177539 0.104861 0.034766
8 0.500000 0.082422 1.000000 0.054688
0 0.059722 0.221484 0.070833 0.022656
0 0.050000 0.244141 0.051389 0.022656
1 0.195139 0.232813 0.097222 0.054688
0 0.365278 0.232813 0.243056 0.054688
0 0.519444 0.232617 0.065278 0.027734
0 0.578125 0.232617 0.052083 0.027734
0 0.636806 0.232617 0.065278 0.027734
0 0.820139 0.232617 0.101389 0.027734
1 0.923264 0.232617 0.104861 0.034766
8 0.500000 0.137500 1.000000 0.054688
0 0.054514 0.276562 0.060417 0.022656
0 0.050000 0.299219 0.051389 0.022656
1 0.195139 0.287891 0.097222 0.054688
0 0.365278 0.287891 0.243056 0.054688
0 0.519444 0.287695 0.065278 0.027734
0 0.578125 0.287695 0.052083 0.027734
0 0.636806 0.287695 0.065278 0.027734
0 0.820139 0.287695 0.101389 0.027734
1 0.923264 0.287695 0.104861 0.034766
8 0.500000 0.192578 1.000000 0.054688
0 0.044097 0.331641 0.039583 0.022656
0 0.050000 0.354297 0.051389 0.022656
1 0.195139 0.342969 0.097222 0.054688
0 0.365278 0.342969 0.243056 0.054688
0 0.519444 0.342773 0.065278 0.027734
0 0.578125 0.342773 0.052083 0.027734
0 0.636806 0.342773 0.065278 0.027734
0 0.820139 0.342773 0.101389 0.027734
1 0.923264 0.342773 0.104861 0.034766
8 0.500000 0.247656 1.000000 0.054688
0 0.048958 0.386719 0.049306 0.022656
0 0.050000 0.409375 0.051389 0.022656
1 0.195139 0.398047 0.097222 0.054688
0 0.365278 0.398047 0.243056 0.054688
0 0.519444 0.397852 0.065278 0.027734
0 0.578125 0.397852 0.052083 0.027734
0 0.636806 0.397852 0.065278 0.027734
0 0.820139 0.397852 0.101389 0.027734
1 0.923264 0.397852 0.104861 0.034766
8 0.500000 0.302734 1.000000 0.054688
0 0.054514 0.441797 0.060417 0.022656
0 0.050000 0.464453 0.051389 0.022656
1 0.195139 0.453125 0.097222 0.054688
0 0.365278 0.453125 0.243056 0.054688
0 0.519444 0.452930 0.065278 0.027734
0 0.578125 0.452930 0.052083 0.027734
0 0.636806 0.452930 0.065278 0.027734
0 0.820139 0.452930 0.101389 0.027734
1 0.923264 0.452930 0.104861 0.034766
8 0.500000 0.357812 1.000000 0.054688
0 0.060417 0.496875 0.072222 0.022656
0 0.050000 0.519531 0.051389 0.022656
1 0.195139 0.508203 0.097222 0.054688
0 0.365278 0.508203 0.243056 0.054688
0 0.519444 0.508008 0.065278 0.027734
0 0.578125 0.508008 0.052083 0.027734
0 0.636806 0.508008 0.065278 0.027734
0 0.820139 0.508008 0.101389 0.027734
1 0.923264 0.508008 0.104861 0.034766
8 0.500000 0.412891 1.000000 0.054688
0 0.053472 0.551953 0.058333 0.022656
0 0.050000 0.574609 0.051389 0.022656
1 0.195139 0.563281 0.097222 0.054688
0 0.365278 0.563281 0.243056 0.054688
0 0.519444 0.563086 0.065278 0.027734
0 0.578125 0.563086 0.052083 0.027734
0 0.636806 0.563086 0.065278 0.027734
0 0.820139 0.563086 0.101389 0.027734
1 0.923264 0.563086 0.104861 0.034766
8 0.500000 0.467969 1.000000 0.054688
0 0.059722 0.607031 0.070833 0.022656
0 0.059722 0.629687 0.070833 0.022656
1 0.195139 0.618359 0.097222 0.054688
0 0.365278 0.618359 0.243056 0.054688
0 0.519444 0.618164 0.065278 0.027734
0 0.578125 0.618164 0.052083 0.027734
0 0.636806 0.618164 0.065278 0.027734
0 0.820139 0.618164 0.101389 0.027734
1 0.923264 0.618164 0.104861 0.034766
8 0.500000 0.523047 1.000000 0.054688
0 0.054514 0.662109 0.060417 0.022656
0 0.059722 0.684766 0.070833 0.022656
1 0.195139 0.673438 0.097222 0.054688
0 0.365278 0.673438 0.243056 0.054688
0 0.519444 0.673242 0.065278 0.027734
0 0.578125 0.673242 0.052083 0.027734
0 0.636806 0.673242 0.065278 0.027734
0 0.820139 0.673242 0.101389 0.027734
1 0.923264 0.673242 0.104861 0.034766
4 0.267361 0.024805 0.534722 0.049609
4 0.732639 0.542578 0.534722 0.783594
8 0.267361 0.024219 0.534722 0.048438
0 0.714236 0.174805 0.449306 0.027734
8 0.267361 0.075781 0.534722 0.055469
0 0.718056 0.222852 0.456944 0.027734
2 0.968403 0.223633 0.043750 0.020703
8 0.267361 0.130859 0.534722 0.055469
0 0.718056 0.277930 0.456944 0.027734
2 0.968403 0.278711 0.043750 0.020703
8 0.267361 0.185938 0.534722 0.055469
0 0.718056 0.333008 0.456944 0.027734
2 0.968403 0.333789 0.043750 0.020703
8 0.267361 0.241016 0.534722 0.055469
0 0.718056 0.388086 0.456944 0.027734
2 0.968403 0.388867 0.043750 0.020703
8 0.267361 0.296094 0.534722 0.055469
0 0.718056 0.443164 0.456944 0.027734
2 0.968403 0.443945 0.043750 0.020703
8 0.267361 0.351172 0.534722 0.055469
0 0.718056 0.498242 0.456944 0.027734
2 0.968403 0.499023 0.043750 0.020703
8 0.267361 0.378711 0.534722 0.000391
8 0.267361 0.406250 0.534722 0.055469
0 0.718056 0.553320 0.456944 0.027734
2 0.968403 0.554102 0.043750 0.020703
8 0.267361 0.461328 0.534722 0.055469
0 0.718056 0.608398 0.456944 0.027734
2 0.968403 0.609180 0.043750 0.020703
8 0.267361 0.516406 0.534722 0.055469
0 0.718056 0.663477 0.456944 0.027734
2 0.968403 0.664258 0.043750 0.020703
8 0.267361 0.571484 0.534722 0.055469
0 0.718056 0.718555 0.456944 0.027734
2 0.968403 0.719336 0.043750 0.020703
