4 0.279514 0.152174 0.543750 0.076087
1 0.060764 0.038043 0.082639 0.054348
0 0.332292 0.152174 0.347917 0.032609
4 0.279514 0.229933 0.543750 0.076087
0 0.311806 0.229933 0.311111 0.076087
1 0.486806 0.038043 0.054167 0.076087
4 0.279514 0.307692 0.543750 0.076087
0 0.332292 0.307692 0.347917 0.032609
4 0.279514 0.385452 0.543750 0.076087
0 0.276736 0.385452 0.236806 0.032609
4 0.279514 0.463211 0.543750 0.076087
0 0.269097 0.463211 0.221528 0.032609
4 0.279514 0.540970 0.543750 0.076087
0 0.204861 0.540970 0.093056 0.032609
4 0.279514 0.617057 0.543750 0.076087
0 0.332292 0.617057 0.347917 0.032609
4 0.279514 0.694816 0.543750 0.076087
0 0.257639 0.694816 0.198611 0.032609
4 0.279514 0.772575 0.543750 0.076087
0 0.311806 0.772575 0.311111 0.076087
4 0.279514 0.850334 0.543750 0.076087
0 0.272222 0.850334 0.227778 0.032609
4 0.279514 0.928094 0.543750 0.076087
0 0.199306 0.928094 0.081944 0.032609
4 0.779514 0.552676 0.440972 0.894649
8 0.500000 0.107860 1.000000 0.215719
4 0.797917 0.193353 0.404167 0.117475
1 0.695486 0.193144 0.199306 0.095318
0 0.695486 0.240176 0.199306 0.023829
4 0.907292 0.172659 0.185417 0.076087
3 0.907292 0.158654 0.185417 0.035535
3 0.907292 0.195443 0.185417 0.030518
4 0.793056 0.282818 0.413889 0.043896
0 0.793056 0.282818 0.413889 0.043896
8 0.500000 0.323161 1.000000 0.215719
4 0.797917 0.408654 0.404167 0.117475
1 0.695486 0.408445 0.199306 0.095318
4 0.907292 0.387960 0.185417 0.076087
3 0.907292 0.373955 0.185417 0.035535
3 0.907292 0.410744 0.185417 0.030518
4 0.793056 0.498119 0.413889 0.043896
0 0.793056 0.498119 0.413889 0.043896
8 0.500000 0.545569 1.000000 0.229933
4 0.797917 0.631062 0.404167 0.131689
1 0.695486 0.623746 0.199306 0.095318
4 0.907292 0.631062 0.185417 0.131689
3 0.907292 0.604097 0.185417 0.066054
3 0.907292 0.668478 0.185417 0.056856
4 0.793056 0.727634 0.413889 0.043896
0 0.793056 0.727634 0.413889 0.043896
8 0.500000 0.767977 1.000000 0.215719
4 0.797917 0.853470 0.404167 0.117475
1 0.695486 0.853261 0.199306 0.095318
4 0.907292 0.832776 0.185417 0.076087
3 0.907292 0.818771 0.185417 0.035535
3 0.907292 0.855560 0.185417 0.030518
4 0.793056 0.942935 0.413889 0.043896
0 0.793056 0.942935 0.413889 0.043896
8 0.500000 0.937709 1.000000 0.124582
3 0.206597 0.035117 0.372917 0.070234
1 0.090625 0.070234 0.121528 0.045987
0 0.267361 0.070025 0.212500 0.035535
4 0.068056 0.035117 0.136111 0.070234
