4 0.912500 0.071094 0.126389 0.027344
3 0.068056 0.038281 0.136111 0.076563
1 0.209028 0.038281 0.145833 0.032813
7 0.166667 0.032813 0.333333 0.065625
1 0.166667 0.032617 0.070833 0.031641
7 0.500000 0.032813 0.333333 0.065625
1 0.166667 0.032813 0.068056 0.038281
7 0.833333 0.032813 0.333333 0.065625
1 0.166319 0.032813 0.068750 0.037500
8 0.500000 0.417969 1.000000 0.835938
0 0.500000 0.264844 1.000000 0.070312
4 0.500000 0.358203 0.922222 0.061719
0 0.500000 0.358203 0.462500 0.025781
0 0.500000 0.436328 1.000000 0.025781
8 0.500000 0.508594 1.000000 0.065625
0 0.180208 0.508594 0.360417 0.025781
1 0.920486 0.508398 0.036806 0.031641
8 0.500000 0.578516 1.000000 0.071094
0 0.168750 0.578516 0.215278 0.071094
0 0.825347 0.578516 0.227083 0.067187
4 0.388889 0.467187 0.777778 0.934375
4 0.388889 0.112109 0.777778 0.224219
1 0.388889 0.112109 0.777778 0.224219
0 0.169444 0.200391 0.261111 0.025781
0 0.112847 0.174609 0.147917 0.025781
1 0.709722 0.196875 0.058333 0.032813
1 0.116667 0.092969 0.155556 0.087500
