4 0.500000 0.516095 1.000000 0.821488
4 0.500000 0.036580 1.000000 0.073161
4 0.291667 0.552676 0.583333 0.894649
8 0.291667 0.140468 0.583333 0.070234
8 0.291667 0.210284 0.583333 0.070234
8 0.291667 0.280100 0.583333 0.070234
8 0.291667 0.349916 0.583333 0.070234
8 0.291667 0.419732 0.583333 0.070234
8 0.291667 0.489548 0.583333 0.070234
8 0.291667 0.559365 0.583333 0.070234
8 0.291667 0.629181 0.583333 0.070234
8 0.291667 0.698997 0.583333 0.070234
8 0.291667 0.768813 0.583333 0.070234
8 0.291667 0.838629 0.583333 0.070234
3 0.211458 0.035117 0.422917 0.070234
2 0.019444 0.070234 0.038889 0.023411
1 0.068750 0.070234 0.077778 0.046823
0 0.260417 0.070025 0.286111 0.035535
3 0.068056 0.035117 0.136111 0.070234
