1 0.092014 0.050195 0.159028 0.068359
0 0.863542 0.141406 0.182639 0.029687
6 0.602778 0.195117 0.243056 0.063672
6 0.845833 0.195117 0.243056 0.063672
6 0.845833 0.261523 0.243056 0.063672
0 0.378472 0.261328 0.666667 0.029687
5 0.500000 0.346094 0.934722 0.091406
0 0.765625 0.422656 0.378472 0.029687
6 0.602778 0.476367 0.243056 0.063672
6 0.845833 0.476367 0.243056 0.063672
5 0.802431 0.541602 0.329861 0.049609
0 0.744097 0.541602 0.213194 0.049609
0 0.335069 0.541797 0.579861 0.029687
5 0.500000 0.625391 0.934722 0.091406
3 0.500000 0.707422 0.519444 0.064062
4 0.315972 0.521875 0.631944 0.825000
8 0.315972 0.047852 0.631944 0.095703
1 0.068056 0.157031 0.058333 0.032813
0 0.249306 0.157031 0.206944 0.029687
8 0.315972 0.143164 0.631944 0.095703
1 0.068056 0.252344 0.058333 0.032813
0 0.270833 0.252344 0.250000 0.029687
8 0.315972 0.238477 0.631944 0.095703
1 0.068056 0.347656 0.058333 0.032813
0 0.331250 0.347656 0.370833 0.029687
8 0.315972 0.333789 0.631944 0.095703
1 0.068056 0.442969 0.058333 0.032813
0 0.179514 0.442969 0.067361 0.029687
8 0.315972 0.429102 0.631944 0.095703
1 0.068056 0.538281 0.058333 0.032813
0 0.229167 0.538281 0.166667 0.029687
8 0.315972 0.524414 0.631944 0.095703
1 0.068056 0.633594 0.058333 0.032813
0 0.252431 0.633594 0.213194 0.029687
0 0.328819 0.070898 0.365972 0.036328
3 0.068056 0.038281 0.136111 0.076563
