1 0.500000 0.483594 1.000000 0.901563
1 0.499653 0.017773 0.396528 0.035547
0 0.218750 0.389453 0.097222 0.061719
0 0.574306 0.387695 0.559722 0.023047
0 0.218750 0.470313 0.097222 0.061719
0 0.574306 0.468555 0.559722 0.023047
1 0.927083 0.429688 0.097222 0.054688
0 0.283333 0.550977 0.226389 0.023047
1 0.030903 0.013672 0.061806 0.027344
0 0.654167 0.550977 0.225000 0.023047
1 0.797917 0.551172 0.062500 0.027344
3 0.500000 0.632031 0.708333 0.061719
4 0.500000 0.071094 1.000000 0.076563
4 0.068056 0.038281 0.136111 0.076563
1 0.315972 0.095703 0.631944 0.191406
4 0.315972 0.032813 0.631944 0.065625
1 0.068056 0.224219 0.058333 0.032813
0 0.227083 0.224023 0.104167 0.023047
4 0.315972 0.098437 0.631944 0.065625
1 0.068056 0.289844 0.058333 0.032813
0 0.237153 0.289648 0.124306 0.023047
4 0.315972 0.164062 0.631944 0.065625
1 0.068056 0.355469 0.058333 0.032813
0 0.227431 0.355273 0.104861 0.023047
4 0.315972 0.229687 0.631944 0.065625
1 0.068056 0.421094 0.058333 0.032813
0 0.302778 0.420898 0.255556 0.023047
