0 0.184761 0.071094 0.124148 0.032813
3 0.047712 0.038281 0.095424 0.076563
3 0.077653 0.138867 0.155307 0.058984
3 0.353944 0.138867 0.397274 0.058984
3 0.626826 0.138867 0.148491 0.058984
5 0.350536 0.260352 0.642648 0.104297
3 0.350536 0.350781 0.642648 0.076563
4 0.238559 0.467187 0.477118 0.934375
1 0.238559 0.118359 0.477118 0.171094
1 0.082765 0.099219 0.111003 0.089063
0 0.097614 0.167578 0.140701 0.025781
4 0.238559 0.278906 0.477118 0.065625
0 0.238559 0.278906 0.422590 0.065625
4 0.238559 0.344531 0.477118 0.065625
0 0.238559 0.344531 0.422590 0.065625
4 0.238559 0.410156 0.477118 0.065625
0 0.238559 0.410156 0.422590 0.065625
4 0.238559 0.475781 0.477118 0.065625
0 0.238559 0.475781 0.422590 0.065625
4 0.238559 0.541406 0.477118 0.065625
0 0.238559 0.541406 0.422590 0.065625
4 0.238559 0.607031 0.477118 0.065625
0 0.238559 0.607031 0.422590 0.065625
4 0.238559 0.696094 0.477118 0.065625
0 0.238559 0.696094 0.422590 0.065625
4 0.238559 0.761719 0.477118 0.065625
0 0.238559 0.761719 0.422590 0.065625
4 0.238559 0.827344 0.477118 0.065625
0 0.238559 0.827344 0.422590 0.065625
