4 0.243056 0.139453 0.486111 0.103906
1 0.092014 0.139258 0.072917 0.041016
0 0.239236 0.139453 0.109028 0.025781
4 0.243056 0.254297 0.486111 0.103906
1 0.092014 0.254102 0.072917 0.041016
0 0.236458 0.254297 0.103472 0.025781
4 0.243056 0.369141 0.486111 0.103906
1 0.092014 0.368945 0.072917 0.041016
0 0.271875 0.369141 0.174306 0.025781
4 0.243056 0.483984 0.486111 0.103906
1 0.092014 0.483789 0.072917 0.041016
0 0.264583 0.483984 0.159722 0.025781
1 0.094792 0.887891 0.072917 0.027344
0 0.192708 0.892383 0.093750 0.018359
4 0.559028 0.066992 0.145833 0.068359
1 0.060417 0.033984 0.058333 0.032813
4 0.637500 0.066992 0.302778 0.068359
0 0.686111 0.066797 0.156944 0.029687
1 0.889583 0.370508 0.220833 0.232422
0 0.755208 0.528906 0.489583 0.029687
0 0.834722 0.569531 0.330556 0.024219
0 0.802778 0.607422 0.394444 0.051562
0 0.887847 0.645312 0.224306 0.024219
3 0.755208 0.726172 0.489583 0.110156
