4 0.048611 0.071094 0.097222 0.076563
1 0.068056 0.071094 0.058333 0.032813
1 0.931944 0.071094 0.116667 0.076563
0 0.238194 0.070898 0.126389 0.034766
4 0.388889 0.034180 0.777778 0.068359
1 0.500000 0.000781 1.000000 0.001563
8 0.500000 0.010352 1.000000 0.020703
0 0.153819 0.177344 0.217361 0.003906
0 0.324653 0.177344 0.124306 0.003906
8 0.500000 0.085742 1.000000 0.130078
0 0.500000 0.235352 0.909722 0.033984
0 0.500000 0.266602 0.909722 0.028516
0 0.153819 0.295117 0.217361 0.028516
0 0.323958 0.295117 0.122917 0.028516
8 0.500000 0.334180 1.000000 0.366797
1 0.500000 0.441406 0.983333 0.218750
0 0.500000 0.578711 0.909722 0.023047
0 0.500000 0.618945 0.909722 0.057422
0 0.140972 0.661914 0.191667 0.028516
8 0.500000 0.700977 1.000000 0.366797
1 0.500000 0.782422 0.983333 0.167187
3 0.250000 0.142187 0.500000 0.065625
3 0.750000 0.142187 0.500000 0.065625
8 0.145833 0.051953 0.291667 0.103906
1 0.165278 0.075195 0.252778 0.030078
8 0.388889 0.136719 0.777778 0.065625
1 0.068056 0.136719 0.058333 0.032813
0 0.466667 0.136719 0.583333 0.025000
8 0.388889 0.202344 0.777778 0.065625
1 0.068056 0.202344 0.058333 0.032813
0 0.466667 0.202344 0.583333 0.025000
8 0.388889 0.267969 0.777778 0.065625
1 0.068056 0.267969 0.058333 0.032813
0 0.466667 0.267969 0.583333 0.025000
8 0.388889 0.333594 0.777778 0.065625
1 0.068056 0.333594 0.058333 0.032813
0 0.466667 0.333594 0.583333 0.025000
8 0.388889 0.372656 0.777778 0.012500
8 0.388889 0.411719 0.777778 0.065625
0 0.345139 0.411719 0.612500 0.025000
1 0.709722 0.411719 0.116667 0.065625
8 0.388889 0.477344 0.777778 0.065625
1 0.068056 0.477344 0.058333 0.032813
1 0.709722 0.477344 0.058333 0.032813
0 0.418056 0.477344 0.486111 0.025000
8 0.388889 0.542969 0.777778 0.065625
1 0.068056 0.542969 0.058333 0.032813
1 0.709722 0.542969 0.058333 0.032813
0 0.418056 0.542969 0.486111 0.025000
8 0.388889 0.608594 0.777778 0.065625
1 0.068056 0.608594 0.058333 0.032813
1 0.709722 0.608594 0.058333 0.032813
0 0.418056 0.608594 0.486111 0.025000
8 0.388889 0.674219 0.777778 0.065625
1 0.068056 0.674219 0.058333 0.032813
1 0.709722 0.674219 0.058333 0.032813
0 0.418056 0.674219 0.486111 0.025000
8 0.388889 0.739844 0.777778 0.065625
1 0.068056 0.739844 0.058333 0.032813
1 0.709722 0.739844 0.058333 0.032813
0 0.418056 0.739844 0.486111 0.025000
8 0.388889 0.805469 0.777778 0.065625
1 0.068056 0.805469 0.058333 0.032813
1 0.709722 0.805469 0.058333 0.032813
0 0.418056 0.805469 0.486111 0.025000
8 0.388889 0.871094 0.777778 0.065625
1 0.068056 0.871094 0.058333 0.032813
1 0.709722 0.871094 0.058333 0.032813
0 0.418056 0.871094 0.486111 0.025000
8 0.388889 0.910156 0.777778 0.012500
8 0.388889 0.925391 0.777778 0.017969
