3 0.054861 0.068144 0.109722 0.066054
3 0.170486 0.068144 0.121528 0.066054
0 0.505903 0.068144 0.136806 0.066054
3 0.835417 0.068144 0.109722 0.066054
5 0.945139 0.068144 0.109722 0.066054
0 0.939583 0.048913 0.098611 0.027592
4 0.500000 0.564381 1.000000 0.871237
8 0.500000 0.209448 1.000000 0.418896
0 0.500000 0.179557 1.000000 0.072324
0 0.500000 0.335493 1.000000 0.210284
0 0.500000 0.528219 1.000000 0.038880
8 0.500000 0.615385 1.000000 0.384615
0 0.500000 0.602634 1.000000 0.072324
0 0.500000 0.741430 1.000000 0.176003
0 0.500000 0.917015 1.000000 0.038880
8 0.500000 0.905936 1.000000 0.188127
0 0.500000 0.977634 1.000000 0.044732
