1 0.071528 0.071094 0.136111 0.076563
0 0.465972 0.070898 0.644444 0.037109
3 0.845486 0.071094 0.114583 0.065625
3 0.048611 0.038281 0.097222 0.065625
4 0.500000 0.133398 1.000000 0.048047
0 0.106597 0.133398 0.149306 0.024609
8 0.500000 0.477930 1.000000 0.478516
0 0.156597 0.368164 0.235417 0.041016
3 0.500000 0.444336 0.922222 0.067578
4 0.500000 0.033203 1.000000 0.066406
0 0.325000 0.533398 0.300000 0.030078
4 0.500000 0.099609 1.000000 0.066406
0 0.285764 0.599805 0.221528 0.030078
4 0.500000 0.166016 1.000000 0.066406
0 0.291667 0.666211 0.233333 0.030078
8 0.500000 0.655859 1.000000 0.080469
4 0.087500 0.819922 0.097222 0.054688
1 0.087500 0.819922 0.097222 0.054688
0 0.277083 0.803320 0.204167 0.029297
0 0.464583 0.804492 0.122222 0.024609
0 0.291319 0.832227 0.232639 0.028516
5 0.500000 0.901563 0.727778 0.065625
0 0.500000 0.901367 0.727778 0.030078
3 0.063194 0.901563 0.116667 0.065625
3 0.936806 0.901563 0.116667 0.065625
4 0.379167 0.467187 0.758333 0.934375
0 0.320833 0.071680 0.641667 0.037109
3 0.700000 0.071875 0.116667 0.065625
4 0.379167 0.522656 0.758333 0.823438
8 0.379167 0.038281 0.758333 0.076563
1 0.087500 0.149219 0.097222 0.054688
0 0.401042 0.149219 0.452083 0.030469
8 0.379167 0.116406 0.758333 0.076563
1 0.087500 0.227344 0.097222 0.054688
