0 0.214236 0.071094 0.078472 0.032813
3 0.068056 0.038281 0.136111 0.076563
3 0.250000 0.133398 0.500000 0.048047
3 0.750000 0.133398 0.500000 0.048047
8 0.500000 0.388477 1.000000 0.776953
8 0.500000 0.509375 1.000000 0.703906
1 0.104514 0.259961 0.131250 0.073828
0 0.420833 0.238086 0.423611 0.030078
0 0.565625 0.309570 0.713194 0.091016
1 0.104514 0.480273 0.131250 0.073828
0 0.532986 0.458398 0.647917 0.030078
0 0.565625 0.529883 0.713194 0.091016
1 0.104514 0.700586 0.131250 0.073828
0 0.455903 0.678711 0.493750 0.030078
0 0.565625 0.750195 0.713194 0.091016
4 0.893056 0.874219 0.136111 0.076563
4 0.340278 0.467187 0.680556 0.934375
1 0.340278 0.118359 0.680556 0.171094
1 0.118056 0.099219 0.158333 0.089063
0 0.139236 0.167578 0.200694 0.025781
4 0.340278 0.278906 0.680556 0.065625
0 0.340278 0.278906 0.602778 0.065625
4 0.340278 0.344531 0.680556 0.065625
0 0.340278 0.344531 0.602778 0.065625
4 0.340278 0.410156 0.680556 0.065625
0 0.340278 0.410156 0.602778 0.065625
4 0.340278 0.475781 0.680556 0.065625
0 0.340278 0.475781 0.602778 0.065625
4 0.340278 0.541406 0.680556 0.065625
0 0.340278 0.541406 0.602778 0.065625
4 0.340278 0.607031 0.680556 0.065625
0 0.340278 0.607031 0.602778 0.065625
4 0.340278 0.696094 0.680556 0.065625
0 0.340278 0.696094 0.602778 0.065625
4 0.340278 0.761719 0.680556 0.065625
0 0.340278 0.761719 0.602778 0.065625
4 0.340278 0.827344 0.680556 0.065625
0 0.340278 0.827344 0.602778 0.065625
