3 0.068056 0.038281 0.136111 0.076563
0 0.265972 0.070898 0.181944 0.036328
0 0.340278 0.072852 0.602778 0.036328
4 0.602778 0.180469 0.077778 0.043750
3 0.301389 0.189453 0.525000 0.025781
4 0.340278 0.235156 0.680556 0.065625
0 0.340278 0.267969 0.602778 0.065625
4 0.340278 0.300781 0.680556 0.065625
0 0.340278 0.333594 0.602778 0.065625
4 0.340278 0.366406 0.680556 0.065625
0 0.340278 0.399219 0.602778 0.065625
4 0.340278 0.432031 0.680556 0.065625
0 0.340278 0.464844 0.602778 0.065625
4 0.340278 0.497656 0.680556 0.065625
0 0.340278 0.530469 0.602778 0.065625
4 0.340278 0.563281 0.680556 0.065625
0 0.340278 0.596094 0.602778 0.065625
4 0.340278 0.628906 0.680556 0.065625
0 0.340278 0.661719 0.602778 0.065625
0 0.340278 0.739844 0.680556 0.065625
4 0.340278 0.772656 0.680556 0.065625
0 0.340278 0.805469 0.602778 0.065625
4 0.340278 0.838281 0.680556 0.065625
0 0.340278 0.871094 0.602778 0.065625
