0 0.312153 0.070898 0.274306 0.036328
3 0.068056 0.038281 0.136111 0.076563
3 0.048611 0.038281 0.097222 0.065625
3 0.500000 0.410156 0.854167 0.067187
0 0.499653 0.470313 0.128472 0.025781
3 0.500000 0.530469 0.854167 0.067187
0 0.499653 0.597656 0.581250 0.025781
1 0.500000 0.642188 0.087500 0.049219
1 0.499653 0.218164 0.607639 0.190234
4 0.388889 0.034180 0.777778 0.068359
1 0.340278 0.109375 0.680556 0.218750
4 0.340278 0.262500 0.680556 0.065625
0 0.340278 0.262500 0.602778 0.065625
4 0.340278 0.328125 0.680556 0.065625
0 0.340278 0.328125 0.602778 0.065625
4 0.340278 0.393750 0.680556 0.065625
0 0.340278 0.393750 0.602778 0.065625
4 0.340278 0.482812 0.680556 0.065625
0 0.340278 0.482812 0.602778 0.065625
4 0.340278 0.548438 0.680556 0.065625
0 0.340278 0.548438 0.602778 0.065625
4 0.340278 0.614062 0.680556 0.065625
0 0.340278 0.614062 0.602778 0.065625
