0 0.269444 0.070898 0.247222 0.036328
3 0.068056 0.038281 0.136111 0.076563
8 0.500000 0.056250 1.000000 0.109375
4 0.902778 0.165625 0.194444 0.109375
1 0.097222 0.041797 0.077778 0.043750
0 0.902778 0.187500 0.095833 0.025781
1 0.109722 0.165625 0.145833 0.082031
0 0.609722 0.134570 0.780556 0.022266
0 0.609722 0.163281 0.780556 0.029687
0 0.609722 0.192969 0.780556 0.029687
4 0.340278 0.118945 0.680556 0.237891
1 0.340278 0.118945 0.680556 0.237891
1 0.087500 0.082031 0.175000 0.098437
0 0.119444 0.144141 0.161111 0.025781
0 0.201042 0.168164 0.324306 0.022266
4 0.345139 0.281641 0.670833 0.065625
1 0.077778 0.281641 0.058333 0.032813
0 0.398611 0.281445 0.486111 0.033203
4 0.345139 0.347266 0.670833 0.065625
1 0.077778 0.347266 0.058333 0.032813
0 0.346875 0.347070 0.382639 0.033203
0 0.589931 0.347070 0.103472 0.033203
4 0.345139 0.412891 0.670833 0.065625
1 0.077778 0.412891 0.058333 0.032813
0 0.398611 0.412695 0.486111 0.033203
4 0.345139 0.478516 0.670833 0.065625
1 0.077778 0.478516 0.058333 0.032813
0 0.354861 0.478320 0.398611 0.033203
0 0.597917 0.478320 0.087500 0.033203
4 0.345139 0.544141 0.670833 0.065625
1 0.077778 0.544141 0.058333 0.032813
0 0.398611 0.543945 0.486111 0.033203
