3 0.941667 0.071094 0.116667 0.065625
3 0.068056 0.038281 0.136111 0.076563
0 0.208333 0.071094 0.125000 0.032813
4 0.500000 0.375391 1.000000 0.532031
1 0.437500 0.181836 0.875000 0.363672
0 0.499653 0.514062 0.268750 0.038281
0 0.500000 0.587305 0.922222 0.064453
3 0.863889 0.857812 0.194444 0.109375
1 0.364583 0.087500 0.729167 0.109375
4 0.364583 0.087500 0.729167 0.109375
0 0.411458 0.087305 0.424306 0.026172
1 0.676389 0.087500 0.105556 0.059375
4 0.364583 0.496484 0.729167 0.708594
8 0.364583 0.043750 0.729167 0.087500
8 0.444792 0.185742 0.490972 0.034766
8 0.099653 0.185742 0.121528 0.068359
8 0.364583 0.273438 0.729167 0.087500
0 0.449653 0.273242 0.481250 0.034766
8 0.099653 0.273242 0.140972 0.079297
8 0.364583 0.032813 0.729167 0.065625
8 0.443750 0.174805 0.493056 0.034766
8 0.100000 0.175000 0.077778 0.043750
8 0.364583 0.098437 0.729167 0.065625
8 0.443750 0.240430 0.493056 0.034766
8 0.100000 0.240625 0.077778 0.043750
8 0.364583 0.164062 0.729167 0.065625
8 0.443750 0.306055 0.493056 0.034766
8 0.100000 0.306250 0.077778 0.043750
8 0.364583 0.229687 0.729167 0.065625
8 0.443750 0.371680 0.493056 0.034766
8 0.100000 0.371875 0.077778 0.043750
8 0.364583 0.295312 0.729167 0.065625
8 0.443750 0.437305 0.493056 0.034766
8 0.100000 0.437500 0.077778 0.043750
8 0.364583 0.360938 0.729167 0.065625
8 0.443750 0.502930 0.493056 0.034766
8 0.100000 0.503125 0.077778 0.043750
8 0.364583 0.426563 0.729167 0.065625
8 0.443750 0.568555 0.493056 0.034766
8 0.100000 0.568750 0.077778 0.043750
8 0.364583 0.492188 0.729167 0.065625
8 0.443750 0.634180 0.493056 0.034766
8 0.100000 0.634375 0.077778 0.043750
8 0.364583 0.557813 0.729167 0.065625
8 0.443750 0.699805 0.493056 0.034766
8 0.100000 0.700000 0.077778 0.043750
8 0.364583 0.623437 0.729167 0.065625
8 0.443750 0.765430 0.493056 0.034766
8 0.100000 0.765625 0.077778 0.043750
4 0.364583 0.893359 0.729167 0.082031
1 0.097222 0.893359 0.077778 0.043750
0 0.461806 0.893164 0.534722 0.026172
