4 0.500000 0.467187 1.000000 0.934375
4 0.500000 0.034180 1.000000 0.068359
4 0.500000 0.449414 1.000000 0.833203
8 0.500000 0.039648 1.000000 0.079297
8 0.500000 0.171680 1.000000 0.184766
4 0.500000 0.204492 0.984722 0.184766
4 0.500000 0.204492 0.972222 0.175391
0 0.500000 0.155469 0.913889 0.055469
0 0.500000 0.217969 0.913889 0.069531
0 0.160417 0.268359 0.234722 0.025781
8 0.500000 0.343555 1.000000 0.158984
4 0.500000 0.376367 0.984722 0.158984
4 0.500000 0.376367 0.972222 0.149609
0 0.500000 0.327344 0.913889 0.029687
0 0.500000 0.376953 0.913889 0.069531
0 0.160417 0.427344 0.234722 0.025781
8 0.500000 0.515430 1.000000 0.184766
4 0.500000 0.548242 0.984722 0.184766
4 0.500000 0.548242 0.972222 0.175391
0 0.500000 0.499219 0.913889 0.055469
0 0.500000 0.561719 0.913889 0.069531
0 0.160417 0.612109 0.234722 0.025781
8 0.500000 0.700195 1.000000 0.184766
4 0.500000 0.733008 0.984722 0.184766
4 0.500000 0.733008 0.972222 0.175391
0 0.500000 0.683984 0.913889 0.055469
0 0.500000 0.746484 0.913889 0.069531
0 0.123958 0.796875 0.161806 0.025781
8 0.500000 0.884961 1.000000 0.184766
4 0.500000 0.845703 0.984722 0.040625
4 0.500000 0.848047 0.972222 0.035937
0 0.500000 0.853516 0.913889 0.025000
0 0.280903 0.070898 0.270139 0.036328
3 0.068056 0.038281 0.136111 0.076563
3 0.844444 0.071094 0.116667 0.065625
3 0.165278 0.038281 0.097222 0.065625
4 0.388889 0.467187 0.777778 0.934375
8 0.388889 0.065625 0.777778 0.131250
1 0.388889 0.065625 0.777778 0.131250
8 0.388889 0.164062 0.777778 0.065625
1 0.068056 0.164062 0.058333 0.065625
0 0.456944 0.164062 0.563889 0.025781
8 0.388889 0.235937 0.777778 0.078125
0 0.388889 0.242188 0.777778 0.065625
8 0.388889 0.307812 0.777778 0.065625
1 0.068056 0.307812 0.058333 0.065625
0 0.427778 0.307812 0.505556 0.025781
0 0.719444 0.307812 0.038889 0.065625
8 0.388889 0.373437 0.777778 0.065625
1 0.068056 0.373437 0.058333 0.065625
0 0.427778 0.373437 0.505556 0.025781
0 0.719444 0.373437 0.038889 0.065625
8 0.388889 0.439063 0.777778 0.065625
1 0.068056 0.439063 0.058333 0.065625
0 0.427778 0.439063 0.505556 0.025781
0 0.719444 0.439063 0.038889 0.065625
8 0.388889 0.504687 0.777778 0.065625
1 0.068056 0.504687 0.058333 0.065625
0 0.427778 0.504687 0.505556 0.025781
0 0.719444 0.504687 0.038889 0.065625
8 0.388889 0.570312 0.777778 0.065625
1 0.068056 0.570312 0.058333 0.065625
0 0.427778 0.570312 0.505556 0.025781
0 0.719444 0.570312 0.038889 0.065625
8 0.388889 0.635938 0.777778 0.065625
1 0.068056 0.635938 0.058333 0.065625
0 0.427778 0.635938 0.505556 0.025781
0 0.719444 0.635938 0.038889 0.065625
8 0.388889 0.701562 0.777778 0.065625
1 0.068056 0.701562 0.058333 0.065625
0 0.427778 0.701562 0.505556 0.025781
0 0.719444 0.701562 0.038889 0.065625
8 0.388889 0.767188 0.777778 0.065625
1 0.068056 0.767188 0.058333 0.065625
0 0.427778 0.767188 0.505556 0.025781
0 0.719444 0.767188 0.038889 0.065625
8 0.388889 0.832812 0.777778 0.065625
1 0.068056 0.832812 0.058333 0.065625
0 0.427778 0.832812 0.505556 0.025781
0 0.719444 0.832812 0.038889 0.065625
8 0.388889 0.898438 0.777778 0.065625
1 0.068056 0.898438 0.058333 0.065625
0 0.427778 0.898438 0.505556 0.025781
0 0.719444 0.898438 0.038889 0.065625
8 0.388889 0.964063 0.777778 0.065625
1 0.068056 0.932813 0.058333 0.003125
0 0.719444 0.932813 0.038889 0.003125
