4 0.502431 0.511079 0.995139 0.819816
4 0.500000 0.036580 1.000000 0.073161
4 0.053472 0.067308 0.106944 0.064381
4 0.952083 0.067308 0.095833 0.064381
0 0.500000 0.067099 0.631944 0.035535
4 0.683333 0.213629 0.623611 0.058528
1 0.427778 0.213629 0.087500 0.043478
0 0.660417 0.213629 0.352778 0.043478
4 0.683333 0.279682 0.623611 0.058528
1 0.427778 0.279682 0.087500 0.043478
0 0.660417 0.279682 0.352778 0.043478
4 0.683333 0.345736 0.623611 0.058528
1 0.427778 0.345736 0.087500 0.043478
0 0.660417 0.345736 0.352778 0.043478
4 0.683333 0.411789 0.623611 0.058528
1 0.427778 0.411789 0.087500 0.043478
0 0.660417 0.411789 0.352778 0.043478
4 0.683333 0.477843 0.623611 0.058528
1 0.427778 0.477843 0.087500 0.043478
0 0.660417 0.477843 0.352778 0.043478
4 0.683333 0.543896 0.623611 0.058528
1 0.427778 0.543896 0.087500 0.043478
0 0.660417 0.543896 0.352778 0.043478
4 0.683333 0.609950 0.623611 0.058528
1 0.427778 0.609950 0.087500 0.043478
0 0.660417 0.609950 0.352778 0.043478
4 0.683333 0.676003 0.623611 0.058528
1 0.427778 0.676003 0.087500 0.043478
0 0.660417 0.676003 0.352778 0.043478
4 0.683333 0.742057 0.623611 0.058528
1 0.427778 0.742057 0.087500 0.043478
0 0.660417 0.742057 0.352778 0.043478
