4 0.388889 0.034180 0.777778 0.068359
3 0.165625 0.831836 0.331250 0.068359
3 0.499653 0.831836 0.331250 0.068359
3 0.834028 0.831836 0.331944 0.068359
4 0.500000 0.452148 1.000000 0.685547
8 0.500000 0.209570 1.000000 0.419141
4 0.500000 0.160742 1.000000 0.102734
1 0.182292 0.160742 0.364583 0.102734
0 0.662847 0.160742 0.596528 0.068359
1 0.500000 0.370312 1.000000 0.316406
1 0.500000 0.158203 1.000000 0.316406
1 0.884375 0.281445 0.182639 0.102734
0 0.500000 0.470117 0.926389 0.075391
8 0.500000 0.557617 1.000000 0.055078
0 0.500000 0.557617 1.000000 0.055078
8 0.500000 0.651758 1.000000 0.130078
1 0.145833 0.651758 0.243056 0.102734
1 0.224306 0.631250 0.061111 0.034375
0 0.645833 0.651758 0.708333 0.075391
8 0.500000 0.756641 1.000000 0.076563
1 0.145833 0.763477 0.243056 0.062891
1 0.224306 0.762891 0.061111 0.034375
0 0.645833 0.763086 0.708333 0.063672
4 0.388889 0.521875 0.777778 0.825000
8 0.388889 0.032813 0.777778 0.065625
3 0.408333 0.142187 0.738889 0.065625
8 0.388889 0.201172 0.777778 0.262500
3 0.408333 0.212109 0.738889 0.065625
3 0.425347 0.269531 0.704861 0.049219
3 0.425347 0.318750 0.704861 0.049219
3 0.425347 0.367969 0.704861 0.049219
3 0.425347 0.417187 0.704861 0.049219
8 0.388889 0.467969 0.777778 0.262500
3 0.408333 0.478906 0.738889 0.065625
3 0.425347 0.536328 0.704861 0.049219
3 0.425347 0.585547 0.704861 0.049219
3 0.425347 0.634766 0.704861 0.049219
3 0.425347 0.683984 0.704861 0.049219
8 0.388889 0.801758 0.777778 0.396484
3 0.408333 0.745703 0.738889 0.065625
3 0.425347 0.803125 0.704861 0.049219
3 0.425347 0.852344 0.704861 0.049219
3 0.425347 0.901563 0.704861 0.049219
3 0.425347 0.930273 0.704861 0.008203
3 0.068056 0.038281 0.136111 0.076563
4 0.568056 0.070898 0.863889 0.048047
1 0.896181 0.070898 0.134028 0.048047
1 0.775694 0.070312 0.058333 0.032813
1 0.588194 0.070312 0.058333 0.032813
0 0.669792 0.066797 0.079861 0.039844
4 0.213194 0.077344 0.158333 0.089063
1 0.164583 0.076563 0.061111 0.027344
1 0.085417 0.080859 0.145833 0.082031
