4 0.291667 0.521875 0.583333 0.825000
8 0.291667 0.142187 0.583333 0.065625
8 0.291667 0.208594 0.583333 0.065625
8 0.291667 0.275000 0.583333 0.065625
8 0.291667 0.341406 0.583333 0.065625
8 0.291667 0.407813 0.583333 0.065625
8 0.291667 0.474219 0.583333 0.065625
8 0.291667 0.540625 0.583333 0.065625
8 0.291667 0.607031 0.583333 0.065625
8 0.291667 0.673438 0.583333 0.065625
8 0.291667 0.739844 0.583333 0.065625
8 0.291667 0.806250 0.583333 0.065625
3 0.068056 0.038281 0.136111 0.076563
0 0.413542 0.070898 0.535417 0.036328
