0 0.568056 0.060845 0.863889 0.028495
3 0.068056 0.032853 0.136111 0.065706
0 0.500000 0.127053 1.000000 0.066376
0 0.500000 0.481059 1.000000 0.641636
4 0.340278 0.065706 0.680556 0.056319
0 0.340278 0.131411 0.602778 0.056319
4 0.340278 0.142139 0.680556 0.056319
0 0.340278 0.207844 0.602778 0.056319
4 0.340278 0.198458 0.680556 0.056319
0 0.340278 0.264164 0.602778 0.056319
4 0.340278 0.254777 0.680556 0.056319
0 0.340278 0.320483 0.602778 0.056319
4 0.340278 0.311096 0.680556 0.056319
0 0.340278 0.376802 0.602778 0.056319
4 0.340278 0.387529 0.680556 0.056319
0 0.340278 0.453235 0.602778 0.056319
4 0.340278 0.443848 0.680556 0.056319
0 0.340278 0.509554 0.602778 0.056319
4 0.340278 0.520282 0.680556 0.056319
0 0.340278 0.585987 0.602778 0.056319
4 0.340278 0.576601 0.680556 0.056319
0 0.340278 0.642306 0.602778 0.056319
4 0.340278 0.632920 0.680556 0.056319
0 0.340278 0.698626 0.602778 0.056319
