3 0.068056 0.038281 0.136111 0.076563
3 0.931944 0.071094 0.136111 0.065625
4 0.500000 0.414062 1.000000 0.609375
5 0.393056 0.144141 0.786111 0.061719
4 0.393056 0.144141 0.786111 0.061719
3 0.893056 0.142187 0.213889 0.065625
4 0.912500 0.592969 0.097222 0.054688
4 0.912500 0.669531 0.097222 0.054688
4 0.500000 0.785352 1.000000 0.133203
8 0.082292 0.033008 0.164583 0.066016
8 0.248958 0.033008 0.164583 0.066016
8 0.415625 0.033008 0.164583 0.066016
8 0.582292 0.033008 0.164583 0.066016
8 0.748958 0.033008 0.164583 0.066016
8 0.915625 0.033008 0.164583 0.066016
8 0.082292 0.100195 0.164583 0.066016
8 0.248958 0.100195 0.164583 0.066016
8 0.415625 0.100195 0.164583 0.066016
8 0.582292 0.100195 0.164583 0.066016
8 0.748958 0.100195 0.164583 0.066016
8 0.915625 0.100195 0.164583 0.066016
4 0.500000 0.034180 1.000000 0.068359
4 0.340278 0.262500 0.680556 0.065625
4 0.340278 0.328125 0.680556 0.065625
4 0.340278 0.393750 0.680556 0.065625
4 0.340278 0.459375 0.680556 0.065625
4 0.340278 0.525000 0.680556 0.065625
