1 0.063889 0.071488 0.077778 0.046823
0 0.551389 0.071697 0.847222 0.035535
3 0.500000 0.133570 1.000000 0.050585
0 0.076736 0.025293 0.128472 0.035535
5 0.260069 0.230769 0.467361 0.057692
5 0.739931 0.230769 0.467361 0.057692
0 0.157639 0.133152 0.290278 0.035535
3 0.500000 0.338629 0.947222 0.057692
3 0.252083 0.418687 0.451389 0.073161
0 0.162500 0.328804 0.300000 0.035535
5 0.500000 0.534281 0.947222 0.057692
0 0.390278 0.595527 0.727778 0.035535
3 0.870139 0.614339 0.206944 0.073161
0 0.202431 0.683319 0.352083 0.035535
0 0.396528 0.718855 0.740278 0.035535
3 0.870139 0.702132 0.206944 0.073161
0 0.113542 0.641513 0.202083 0.035535
3 0.245139 0.854724 0.437500 0.073161
3 0.888194 0.967809 0.198611 0.064381
