4 0.500000 0.501367 1.000000 0.805859
8 0.500000 0.020508 1.000000 0.041016
8 0.500000 0.329102 1.000000 0.574609
4 0.209722 0.170313 0.419444 0.060156
1 0.063194 0.178516 0.077778 0.043750
0 0.106250 0.012109 0.212500 0.024219
0 0.213889 0.190625 0.175000 0.019531
0 0.500000 0.220703 0.951389 0.029687
0 0.500000 0.248438 0.951389 0.025781
1 0.500000 0.462109 0.951389 0.385156
4 0.102083 0.686133 0.155556 0.057422
0 0.138542 0.685937 0.082639 0.025781
4 0.267361 0.686133 0.155556 0.057422
4 0.946528 0.686133 0.106944 0.057422
8 0.500000 0.808594 1.000000 0.382812
4 0.149306 0.745703 0.298611 0.060156
1 0.063194 0.753906 0.077778 0.043750
0 0.018750 0.012109 0.037500 0.024219
0 0.212500 0.766016 0.172222 0.019531
0 0.500000 0.796094 0.951389 0.029687
0 0.500000 0.834961 0.951389 0.048047
1 0.326736 0.885742 0.604861 0.037109
1 0.805903 0.885742 0.338194 0.037109
4 0.127431 0.020898 0.254861 0.041797
2 0.041319 0.119336 0.043750 0.024609
0 0.149306 0.119336 0.172222 0.041797
4 0.386458 0.020898 0.263194 0.041797
2 0.296181 0.119336 0.043750 0.024609
0 0.408333 0.119336 0.180556 0.041797
4 0.662153 0.020898 0.288194 0.041797
2 0.559375 0.119336 0.043750 0.024609
0 0.684028 0.119336 0.205556 0.041797
4 0.903125 0.020898 0.193750 0.041797
2 0.847569 0.119336 0.043750 0.024609
0 0.925000 0.119336 0.111111 0.041797
4 0.500000 0.904297 1.000000 0.060156
0 0.503472 0.919336 0.327778 0.022266
2 0.688194 0.014844 0.012500 0.010937
1 0.058333 0.065625 0.077778 0.043750
0 0.499653 0.065625 0.289583 0.041406
4 0.958681 0.065625 0.082639 0.065625
1 0.031597 0.021875 0.063194 0.034375
0 0.031597 0.045898 0.063194 0.018359
1 0.917361 0.857812 0.106944 0.060156
1 0.053472 0.030078 0.048611 0.039844
4 0.917361 0.857812 0.106944 0.060156
1 0.500000 0.789453 1.000000 0.289844
1 0.929514 0.675977 0.072917 0.041016
4 0.439236 0.034180 0.839583 0.046484
4 0.439236 0.678711 0.839583 0.035547
0 0.268750 0.017578 0.372222 0.025781
8 0.114236 0.108203 0.209028 0.205469
1 0.123958 0.794922 0.189583 0.164062
1 0.068056 0.740234 0.097222 0.054688
0 0.119097 0.897656 0.199306 0.041406
8 0.323264 0.108203 0.209028 0.205469
1 0.332986 0.794922 0.189583 0.164062
1 0.277083 0.740234 0.097222 0.054688
0 0.328125 0.897656 0.199306 0.041406
8 0.532292 0.108203 0.209028 0.205469
1 0.542014 0.794922 0.189583 0.164062
1 0.486111 0.740234 0.097222 0.054688
0 0.537153 0.897656 0.199306 0.041406
8 0.741319 0.108203 0.209028 0.205469
1 0.751042 0.794922 0.189583 0.164062
1 0.695139 0.740234 0.097222 0.054688
0 0.746181 0.897656 0.199306 0.041406
8 0.922917 0.108203 0.154167 0.205469
1 0.932639 0.794922 0.134722 0.164062
1 0.904167 0.740234 0.097222 0.054688
0 0.927778 0.897656 0.144444 0.041406
