0 0.506944 0.071094 0.325000 0.054688
1 0.896528 0.073633 0.158333 0.048047
3 0.068056 0.038281 0.136111 0.076563
1 0.145833 0.190234 0.243056 0.136719
1 0.121528 0.054688 0.243056 0.109375
1 0.145833 0.241406 0.243056 0.034375
1 0.127778 0.071875 0.255556 0.143750
5 0.633681 0.157227 0.635417 0.041016
5 0.633681 0.224414 0.635417 0.041016
0 0.393750 0.326758 0.155556 0.036328
1 0.568750 0.326953 0.145833 0.082031
1 0.738889 0.326953 0.145833 0.082031
4 0.500000 0.426172 0.951389 0.061719
0 0.184375 0.428711 0.271528 0.041016
0 0.800347 0.428711 0.277083 0.041016
4 0.500000 0.515234 0.951389 0.061719
0 0.112847 0.517773 0.128472 0.041016
0 0.844792 0.517773 0.115972 0.041016
1 0.099306 0.893359 0.198611 0.082031
1 0.298958 0.893359 0.200694 0.082031
1 0.499653 0.893359 0.200694 0.082031
1 0.700347 0.893359 0.200694 0.082031
1 0.900347 0.893359 0.199306 0.082031
