0 0.173958 0.071094 0.075694 0.037500
4 0.068056 0.038281 0.136111 0.076563
3 0.825000 0.071094 0.116667 0.065625
3 0.941667 0.071094 0.116667 0.065625
1 0.500000 0.521875 1.000000 0.825000
1 0.468056 0.398438 0.252778 0.142187
0 0.594097 0.428320 0.084028 0.020703
0 0.594444 0.449805 0.018056 0.022266
0 0.500000 0.509570 0.259722 0.058203
4 0.150000 0.050586 0.300000 0.079297
0 0.150000 0.873437 0.226389 0.031250
0 0.150000 0.899414 0.226389 0.020703
3 0.500000 0.883594 0.400000 0.071094
4 0.850000 0.883789 0.300000 0.079297
0 0.850000 0.873437 0.226389 0.031250
0 0.850000 0.899414 0.226389 0.020703
