3 0.500000 0.147993 0.877778 0.070234
3 0.500000 0.225753 0.877778 0.070234
0 0.500000 0.346572 0.975000 0.142140
4 0.500000 0.669105 1.000000 0.487876
8 0.500000 0.058528 1.000000 0.117057
1 0.109722 0.483696 0.194444 0.117057
3 0.512847 0.454849 0.538194 0.046823
0 0.512847 0.504599 0.538194 0.031773
6 0.909722 0.957358 0.155556 0.070234
0 0.422222 0.042642 0.819444 0.059365
3 0.186111 0.035117 0.372222 0.070234
1 0.038889 0.070234 0.077778 0.046823
2 0.069097 0.070443 0.000694 0.000418
0 0.215972 0.070025 0.273611 0.035535
3 0.899306 0.070234 0.201389 0.070234
