0 0.500000 0.132376 0.852778 0.023728
5 0.201389 0.195910 0.255556 0.035904
5 0.639931 0.195910 0.572917 0.035904
5 0.500000 0.254605 0.852778 0.035904
5 0.500000 0.324227 0.852778 0.035904
5 0.500000 0.393850 0.852778 0.035904
5 0.500000 0.496566 0.852778 0.035904
5 0.274653 0.566188 0.402083 0.035904
5 0.713194 0.566188 0.426389 0.035904
0 0.500000 0.617858 0.852778 0.023728
5 0.500000 0.647050 0.852778 0.034655
0 0.500000 0.652513 0.852778 0.023728
0 0.500000 0.699344 0.852778 0.023728
5 0.500000 0.728536 0.852778 0.034655
0 0.500000 0.733999 0.852778 0.023728
0 0.285764 0.056666 0.279861 0.029035
3 0.068056 0.030596 0.136111 0.061193
3 0.818750 0.056822 0.116667 0.052451
3 0.938542 0.056822 0.122917 0.052451
