3 0.068056 0.032813 0.136111 0.065625
0 0.500000 0.158398 1.000000 0.037891
4 0.500000 0.293945 1.000000 0.082422
0 0.500000 0.270898 0.916667 0.025391
5 0.500000 0.305273 0.916667 0.037891
4 0.500000 0.376367 1.000000 0.082422
0 0.500000 0.353320 0.916667 0.025391
5 0.500000 0.387695 0.916667 0.037891
4 0.500000 0.458789 1.000000 0.082422
0 0.500000 0.435742 0.916667 0.025391
5 0.500000 0.470117 0.916667 0.037891
4 0.500000 0.541211 1.000000 0.082422
0 0.500000 0.518164 0.916667 0.025391
5 0.500000 0.552539 0.916667 0.037891
3 0.500000 0.695508 1.000000 0.075391
3 0.500000 0.786914 1.000000 0.025391
