0 0.065625 0.070703 0.053472 0.030469
0 0.114583 0.070703 0.019444 0.025781
3 0.783333 0.070898 0.129167 0.055078
3 0.927778 0.070898 0.144444 0.055078
7 0.125000 0.032813 0.250000 0.065625
0 0.125000 0.142187 0.048611 0.030469
7 0.375000 0.032813 0.250000 0.065625
0 0.375000 0.142187 0.048611 0.030469
7 0.625000 0.032813 0.250000 0.065625
0 0.625000 0.142187 0.048611 0.030469
7 0.875000 0.032813 0.250000 0.065625
0 0.875000 0.142187 0.048611 0.030469
4 0.500000 0.554688 1.000000 0.759375
8 0.500000 0.216016 1.000000 0.082031
0 0.113889 0.215820 0.154167 0.033203
0 0.934028 0.216016 0.058333 0.033594
8 0.500000 0.299609 1.000000 0.082031
0 0.145486 0.286523 0.217361 0.033203
0 0.226042 0.316016 0.378472 0.025781
8 0.500000 0.383203 1.000000 0.082031
0 0.200347 0.383008 0.327083 0.033203
0 0.934028 0.383203 0.058333 0.033594
8 0.500000 0.466797 1.000000 0.082031
0 0.210764 0.466602 0.347917 0.033203
0 0.934028 0.466797 0.058333 0.033594
8 0.500000 0.550391 1.000000 0.082031
0 0.227083 0.537305 0.380556 0.033203
0 0.182639 0.566797 0.291667 0.025781
0 0.934028 0.550391 0.058333 0.033594
8 0.500000 0.633984 1.000000 0.082031
0 0.151389 0.620898 0.229167 0.033203
0 0.094444 0.650391 0.115278 0.025781
8 0.500000 0.717578 1.000000 0.082031
0 0.105208 0.717383 0.136806 0.033203
0 0.934028 0.717578 0.058333 0.033594
