1 0.500000 0.314063 1.000000 0.562500
4 0.500000 0.314844 1.000000 0.560937
8 0.500000 0.314844 1.000000 0.560937
6 0.500000 0.314844 1.000000 0.560937
1 0.500000 0.314844 1.000000 0.560937
0 0.500000 0.494531 0.675000 0.029687
4 0.192361 0.551562 0.306944 0.043750
4 0.807292 0.551562 0.307639 0.043750
0 0.087847 0.144922 0.156250 0.038281
3 0.068056 0.071094 0.136111 0.076563
0 0.289236 0.070898 0.228472 0.036328
3 0.941667 0.071094 0.116667 0.065625
0 0.500000 0.624414 1.000000 0.058203
8 0.500000 0.066406 1.000000 0.132812
1 0.068056 0.683594 0.058333 0.032813
0 0.558333 0.679297 0.844444 0.029687
3 0.558333 0.740234 0.844444 0.070312
8 0.500000 0.176953 1.000000 0.088281
1 0.068056 0.816406 0.058333 0.032813
0 0.558333 0.812109 0.844444 0.029687
3 0.558333 0.850781 0.844444 0.025781
8 0.500000 0.265234 1.000000 0.088281
1 0.068056 0.904687 0.058333 0.032813
0 0.558333 0.900391 0.844444 0.029687
3 0.558333 0.930273 0.844444 0.008203
