4 0.245734 0.075669 0.491468 0.081104
1 0.245734 0.075460 0.200683 0.033027
4 0.458362 0.075669 0.053925 0.066054
0 0.000171 0.116430 0.000341 0.000418
4 0.245734 0.406982 0.491468 0.813127
8 0.245734 0.206731 0.491468 0.413462
1 0.245734 0.156355 0.491468 0.312709
0 0.245734 0.167224 0.491468 0.066054
0 0.243515 0.233069 0.151877 0.044732
0 0.243515 0.262542 0.151877 0.022575
0 0.396246 0.233069 0.014334 0.044732
0 0.417577 0.238294 0.023549 0.024247
0 0.409215 0.262542 0.152218 0.022575
1 0.077645 0.207567 0.131399 0.160953
4 0.061945 0.363921 0.089761 0.109950
4 0.160239 0.363921 0.089761 0.109950
4 0.258532 0.363921 0.089761 0.109950
4 0.356826 0.363921 0.089761 0.109950
4 0.450853 0.363921 0.081229 0.109950
3 0.125597 0.457358 0.238908 0.030936
3 0.365870 0.457358 0.238908 0.030936
4 0.245734 0.507107 0.491468 0.045987
0 0.241297 0.507107 0.126962 0.030936
2 0.309044 0.506898 0.008532 0.010452
4 0.081911 0.964883 0.163823 0.070234
1 0.081741 0.961957 0.021502 0.029264
0 0.081911 0.987040 0.066894 0.020903
4 0.245734 0.964883 0.163823 0.070234
1 0.245563 0.961957 0.022184 0.029264
0 0.245563 0.987040 0.063140 0.020903
4 0.409556 0.964883 0.163823 0.070234
1 0.409215 0.961957 0.042321 0.023411
0 0.409386 0.987040 0.063823 0.020903
