4 0.109375 0.186246 0.170139 0.102425
1 0.109375 0.186246 0.170139 0.102425
1 0.109028 0.186246 0.061111 0.028010
0 0.109375 0.213002 0.043750 0.019649
5 0.603472 0.170778 0.744444 0.042224
0 0.472917 0.227843 0.459722 0.031773
6 0.774653 0.227843 0.134028 0.042642
6 0.908681 0.227843 0.134028 0.042642
0 0.308681 0.273411 0.520139 0.031773
6 0.640625 0.273411 0.134028 0.042642
6 0.774653 0.273411 0.134028 0.042642
6 0.908681 0.273411 0.134028 0.042642
3 0.500000 0.375836 0.854167 0.058528
3 0.105903 0.035117 0.211806 0.070234
1 0.026736 0.070443 0.053472 0.032191
2 0.044792 0.070443 0.000694 0.000418
0 0.123611 0.070025 0.137500 0.035535
