6 0.500000 0.412500 1.000000 0.825000
1 0.500000 0.203125 0.291667 0.164062
3 0.500000 0.298047 0.211111 0.025781
5 0.269444 0.363672 0.461111 0.061719
5 0.730556 0.363672 0.461111 0.061719
5 0.500000 0.425391 0.922222 0.061719
5 0.500000 0.488672 0.922222 0.061719
0 0.500000 0.555859 0.922222 0.025781
5 0.500000 0.599609 0.922222 0.061719
0 0.602083 0.599414 0.698611 0.033203
6 0.500000 0.674219 0.922222 0.043750
5 0.500000 0.745313 0.922222 0.054688
6 0.077778 0.818359 0.077778 0.043750
3 0.538889 0.818555 0.844444 0.048047
0 0.500000 0.888477 0.922222 0.048047
0 0.200694 0.070898 0.109722 0.036328
3 0.068056 0.038281 0.136111 0.076563
3 0.935764 0.071094 0.128472 0.065625
