4 0.074653 0.070025 0.149306 0.055602
1 0.070833 0.027801 0.116667 0.055602
0 0.115278 0.070025 0.019444 0.055602
0 0.586806 0.070234 0.801389 0.070234
8 0.500000 0.447324 1.000000 0.894649
1 0.500000 0.552676 1.000000 0.894649
0 0.175000 0.141304 0.301389 0.042642
0 0.899306 0.141304 0.152778 0.042642
4 0.365972 0.882943 0.243056 0.146321
4 0.633333 0.882943 0.243056 0.146321
4 0.085069 0.948788 0.121528 0.073161
0 0.499653 0.266931 0.681250 0.038880
1 0.500000 0.391722 0.291667 0.175585
0 0.500000 0.526547 0.951389 0.058946
0 0.500000 0.596363 0.902778 0.051421
3 0.500000 0.672659 0.486111 0.056856
3 0.500000 0.751672 0.486111 0.056856
