3 0.427083 0.149247 0.756944 0.039298
4 0.842014 0.146948 0.072917 0.043896
4 0.140625 0.262333 0.095139 0.096572
0 0.140625 0.249582 0.050694 0.071070
0 0.140625 0.297868 0.095139 0.025502
4 0.444444 0.262333 0.138889 0.096572
0 0.444097 0.249582 0.050694 0.071070
0 0.444444 0.297868 0.138889 0.025502
4 0.754861 0.262333 0.108333 0.096572
0 0.754514 0.249582 0.050694 0.071070
0 0.754861 0.297868 0.108333 0.025502
3 0.122569 0.397993 0.147917 0.039298
3 0.169444 0.459448 0.241667 0.039298
3 0.155903 0.520903 0.214583 0.039298
3 0.220486 0.582358 0.343750 0.039298
3 0.113542 0.643813 0.129861 0.039298
3 0.170833 0.705268 0.244444 0.039298
3 0.132986 0.766722 0.168750 0.039298
4 0.163889 0.946070 0.230556 0.032609
1 0.021875 0.016304 0.043750 0.030100
0 0.197917 0.946070 0.162500 0.032609
3 0.763889 0.946070 0.180556 0.032609
3 0.951389 0.514214 0.097222 0.794314
8 0.500000 0.035117 1.000000 0.070234
1 0.998958 0.152174 0.002083 0.070234
8 0.500000 0.218227 1.000000 0.292642
1 0.951389 0.335284 0.097222 0.292642
0 0.975694 0.437500 0.048611 0.035535
8 0.500000 0.512542 1.000000 0.292642
1 0.951389 0.629599 0.097222 0.292642
0 0.975694 0.731814 0.048611 0.035535
8 0.500000 0.806856 1.000000 0.292642
1 0.951389 0.844482 0.097222 0.133779
4 0.970833 0.075878 0.058333 0.073161
