0 0.201042 0.071094 0.324306 0.035156
3 0.844444 0.071094 0.116667 0.065625
3 0.165278 0.038281 0.097222 0.065625
7 0.125000 0.032813 0.250000 0.065625
1 0.124653 0.133008 0.063194 0.035547
7 0.375000 0.032813 0.250000 0.065625
1 0.375000 0.133203 0.068056 0.032813
7 0.625000 0.032813 0.250000 0.065625
1 0.624653 0.133008 0.082639 0.028516
7 0.875000 0.032813 0.250000 0.065625
1 0.875000 0.133203 0.068056 0.031250
8 0.500000 0.554688 1.000000 0.759375
1 0.170486 0.270898 0.218750 0.123047
0 0.320833 0.368164 0.519444 0.044141
0 0.343403 0.434961 0.564583 0.031641
2 0.662500 0.434766 0.038889 0.021875
0 0.252083 0.466602 0.381944 0.031641
0 0.478819 0.467383 0.046528 0.024609
3 0.893056 0.874219 0.136111 0.076563
