1 0.500000 0.315101 1.000000 0.583907
1 0.500000 0.129237 0.243056 0.096445
0 0.499653 0.206393 0.347917 0.038578
0 0.499653 0.245798 0.103472 0.020942
3 0.499653 0.266740 0.445139 0.020942
0 0.500000 0.317718 0.756944 0.039129
0 0.500000 0.376137 0.902778 0.039129
3 0.500000 0.438137 0.575000 0.046294
3 0.500000 0.499036 0.433333 0.046294
3 0.499653 0.550289 0.374306 0.046294
4 0.500000 0.047258 1.000000 0.048223
3 0.956597 0.047120 0.086806 0.046294
3 0.100000 0.633646 0.200000 0.050978
3 0.300000 0.633646 0.200000 0.050978
3 0.500000 0.633646 0.200000 0.050978
3 0.700000 0.633646 0.200000 0.050978
3 0.900000 0.633646 0.200000 0.050978
