1 0.500000 0.467187 1.000000 0.934375
0 0.314583 0.070898 0.337500 0.036328
3 0.068056 0.071094 0.136111 0.076563
0 0.105556 0.145898 0.113889 0.018359
5 0.538889 0.191406 0.844444 0.061719
1 0.077778 0.191406 0.058333 0.050781
5 0.538889 0.254688 0.844444 0.061719
1 0.077778 0.253906 0.058333 0.052344
5 0.538889 0.317969 0.844444 0.061719
1 0.075347 0.324219 0.053472 0.038281
0 0.112847 0.373242 0.118750 0.018359
5 0.546181 0.418750 0.820139 0.061719
1 0.085069 0.418750 0.063194 0.050781
5 0.546181 0.482031 0.820139 0.061719
0 0.124306 0.540039 0.141667 0.018359
1 0.114236 0.594336 0.121528 0.068359
3 0.575347 0.576562 0.761806 0.043750
1 0.097222 0.676562 0.087500 0.049219
5 0.558333 0.677344 0.795833 0.061719
3 0.500000 0.750781 0.922222 0.065625
3 0.500000 0.823438 0.922222 0.065625
