0 0.110417 0.069038 0.143056 0.035375
3 0.048611 0.037277 0.097222 0.063903
7 0.125000 0.037277 0.250000 0.074553
1 0.125000 0.037277 0.058333 0.031951
7 0.375000 0.037277 0.250000 0.074553
7 0.625000 0.037277 0.250000 0.074553
7 0.875000 0.037277 0.250000 0.074553
1 0.136111 0.074553 0.194444 0.106504
0 0.606944 0.221187 0.708333 0.035375
2 0.273264 0.258653 0.040972 0.021301
0 0.627431 0.258653 0.667361 0.028908
0 0.606944 0.292887 0.708333 0.028908
4 0.500000 0.037277 1.000000 0.074553
0 0.519444 0.370103 0.766667 0.074553
1 0.931944 0.037277 0.058333 0.031951
