0 0.499653 0.066992 0.722917 0.040234
4 0.060764 0.066992 0.121528 0.068359
0 0.060764 0.066797 0.025694 0.042969
4 0.500000 0.132617 1.000000 0.062891
0 0.131944 0.132422 0.215278 0.029687
0 0.935417 0.132422 0.080556 0.029687
4 0.500000 0.197070 1.000000 0.062891
0 0.143056 0.196875 0.237500 0.029687
0 0.954167 0.196875 0.043056 0.029687
4 0.500000 0.261523 1.000000 0.062891
0 0.147569 0.261328 0.246528 0.029687
0 0.954167 0.261328 0.043056 0.029687
1 0.145833 0.375000 0.243056 0.136719
3 0.633681 0.367969 0.684028 0.055469
3 0.500000 0.488477 0.951389 0.062891
