4 0.072917 0.059199 0.145833 0.060407
1 0.072917 0.059027 0.047222 0.024163
4 0.635417 0.059199 0.145833 0.060407
1 0.635069 0.059027 0.053472 0.020711
0 0.675694 0.047463 0.040278 0.024508
4 0.781250 0.059199 0.145833 0.060407
1 0.781250 0.059199 0.061111 0.021747
4 0.927083 0.059199 0.145833 0.060407
1 0.926736 0.059027 0.072917 0.020711
4 0.500000 0.368139 1.000000 0.736279
4 0.181597 0.027270 0.318750 0.042113
0 0.181597 0.116672 0.318750 0.042113
4 0.500347 0.027270 0.318750 0.042113
0 0.500347 0.116672 0.318750 0.042113
4 0.818750 0.027270 0.318056 0.042113
0 0.818750 0.116672 0.318056 0.042113
1 0.500000 0.000173 0.951389 0.000345
4 0.500000 0.484984 1.000000 0.681395
0 0.076042 0.163790 0.050694 0.019676
0 0.067361 0.181395 0.033333 0.019676
0 0.588542 0.163790 0.128472 0.019676
0 0.640972 0.181395 0.233333 0.019676
0 0.093403 0.210735 0.085417 0.019676
0 0.139931 0.228340 0.178472 0.019676
0 0.569097 0.210735 0.089583 0.019676
0 0.621528 0.228340 0.194444 0.019676
0 0.111111 0.257680 0.120833 0.019676
0 0.086111 0.275285 0.070833 0.019676
0 0.588889 0.257680 0.129167 0.019676
0 0.559722 0.275285 0.070833 0.019676
0 0.125000 0.304625 0.148611 0.019676
0 0.107986 0.322230 0.114583 0.019676
0 0.589236 0.304625 0.129861 0.019676
0 0.620486 0.322230 0.192361 0.019676
0 0.141667 0.351571 0.181944 0.019676
0 0.107639 0.369175 0.113889 0.019676
0 0.577431 0.351571 0.106250 0.019676
0 0.543056 0.369175 0.037500 0.019676
0 0.103819 0.398516 0.106250 0.019676
0 0.088194 0.416120 0.075000 0.019676
0 0.581250 0.398516 0.113889 0.019676
0 0.572569 0.416120 0.096528 0.019676
0 0.156944 0.445461 0.212500 0.019676
0 0.069444 0.463065 0.037500 0.019676
0 0.591319 0.445461 0.134028 0.019676
0 0.603819 0.463065 0.159028 0.019676
0 0.198611 0.492406 0.295833 0.019676
0 0.114931 0.510010 0.128472 0.019676
0 0.113542 0.539351 0.125694 0.019676
0 0.500000 0.686400 0.898611 0.278564
1 0.500000 0.060753 1.000000 0.000690
