0 0.246528 0.038086 0.143056 0.036328
3 0.068056 0.038281 0.136111 0.076563
7 0.125000 0.049219 0.250000 0.098437
1 0.125000 0.031641 0.058333 0.032813
0 0.125000 0.147656 0.055556 0.024219
7 0.375000 0.049219 0.250000 0.098437
0 0.374653 0.147656 0.102083 0.024219
7 0.625000 0.049219 0.250000 0.098437
0 0.625000 0.147656 0.127778 0.024219
7 0.875000 0.049219 0.250000 0.098437
0 0.875000 0.147656 0.180556 0.024219
4 0.500000 0.554688 1.000000 0.759375
8 0.500000 0.053125 1.000000 0.106250
0 0.094444 0.228125 0.141667 0.079687
1 0.206250 0.053125 0.058333 0.032813
0 0.605903 0.228125 0.740972 0.066406
8 0.500000 0.159375 1.000000 0.106250
0 0.094444 0.334375 0.141667 0.079687
0 0.605903 0.334375 0.740972 0.066406
8 0.500000 0.265625 1.000000 0.106250
0 0.094444 0.440625 0.141667 0.079687
0 0.605903 0.440625 0.740972 0.066406
