4 0.500000 0.250000 1.000000 0.281250
3 0.500000 0.140625 1.000000 0.281250
1 0.500000 0.250000 1.000000 0.281250
4 0.166667 0.459570 0.333333 0.123828
1 0.166319 0.445508 0.121528 0.068359
0 0.166667 0.500586 0.147222 0.027734
4 0.500000 0.459570 0.333333 0.123828
1 0.499653 0.445508 0.121528 0.068359
0 0.500000 0.500586 0.147222 0.027734
4 0.833333 0.459570 0.333333 0.123828
1 0.832986 0.445508 0.121528 0.068359
0 0.833333 0.500586 0.147222 0.027734
4 0.166667 0.583398 0.333333 0.123828
1 0.166319 0.569336 0.121528 0.068359
0 0.166667 0.624414 0.147222 0.027734
4 0.500000 0.583398 0.333333 0.123828
1 0.499653 0.569336 0.121528 0.068359
0 0.499653 0.624414 0.184028 0.027734
0 0.500000 0.700391 1.000000 0.054688
3 0.500000 0.760938 1.000000 0.060156
0 0.500000 0.831250 1.000000 0.039062
4 0.125000 0.892578 0.250000 0.083594
1 0.125000 0.880859 0.058333 0.032813
0 0.125000 0.917188 0.068056 0.025781
4 0.375000 0.892578 0.250000 0.083594
1 0.375000 0.880859 0.058333 0.032813
0 0.375000 0.917188 0.068056 0.025781
4 0.625000 0.892578 0.250000 0.083594
1 0.625000 0.880859 0.058333 0.032813
0 0.625000 0.917188 0.068056 0.025781
4 0.875000 0.892578 0.250000 0.083594
1 0.875000 0.880859 0.058333 0.032813
0 0.875000 0.917188 0.068056 0.025781
0 0.136111 0.070898 0.194444 0.036328
4 0.825000 0.071094 0.116667 0.065625
4 0.941667 0.071094 0.116667 0.065625
