1 0.056932 0.086328 0.113864 0.107031
1 0.424484 0.114648 0.185841 0.123047
0 0.424779 0.213477 0.188791 0.033203
0 0.328319 0.250000 0.020649 0.025000
0 0.445428 0.250000 0.172271 0.025781
3 0.424484 0.301367 0.237758 0.049609
7 0.074336 0.032813 0.148673 0.065625
0 0.074041 0.372656 0.027729 0.025000
7 0.241298 0.032813 0.185251 0.065625
0 0.241298 0.359766 0.135693 0.025781
0 0.241298 0.385547 0.135693 0.025781
7 0.415339 0.032813 0.162832 0.065625
0 0.415339 0.359766 0.113274 0.025781
0 0.415339 0.385547 0.113274 0.025781
7 0.571091 0.032813 0.148673 0.065625
0 0.571091 0.359766 0.094395 0.025781
0 0.571091 0.385547 0.094395 0.025781
7 0.734218 0.032813 0.177581 0.065625
0 0.734218 0.359766 0.128024 0.025781
0 0.734218 0.385547 0.128024 0.025781
7 0.911504 0.032813 0.176991 0.065625
0 0.848673 0.359766 0.001770 0.025781
0 0.848673 0.385547 0.001770 0.025781
8 0.424779 0.417969 0.849558 0.835938
8 0.424779 0.448242 0.849558 0.085547
0 0.809735 0.414648 0.038348 0.018359
1 0.061947 0.451172 0.082596 0.054688
0 0.466077 0.451172 0.725664 0.054688
8 0.424779 0.533789 0.849558 0.085547
0 0.793805 0.500195 0.070206 0.018359
1 0.061947 0.536719 0.082596 0.054688
0 0.466077 0.536719 0.725664 0.054688
8 0.424779 0.619336 0.849558 0.085547
0 0.793805 0.585742 0.070206 0.018359
1 0.061947 0.622266 0.082596 0.054688
0 0.466077 0.622266 0.725664 0.054688
8 0.424779 0.704883 0.849558 0.085547
0 0.793805 0.671289 0.070206 0.018359
1 0.061947 0.707812 0.082596 0.054688
0 0.466077 0.707812 0.725664 0.054688
