1 0.500000 0.196875 1.000000 0.328125
0 0.218403 0.317188 0.359028 0.042188
0 0.500000 0.393750 0.922222 0.065625
0 0.500000 0.464844 0.922222 0.076563
4 0.500000 0.563672 1.000000 0.076563
0 0.470833 0.563672 0.863889 0.076563
1 0.931944 0.038281 0.058333 0.032813
4 0.500000 0.640234 1.000000 0.076563
0 0.442361 0.640234 0.806944 0.076563
6 0.903472 0.640039 0.115278 0.037109
3 0.500000 0.744141 0.525000 0.065625
0 0.260417 0.071094 0.170833 0.042188
4 0.068056 0.038281 0.136111 0.076563
3 0.048611 0.038281 0.097222 0.065625
