0 0.128125 0.059961 0.207639 0.037891
4 0.715278 0.060156 0.116667 0.054688
3 0.880556 0.060156 0.213889 0.054688
4 0.100000 0.032031 0.200000 0.060156
1 0.099306 0.119531 0.061111 0.034375
4 0.300000 0.032031 0.200000 0.060156
1 0.299306 0.119531 0.061111 0.034375
4 0.500000 0.032031 0.200000 0.060156
1 0.499306 0.119531 0.061111 0.034375
4 0.700000 0.032031 0.200000 0.060156
1 0.699306 0.119531 0.061111 0.034375
4 0.900000 0.030078 0.200000 0.060156
1 0.899306 0.117578 0.061111 0.034375
0 0.929167 0.104688 0.048611 0.027344
8 0.500000 0.541016 1.000000 0.786719
3 0.500000 0.541016 1.000000 0.786719
8 0.500000 0.355664 1.000000 0.711328
1 0.297569 0.295117 0.546528 0.267578
0 0.785417 0.204883 0.331944 0.059766
3 0.785417 0.264844 0.331944 0.060156
0 0.785417 0.325000 0.331944 0.060156
0 0.785417 0.385156 0.331944 0.060156
4 0.176736 0.407422 0.279861 0.028906
0 0.180556 0.407422 0.266667 0.025781
4 0.499653 0.470117 0.225694 0.041016
1 0.408681 0.469922 0.043750 0.032813
0 0.521528 0.470117 0.172222 0.041016
0 0.154167 0.523242 0.259722 0.037891
0 0.500000 0.557031 0.951389 0.029687
0 0.207639 0.600391 0.366667 0.029687
3 0.448611 0.600391 0.115278 0.029687
3 0.096875 0.646680 0.145139 0.035547
3 0.221875 0.646680 0.090972 0.035547
3 0.352778 0.646680 0.156944 0.035547
0 0.500000 0.776953 1.000000 0.136719
