3 0.068056 0.038281 0.136111 0.076563
0 0.322222 0.070898 0.294444 0.036328
0 0.500000 0.160547 0.863889 0.025781
5 0.500000 0.214062 0.863889 0.061719
0 0.500000 0.279687 0.863889 0.025781
5 0.500000 0.333203 0.863889 0.061719
0 0.500000 0.398828 0.863889 0.025781
5 0.159375 0.452344 0.182639 0.061719
0 0.500000 0.517969 0.863889 0.025781
5 0.215972 0.557031 0.295833 0.032813
0 0.157639 0.557031 0.179167 0.029687
5 0.461458 0.570117 0.121528 0.058984
0 0.549306 0.553125 0.054167 0.025000
0 0.500000 0.634375 0.863889 0.025781
5 0.215972 0.673438 0.295833 0.032813
0 0.157639 0.673438 0.179167 0.029687
5 0.461458 0.686523 0.121528 0.058984
0 0.550694 0.669531 0.056944 0.025000
5 0.639931 0.686523 0.121528 0.058984
0 0.719097 0.669531 0.036806 0.025000
0 0.500000 0.750781 0.863889 0.025781
5 0.500000 0.799219 0.863889 0.032813
0 0.441667 0.799219 0.747222 0.029687
0 0.500000 0.855859 0.863889 0.025781
1 0.500000 0.082031 0.291667 0.164062
1 0.802083 0.082031 0.291667 0.164062
1 0.979167 0.082031 0.041667 0.164062
