4 0.500000 0.484961 1.000000 0.751172
8 0.500000 0.144727 0.951389 0.262109
1 0.499653 0.556055 0.432639 0.172266
0 0.500000 0.722461 1.000000 0.078516
1 0.500000 0.191406 1.000000 0.164062
3 0.145833 0.191406 0.243056 0.136719
0 0.645833 0.142969 0.708333 0.039844
3 0.407639 0.213477 0.231944 0.033203
3 0.359722 0.238281 0.136111 0.016406
3 0.639583 0.213477 0.231944 0.033203
3 0.590278 0.238281 0.133333 0.016406
3 0.125000 0.316992 0.250000 0.086328
3 0.375000 0.316992 0.250000 0.086328
3 0.625000 0.316992 0.250000 0.086328
3 0.875000 0.316992 0.250000 0.086328
0 0.263889 0.070898 0.177778 0.029297
4 0.730208 0.070898 0.072917 0.041016
3 0.068056 0.038281 0.136111 0.076563
3 0.825000 0.071094 0.116667 0.065625
3 0.941667 0.071094 0.116667 0.065625
1 0.500000 0.894727 1.000000 0.068359
4 0.500000 0.894727 1.000000 0.068359
3 0.060764 0.894727 0.121528 0.068359
4 0.182292 0.894727 0.121528 0.068359
3 0.182292 0.894727 0.121528 0.068359
3 0.303819 0.894727 0.121528 0.068359
4 0.621528 0.894727 0.513889 0.068359
0 0.621528 0.884766 0.513889 0.023438
0 0.621528 0.906250 0.513889 0.019531
3 0.939236 0.894727 0.121528 0.068359
