4 0.500000 0.490625 1.000000 0.762500
8 0.500000 0.090820 1.000000 0.181641
1 0.100000 0.165625 0.175000 0.098437
4 0.314236 0.138086 0.228472 0.048047
0 0.313889 0.126953 0.066667 0.025781
0 0.313889 0.150977 0.077778 0.022266
4 0.569444 0.138086 0.276389 0.048047
0 0.569444 0.126953 0.038889 0.025781
0 0.569444 0.150977 0.125000 0.022266
4 0.848958 0.138086 0.277083 0.048047
0 0.848611 0.126953 0.058333 0.025781
0 0.848958 0.150977 0.125694 0.022266
3 0.393750 0.190430 0.387500 0.048047
3 0.793750 0.190430 0.387500 0.048047
4 0.500000 0.256445 1.000000 0.067578
2 0.034028 0.244922 0.019444 0.010937
0 0.111111 0.243555 0.119444 0.027734
2 0.203819 0.243555 0.036806 0.020703
0 0.292014 0.243555 0.129861 0.027734
0 0.195833 0.270313 0.343056 0.025781
2 0.927431 0.026758 0.022917 0.019141
8 0.500000 0.591602 1.000000 0.816797
1 0.500000 0.500000 1.000000 1.000000
4 0.100000 0.903516 0.200000 0.061719
4 0.300000 0.903516 0.200000 0.061719
4 0.500000 0.903516 0.200000 0.061719
4 0.700000 0.903516 0.200000 0.061719
4 0.900000 0.903516 0.200000 0.061719
3 0.941667 0.071094 0.116667 0.065625
3 0.068056 0.038281 0.136111 0.076563
0 0.223958 0.070898 0.156250 0.036328
