4 0.098958 0.882227 0.197917 0.095703
1 0.098611 0.032813 0.097222 0.054688
0 0.098611 0.909375 0.104167 0.029687
4 0.297222 0.882227 0.198611 0.095703
1 0.099306 0.032813 0.097222 0.054688
0 0.296875 0.909375 0.175694 0.029687
4 0.495833 0.882227 0.198611 0.095703
1 0.495139 0.867188 0.097222 0.054688
0 0.495139 0.909375 0.090278 0.029687
4 0.694444 0.882227 0.198611 0.095703
1 0.688194 0.867188 0.097222 0.054688
0 0.694097 0.909375 0.079861 0.029687
4 0.893056 0.882031 0.198611 0.082031
1 0.099306 0.027344 0.097222 0.054688
0 0.893056 0.909375 0.173611 0.027344
3 0.074653 0.070312 0.124306 0.047656
1 0.352778 0.069922 0.077778 0.043750
3 0.544792 0.070117 0.281250 0.045703
1 0.951042 0.070117 0.072917 0.041016
1 0.498611 0.329883 0.947222 0.399609
4 0.500000 0.590430 1.000000 0.095703
4 0.243750 0.590430 0.438889 0.068359
1 0.042708 0.024023 0.085417 0.048047
0 0.279861 0.590430 0.145833 0.048047
4 0.756250 0.590430 0.438889 0.068359
0 0.832639 0.590430 0.104167 0.048047
1 0.500000 0.590430 0.202778 0.095703
0 0.499653 0.664844 0.718750 0.039062
4 0.500000 0.769727 1.000000 0.129297
8 0.500000 0.041211 1.000000 0.082422
2 0.055208 0.739648 0.036806 0.020703
0 0.535417 0.744141 0.850000 0.029687
8 0.500000 0.137109 1.000000 0.103906
2 0.055208 0.824414 0.036806 0.019922
0 0.535417 0.824414 0.850000 0.019922
1 0.500000 0.329102 0.940278 0.401172
