0 0.259375 0.070898 0.227083 0.036328
3 0.068056 0.038281 0.136111 0.076563
3 0.844444 0.071094 0.116667 0.065625
3 0.165278 0.038281 0.097222 0.065625
4 0.166667 0.032813 0.333333 0.065625
0 0.137500 0.032813 0.275000 0.065625
4 0.500000 0.032813 0.333333 0.065625
4 0.833333 0.032813 0.333333 0.065625
8 0.500000 0.555469 1.000000 0.757812
4 0.087500 0.032813 0.175000 0.065625
0 0.087153 0.209375 0.088194 0.025781
4 0.262500 0.032813 0.175000 0.065625
0 0.262500 0.209375 0.073611 0.025781
8 0.500000 0.324219 1.000000 0.164062
1 0.145833 0.324219 0.243056 0.136719
0 0.352778 0.271484 0.122222 0.031250
2 0.301042 0.381055 0.042361 0.023828
0 0.350347 0.379688 0.050694 0.021094
2 0.581597 0.381055 0.042361 0.023828
0 0.635417 0.380664 0.059722 0.023047
2 0.975347 0.383008 0.024306 0.013672
0 0.946181 0.380664 0.024306 0.023047
0 0.920139 0.380664 0.027778 0.023047
8 0.500000 0.488281 1.000000 0.164062
1 0.145833 0.488281 0.243056 0.136719
2 0.301042 0.545117 0.042361 0.023828
0 0.359028 0.543750 0.068056 0.021094
2 0.581597 0.545117 0.042361 0.023828
0 0.659028 0.544727 0.106944 0.023047
2 0.975347 0.547070 0.024306 0.013672
0 0.946181 0.544727 0.024306 0.023047
0 0.916667 0.544727 0.034722 0.023047
8 0.500000 0.652344 1.000000 0.164062
1 0.145833 0.652344 0.243056 0.136719
0 0.336458 0.599609 0.089583 0.031250
2 0.301042 0.709180 0.042361 0.023828
0 0.358333 0.707812 0.066667 0.021094
0 0.646875 0.708789 0.082639 0.023047
2 0.975347 0.711133 0.024306 0.013672
0 0.940972 0.708789 0.034722 0.023047
8 0.500000 0.816406 1.000000 0.164062
1 0.145833 0.816406 0.243056 0.136719
0 0.392708 0.763672 0.202083 0.031250
2 0.301042 0.873242 0.042361 0.023828
0 0.359722 0.871875 0.069444 0.021094
2 0.581597 0.873242 0.042361 0.023828
0 0.645139 0.872852 0.079167 0.023047
2 0.975347 0.875195 0.024306 0.013672
0 0.946181 0.872852 0.024306 0.023047
0 0.916667 0.872852 0.034722 0.023047
8 0.500000 0.916406 1.000000 0.035937
1 0.145833 0.923242 0.243056 0.022266
0 0.352083 0.923242 0.120833 0.022266
