4 0.165972 0.035117 0.331944 0.070234
0 0.165625 0.140259 0.114583 0.023829
4 0.499653 0.035117 0.332639 0.070234
0 0.499306 0.140259 0.127778 0.023829
4 0.833681 0.035117 0.332639 0.070234
0 0.833333 0.140259 0.111111 0.023829
0 0.042361 0.028846 0.084722 0.027592
5 0.611806 0.211957 0.727778 0.057692
0 0.140278 0.028846 0.280556 0.027592
5 0.639931 0.269649 0.670139 0.057692
0 0.139236 0.028846 0.278472 0.027592
5 0.639236 0.327341 0.672917 0.057692
0 0.414931 0.033027 0.829861 0.027592
6 0.914931 0.422032 0.121528 0.073161
0 0.500000 0.484323 1.000000 0.051421
0 0.439236 0.568562 0.829861 0.035117
6 0.914931 0.575878 0.121528 0.073161
0 0.500000 0.128135 1.000000 0.051421
3 0.500000 0.724707 0.951389 0.063127
4 0.154861 0.035117 0.269444 0.070234
1 0.068750 0.070234 0.077778 0.046823
0 0.193750 0.070025 0.152778 0.035535
3 0.105208 0.035117 0.210417 0.070234
3 0.279861 0.035117 0.136111 0.070234
