4 0.500000 0.177106 1.000000 0.354213
0 0.519444 0.026877 0.688889 0.013772
3 0.941667 0.026951 0.116667 0.024878
3 0.068056 0.014512 0.136111 0.029024
4 0.500000 0.197838 1.000000 0.312750
4 0.500000 0.184881 1.000000 0.286835
8 0.500000 0.013846 1.000000 0.027691
1 0.500000 0.055309 1.000000 0.027691
0 0.500000 0.058270 1.000000 0.021768
8 0.500000 0.092477 1.000000 0.129572
1 0.500000 0.133940 1.000000 0.129572
0 0.500000 0.187842 1.000000 0.021768
8 0.500000 0.222049 1.000000 0.129572
1 0.500000 0.263513 1.000000 0.129572
0 0.500000 0.317414 1.000000 0.021768
3 0.886111 0.303939 0.179167 0.038353
4 0.500000 0.012957 1.000000 0.025914
1 0.500000 0.114023 1.000000 0.145121
0 0.375000 0.204724 0.701389 0.025914
0 0.500000 0.221161 0.951389 0.006960
4 0.109722 0.245669 0.170833 0.031393
1 0.109722 0.239301 0.170833 0.018658
0 0.109722 0.251814 0.170833 0.006368
0 0.109722 0.258182 0.170833 0.006368
1 0.304861 0.239301 0.170833 0.018658
0 0.304861 0.251814 0.170833 0.006368
0 0.304861 0.258182 0.170833 0.006368
1 0.500000 0.239301 0.170833 0.018658
0 0.500000 0.254628 0.170833 0.011995
4 0.695139 0.245298 0.170833 0.030653
1 0.695139 0.239301 0.170833 0.018658
0 0.695139 0.254628 0.170833 0.011995
4 0.890278 0.242411 0.170833 0.024878
0 0.375000 0.282689 0.750000 0.026951
0 0.875000 0.282689 0.250000 0.026951
4 0.487847 0.327780 0.975694 0.052865
8 0.487847 0.010440 0.975694 0.020880
1 0.081597 0.311713 0.163194 0.010366
3 0.569444 0.311787 0.812500 0.010514
8 0.487847 0.031171 0.975694 0.020880
1 0.081597 0.332445 0.163194 0.010366
3 0.569444 0.332519 0.812500 0.010514
8 0.487847 0.051903 0.975694 0.020880
1 0.081597 0.351103 0.163194 0.006219
3 0.569444 0.351103 0.812500 0.006219
1 0.920833 0.203465 0.158333 0.033763
