1 0.500000 0.030402 1.000000 0.060803
1 0.500000 0.060803 1.000000 0.050670
4 0.500000 0.479732 1.000000 0.771987
8 0.500000 0.500000 1.000000 1.000000
8 0.500000 0.236699 1.000000 0.473398
1 0.500000 0.330438 1.000000 0.473398
0 0.465972 0.587405 0.854167 0.023887
1 0.038889 0.015201 0.058333 0.030402
8 0.500000 0.643142 1.000000 0.070937
1 0.097222 0.643142 0.116667 0.060803
0 0.463194 0.642961 0.576389 0.025697
0 0.814931 0.643142 0.088194 0.022439
3 0.919792 0.643142 0.082639 0.035469
0 0.500000 0.710641 0.922222 0.020630
3 0.500000 0.803474 0.922222 0.124502
