1 0.257639 0.023592 0.243056 0.019740
3 0.068056 0.023592 0.136111 0.047183
4 0.704167 0.043813 0.083333 0.028888
1 0.704167 0.043813 0.058333 0.020221
4 0.787500 0.043813 0.083333 0.028888
1 0.787500 0.043813 0.058333 0.020221
4 0.870833 0.043813 0.083333 0.028888
1 0.870833 0.043813 0.058333 0.020221
3 0.293750 0.023592 0.087500 0.040443
8 0.500000 0.500000 1.000000 1.000000
8 0.480556 0.168512 0.961111 0.337025
4 0.499653 0.253130 0.559028 0.226529
1 0.453472 0.021907 0.054167 0.010111
1 0.507639 0.021907 0.054167 0.010111
0 0.393403 0.465335 0.625694 0.020703
4 0.257639 0.491093 0.354167 0.022147
0 0.105903 0.489889 0.035417 0.014444
0 0.225694 0.489889 0.204167 0.014444
0 0.389583 0.491093 0.040278 0.013481
0 0.134028 0.515648 0.106944 0.018296
0 0.290278 0.515648 0.083333 0.018296
0 0.455903 0.513722 0.125694 0.014444
6 0.901389 0.490611 0.061111 0.021184
0 0.901389 0.516731 0.061111 0.022388
0 0.170833 0.534064 0.180556 0.016610
0 0.338542 0.533582 0.154861 0.017573
0 0.512153 0.553924 0.863194 0.014444
0 0.512153 0.570655 0.863194 0.010351
4 0.250000 0.555609 0.500000 0.040443
3 0.250000 0.555609 0.500000 0.040443
4 0.750000 0.555609 0.500000 0.040443
3 0.750000 0.555609 0.500000 0.040443
