0 0.500000 0.067773 0.348611 0.031641
3 0.499653 0.208008 0.257639 0.144922
3 0.499653 0.208008 0.238194 0.133984
1 0.579861 0.253125 0.077778 0.043750
0 0.874306 0.315430 0.056944 0.020703
5 0.500000 0.362695 0.805556 0.062891
5 0.469444 0.361719 0.695833 0.029687
3 0.847917 0.361719 0.061111 0.034375
3 0.500000 0.433594 0.805556 0.067969
4 0.340972 0.511328 0.068056 0.029687
6 0.340972 0.511328 0.068056 0.029687
3 0.496528 0.511328 0.218056 0.043750
4 0.654167 0.511328 0.077778 0.043750
1 0.038889 0.021875 0.048611 0.027344
0 0.204514 0.010352 0.396528 0.020703
3 0.396181 0.872070 0.202083 0.020703
0 0.222917 0.010352 0.016667 0.020703
3 0.621528 0.872070 0.165278 0.020703
