3 0.280357 0.061455 0.275000 0.064381
0 0.642857 0.056856 0.450000 0.054348
3 0.933929 0.061455 0.132143 0.064381
4 0.571429 0.546823 0.857143 0.906355
8 0.571429 0.119565 0.857143 0.051839
8 0.500000 0.089465 1.000000 0.071906
8 0.372768 0.183110 0.427679 0.027592
8 0.500000 0.163043 1.000000 0.071906
8 0.372768 0.256689 0.427679 0.027592
8 0.500000 0.236622 1.000000 0.071906
8 0.372768 0.330268 0.427679 0.027592
8 0.500000 0.310201 1.000000 0.071906
8 0.372768 0.403846 0.427679 0.027592
8 0.500000 0.383779 1.000000 0.071906
8 0.372768 0.477425 0.427679 0.027592
8 0.571429 0.540970 0.857143 0.051839
8 0.500000 0.510870 1.000000 0.071906
8 0.372768 0.604515 0.427679 0.027592
8 0.500000 0.584448 1.000000 0.071906
8 0.372768 0.678094 0.427679 0.027592
8 0.500000 0.658027 1.000000 0.071906
8 0.372768 0.751672 0.427679 0.027592
8 0.500000 0.731605 1.000000 0.071906
8 0.372768 0.825251 0.427679 0.027592
8 0.571429 0.888796 0.857143 0.051839
8 0.500000 0.858696 1.000000 0.071906
8 0.372768 0.952341 0.427679 0.027592
0 0.793304 0.952341 0.413393 0.027592
8 0.500000 0.932274 1.000000 0.071906
