8 0.500000 0.335856 1.000000 0.671711
8 0.500000 0.209546 1.000000 0.419092
1 0.500000 0.233993 1.000000 0.419092
3 0.205208 0.467986 0.410417 0.048894
3 0.832986 0.467986 0.334028 0.048894
0 0.500000 0.521100 0.912500 0.057334
1 0.157639 0.047730 0.227778 0.095460
1 0.385417 0.047730 0.227778 0.095460
1 0.613542 0.047875 0.228472 0.095751
1 0.842014 0.047875 0.228472 0.095751
0 0.416667 0.670984 0.745833 0.046857
0 0.872917 0.670984 0.166667 0.046857
4 0.106944 0.651339 0.136111 0.057043
3 0.500000 0.649302 0.552778 0.061118
4 0.893056 0.651339 0.136111 0.057043
1 0.500000 0.052969 1.000000 0.057043
4 0.282292 0.052823 0.292361 0.051513
0 0.217361 0.040600 0.143056 0.027066
0 0.353819 0.040600 0.129861 0.027066
0 0.201042 0.062282 0.110417 0.022119
3 0.068056 0.028522 0.136111 0.057043
3 0.708333 0.052969 0.116667 0.048894
3 0.834722 0.052969 0.136111 0.048894
3 0.301389 0.028522 0.097222 0.048894
