3 0.068056 0.038281 0.136111 0.076563
3 0.611111 0.071094 0.116667 0.065625
3 0.727778 0.071094 0.116667 0.065625
3 0.844444 0.071094 0.116667 0.065625
3 0.542361 0.038281 0.097222 0.065625
8 0.500000 0.030078 1.000000 0.060156
3 0.500000 0.139453 1.000000 0.060156
8 0.500000 0.134961 0.951389 0.122266
4 0.500000 0.244336 0.951389 0.122266
8 0.132292 0.244336 0.215972 0.122266
1 0.132292 0.244336 0.215972 0.122266
8 0.500000 0.233789 1.000000 0.048047
0 0.186458 0.341797 0.299306 0.031250
8 0.500000 0.279687 1.000000 0.043750
0 0.097569 0.389062 0.121528 0.029687
0 0.161806 0.389062 0.006944 0.029687
0 0.569097 0.389062 0.788194 0.029687
8 0.500000 0.323437 1.000000 0.043750
0 0.069792 0.432812 0.065972 0.029687
0 0.106250 0.432812 0.006944 0.029687
0 0.541319 0.432812 0.843750 0.029687
8 0.500000 0.367188 1.000000 0.043750
0 0.193403 0.476562 0.313194 0.029687
0 0.353472 0.476562 0.006944 0.029687
0 0.664931 0.476562 0.596528 0.029687
8 0.500000 0.413086 1.000000 0.048047
0 0.214236 0.521094 0.354861 0.031250
8 0.500000 0.458984 1.000000 0.043750
0 0.097569 0.568359 0.121528 0.029687
0 0.161806 0.568359 0.006944 0.029687
0 0.569097 0.568359 0.788194 0.029687
8 0.500000 0.502734 1.000000 0.043750
0 0.069792 0.612109 0.065972 0.029687
0 0.106250 0.612109 0.006944 0.029687
0 0.541319 0.612109 0.843750 0.029687
4 0.907639 0.882422 0.136111 0.076563
