0 0.401389 0.071094 0.730556 0.076563
3 0.825000 0.071094 0.116667 0.065625
3 0.941667 0.071094 0.116667 0.065625
4 0.500000 0.258398 0.883333 0.232422
1 0.269444 0.258398 0.422222 0.232422
0 0.711111 0.174219 0.422222 0.042188
0 0.711111 0.346875 0.422222 0.033594
0 0.711111 0.302344 0.422222 0.033594
4 0.264931 0.523633 0.407639 0.229297
1 0.264931 0.483398 0.407639 0.148828
0 0.264931 0.578906 0.407639 0.042188
4 0.735764 0.523633 0.406250 0.229297
1 0.735764 0.483398 0.406250 0.148828
0 0.735764 0.578906 0.406250 0.042188
4 0.264931 0.766016 0.407639 0.183594
1 0.264931 0.748633 0.407639 0.148828
0 0.264931 0.840430 0.407639 0.034766
4 0.735764 0.766016 0.406250 0.183594
1 0.735764 0.748633 0.406250 0.148828
0 0.735764 0.840430 0.406250 0.034766
3 0.085764 0.896875 0.171528 0.075000
1 0.081944 0.883984 0.048611 0.049219
3 0.261111 0.896875 0.179167 0.075000
1 0.261111 0.883398 0.051389 0.048047
3 0.440278 0.896875 0.179167 0.075000
1 0.440278 0.881250 0.058333 0.043750
3 0.619444 0.896875 0.179167 0.075000
1 0.619444 0.883398 0.051389 0.048047
3 0.854514 0.896875 0.290972 0.075000
1 0.857986 0.876563 0.043750 0.034375
0 0.857986 0.908594 0.143750 0.029687
