1 0.500000 0.232422 0.291667 0.164062
0 0.214236 0.425000 0.234028 0.029687
0 0.562153 0.425000 0.413194 0.029687
0 0.214236 0.482422 0.234028 0.029687
0 0.562153 0.482422 0.413194 0.029687
0 0.214236 0.539844 0.234028 0.029687
0 0.562153 0.539844 0.413194 0.029687
0 0.214236 0.597266 0.234028 0.029687
0 0.562153 0.597266 0.413194 0.029687
0 0.214236 0.654687 0.234028 0.029687
0 0.562153 0.654687 0.413194 0.029687
3 0.316319 0.752734 0.364583 0.039844
3 0.717361 0.748633 0.291667 0.048047
0 0.373264 0.070898 0.396528 0.036328
3 0.068056 0.038281 0.136111 0.076563
