8 0.500000 0.412500 1.000000 0.825000
4 0.500000 0.210547 0.291667 0.164062
0 0.500000 0.210547 0.156944 0.083594
1 0.500000 0.210547 0.291667 0.164062
5 0.500000 0.353516 1.000000 0.082031
5 0.500000 0.349023 0.951389 0.058984
5 0.500000 0.436328 1.000000 0.082031
5 0.500000 0.431836 0.951389 0.058984
5 0.500000 0.519141 1.000000 0.082031
5 0.500000 0.522266 0.951389 0.074219
5 0.500000 0.601953 1.000000 0.082031
5 0.500000 0.605078 0.951389 0.074219
0 0.500000 0.680664 1.000000 0.066797
3 0.500000 0.774219 0.951389 0.065625
0 0.212153 0.070898 0.346528 0.029297
4 0.500000 0.868750 1.000000 0.065625
0 0.417708 0.901563 0.777083 0.060937
3 0.888542 0.901563 0.164583 0.065625
