3 0.068056 0.038281 0.136111 0.076563
3 0.941667 0.071094 0.116667 0.065625
1 0.500000 0.158594 0.175000 0.098437
0 0.465625 0.244531 0.214583 0.029687
2 0.606944 0.244531 0.029167 0.016406
0 0.434722 0.279492 0.158333 0.018359
0 0.557639 0.279492 0.048611 0.018359
0 0.598611 0.279492 0.013889 0.018359
2 0.629861 0.008984 0.029167 0.016406
4 0.166667 0.380078 0.333333 0.076563
0 0.166667 0.366016 0.019444 0.025781
0 0.166667 0.395508 0.125000 0.022266
4 0.500000 0.380078 0.333333 0.076563
0 0.500000 0.366016 0.019444 0.025781
0 0.499653 0.395508 0.125694 0.022266
4 0.833333 0.380078 0.333333 0.076563
0 0.833333 0.366016 0.019444 0.025781
0 0.832986 0.395508 0.102083 0.022266
4 0.500000 0.457031 1.000000 0.076563
1 0.068056 0.457031 0.058333 0.032813
0 0.233681 0.457031 0.117361 0.029687
0 0.952778 0.456836 0.016667 0.022266
4 0.500000 0.533984 1.000000 0.076563
1 0.068056 0.038281 0.058333 0.032813
0 0.220486 0.533984 0.090972 0.029687
1 0.930556 0.533984 0.061111 0.016406
4 0.500000 0.611328 1.000000 0.076563
1 0.068056 0.611328 0.058333 0.032813
0 0.225000 0.611328 0.100000 0.029687
0 0.952778 0.611133 0.016667 0.022266
4 0.500000 0.688281 1.000000 0.076563
0 0.253819 0.688281 0.157639 0.029687
1 0.883333 0.688281 0.155556 0.043750
4 0.500000 0.765234 1.000000 0.076563
0 0.245833 0.765234 0.141667 0.029687
