4 0.500000 0.070234 1.000000 0.070234
1 0.053472 0.070234 0.106944 0.035117
0 0.500000 0.070025 0.216667 0.035535
0 0.506250 0.135033 0.987500 0.059365
0 0.500000 0.078804 1.000000 0.023829
5 0.500000 0.245401 0.945833 0.066054
5 0.500000 0.318353 0.945833 0.079013
5 0.500000 0.397784 0.945833 0.079013
5 0.500000 0.477216 0.945833 0.079013
0 0.500000 0.557483 0.945833 0.080686
4 0.262847 0.637542 0.471528 0.056856
4 0.737153 0.637542 0.471528 0.056856
4 0.500000 0.736622 0.951389 0.056856
1 0.091319 0.736413 0.085417 0.033863
0 0.539931 0.736622 0.738194 0.056856
2 0.918056 0.028219 0.018056 0.016304
3 0.500000 0.806020 0.951389 0.052676
