8 0.500000 0.450781 1.000000 0.901563
4 0.500000 0.483594 1.000000 0.901563
8 0.500000 0.315625 1.000000 0.631250
8 0.500000 0.768750 1.000000 0.270313
8 0.500000 0.800391 1.000000 0.267969
1 0.878472 0.866016 0.145833 0.082031
1 0.500000 0.315625 1.000000 0.565625
1 0.150694 0.194141 0.223611 0.125781
1 0.151042 0.194336 0.209028 0.117578
4 0.384375 0.158789 0.165972 0.033203
0 0.325694 0.158789 0.048611 0.033203
0 0.414931 0.163086 0.104861 0.018359
0 0.495486 0.159766 0.007639 0.024219
4 0.582639 0.158789 0.166667 0.033203
0 0.535764 0.158789 0.024306 0.033203
0 0.613194 0.163086 0.105556 0.018359
4 0.571528 0.224219 0.540278 0.056250
0 0.571181 0.224219 0.189583 0.029687
1 0.050000 0.028125 0.048611 0.027344
1 0.910069 0.008203 0.053472 0.016406
0 0.500000 0.297266 1.000000 0.047656
0 0.500000 0.350586 1.000000 0.058984
3 0.300000 0.403906 0.600000 0.047656
3 0.800000 0.403906 0.400000 0.047656
0 0.183333 0.466016 0.288889 0.043750
0 0.120833 0.499023 0.163889 0.022266
0 0.093403 0.540430 0.109028 0.022266
0 0.125694 0.562695 0.173611 0.022266
1 0.051042 0.028711 0.102083 0.057422
1 0.910069 0.545117 0.072917 0.041016
4 0.166667 0.631250 0.333333 0.065625
0 0.166667 0.622070 0.333333 0.027734
0 0.166667 0.645117 0.333333 0.018359
4 0.500000 0.631250 0.333333 0.065625
0 0.500000 0.622070 0.333333 0.027734
0 0.500000 0.645117 0.333333 0.018359
4 0.833333 0.631250 0.333333 0.065625
0 0.833333 0.622070 0.333333 0.027734
0 0.833333 0.645117 0.333333 0.018359
3 0.068056 0.038281 0.136111 0.076563
3 0.825000 0.071094 0.116667 0.065625
3 0.941667 0.071094 0.116667 0.065625
