8 0.500000 0.516406 1.000000 0.835938
4 0.500000 0.516406 1.000000 0.835938
8 0.500000 0.170117 1.000000 0.340234
8 0.500000 0.670898 1.000000 0.658203
1 0.500000 0.167187 0.243056 0.137500
0 0.500000 0.257812 1.000000 0.043750
4 0.499653 0.308203 0.265972 0.057031
0 0.414236 0.308203 0.046528 0.022656
0 0.535069 0.308203 0.195139 0.029687
0 0.166667 0.354883 0.027778 0.036328
0 0.500000 0.354883 0.027778 0.036328
0 0.833333 0.354883 0.027778 0.036328
3 0.166667 0.032813 0.333333 0.065625
3 0.500000 0.032813 0.333333 0.065625
3 0.833333 0.032813 0.333333 0.065625
3 0.068056 0.032813 0.136111 0.065625
