0 0.210764 0.070898 0.129861 0.036328
3 0.068056 0.038281 0.136111 0.076563
3 0.048611 0.038281 0.097222 0.065625
4 0.053472 0.898438 0.087500 0.052344
4 0.941667 0.898438 0.097222 0.052344
4 0.841667 0.901172 0.077778 0.043750
4 0.456250 0.900977 0.693056 0.041016
8 0.487500 0.031836 0.975000 0.063672
4 0.742708 0.140820 0.265972 0.046484
2 0.041319 0.023242 0.043750 0.024609
0 0.768403 0.140820 0.175694 0.024609
4 0.931597 0.140820 0.082639 0.046484
8 0.487500 0.109180 0.975000 0.091016
1 0.107986 0.224023 0.142361 0.080078
0 0.292014 0.211328 0.177083 0.025781
0 0.426042 0.211328 0.075694 0.025781
0 0.296528 0.238477 0.186111 0.022266
8 0.487500 0.219531 0.936111 0.128906
3 0.500000 0.328906 0.936111 0.128906
8 0.500000 0.634180 0.975000 0.467578
1 0.500000 0.634180 0.950000 0.467578
4 0.500000 0.521875 1.000000 0.825000
1 0.203819 0.217188 0.113194 0.065625
1 0.499653 0.521875 0.277083 0.269531
0 0.500000 0.715039 0.902778 0.062109
