3 0.698611 0.071094 0.136111 0.065625
3 0.834722 0.071094 0.136111 0.065625
3 0.320833 0.038281 0.097222 0.065625
1 0.058333 0.038281 0.116667 0.076563
0 0.162153 0.071094 0.032639 0.043750
7 0.250000 0.032813 0.500000 0.065625
0 0.250000 0.142187 0.069444 0.025781
7 0.750000 0.032813 0.500000 0.065625
0 0.750000 0.142187 0.131944 0.025781
8 0.500000 0.413867 1.000000 0.477734
1 0.500000 0.339844 0.479167 0.269531
3 0.308333 0.563672 0.383333 0.054688
3 0.691667 0.563672 0.383333 0.054688
3 0.500000 0.680078 0.766667 0.054688
3 0.500000 0.764844 0.766667 0.054688
3 0.500000 0.863281 0.766667 0.054688
