4 0.483221 0.075669 0.966443 0.081104
1 0.483221 0.075460 0.394631 0.033027
4 0.901342 0.075669 0.106040 0.066054
0 0.000336 0.116430 0.000671 0.000418
4 0.483221 0.442099 0.966443 0.883361
8 0.483221 0.191890 0.966443 0.383779
1 0.483221 0.162625 0.966443 0.325251
0 0.441946 0.149457 0.248993 0.044732
0 0.613758 0.155100 0.070470 0.022575
0 0.807718 0.155100 0.317450 0.022575
0 0.424497 0.202759 0.214094 0.036789
0 0.621477 0.202759 0.016107 0.027592
0 0.653020 0.205268 0.032215 0.017559
0 0.846309 0.202759 0.037584 0.027592
0 0.881544 0.205268 0.018121 0.017559
0 0.462081 0.252299 0.289262 0.044732
0 0.462081 0.281773 0.289262 0.022575
0 0.779866 0.252299 0.028188 0.044732
0 0.821812 0.257525 0.046309 0.024247
0 0.805705 0.281773 0.297315 0.022575
1 0.152685 0.207567 0.258389 0.160953
4 0.121812 0.376463 0.176510 0.109950
4 0.315101 0.376463 0.176510 0.109950
4 0.508389 0.376463 0.176510 0.109950
4 0.701678 0.376463 0.176510 0.109950
4 0.886577 0.376463 0.159732 0.109950
3 0.856376 0.471781 0.220134 0.053930
0 0.373154 0.471781 0.746309 0.053930
