0 0.215748 0.071094 0.144969 0.032813
3 0.055713 0.038281 0.111427 0.076563
3 0.084991 0.138867 0.169983 0.058984
3 0.266345 0.138867 0.192723 0.058984
3 0.590677 0.138867 0.455941 0.058984
8 0.409323 0.383008 0.818647 0.766016
1 0.230813 0.326953 0.397953 0.273438
3 0.230813 0.430859 0.397953 0.065625
0 0.409323 0.508984 0.754974 0.046875
0 0.409323 0.558398 0.754974 0.030078
0 0.081012 0.597461 0.098351 0.026172
0 0.189312 0.597266 0.102331 0.025781
3 0.173394 0.648828 0.283115 0.076563
0 0.285105 0.789648 0.538374 0.030078
4 0.731097 0.874219 0.111427 0.076563
