4 0.500000 0.517559 1.000000 0.964883
1 0.500000 0.202968 1.000000 0.335702
3 0.068056 0.040970 0.136111 0.064381
4 0.053472 0.032191 0.106944 0.064381
1 0.946528 0.067308 0.077778 0.046823
4 0.793403 0.032191 0.199306 0.046823
1 0.793056 0.067308 0.155556 0.046823
4 0.500000 0.714674 0.961111 0.570652
8 0.480556 0.021321 0.961111 0.042642
0 0.500000 0.450669 0.961111 0.042642
8 0.480556 0.147993 0.961111 0.211538
0 0.259028 0.496656 0.430556 0.050167
0 0.715278 0.496656 0.481944 0.050167
0 0.078472 0.557692 0.069444 0.071906
0 0.138542 0.622283 0.189583 0.057274
1 0.397917 0.571488 0.116667 0.070234
0 0.499653 0.571697 0.086806 0.063963
1 0.601389 0.571488 0.116667 0.070234
0 0.929861 0.557692 0.052778 0.071906
0 0.915278 0.622283 0.081944 0.057274
8 0.480556 0.359114 0.961111 0.211538
0 0.264236 0.707776 0.440972 0.050167
0 0.720486 0.707776 0.471528 0.050167
0 0.070139 0.768813 0.052778 0.071906
0 0.150000 0.833403 0.212500 0.057274
1 0.397917 0.782609 0.116667 0.070234
0 0.499653 0.782818 0.086806 0.063963
1 0.601389 0.782609 0.116667 0.070234
0 0.938542 0.768813 0.035417 0.071906
0 0.915278 0.833403 0.081944 0.057274
8 0.480556 0.570234 0.961111 0.211538
0 0.279514 0.918896 0.471528 0.050167
0 0.735764 0.918896 0.440972 0.050167
0 0.076389 0.971990 0.065278 0.056020
1 0.397917 0.979306 0.116667 0.041388
0 0.499653 0.980978 0.086806 0.038043
1 0.601389 0.979306 0.116667 0.041388
0 0.927778 0.971990 0.056944 0.056020
3 0.150000 0.405936 0.155556 0.070234
1 0.150000 0.401756 0.077778 0.046823
3 0.450694 0.405936 0.155556 0.070234
1 0.450694 0.401756 0.077778 0.046823
3 0.752083 0.405936 0.155556 0.070234
1 0.752083 0.401756 0.077778 0.046823
4 0.951389 0.400084 0.097222 0.058528
1 0.951389 0.400084 0.077778 0.046823
