4 0.060764 0.071094 0.121528 0.076563
2 0.060417 0.038281 0.040278 0.022656
0 0.500000 0.073047 0.091667 0.033594
4 0.499653 0.198633 0.179861 0.101172
2 0.167708 0.094336 0.024306 0.013672
6 0.413194 0.302734 0.100000 0.056250
6 0.586111 0.302734 0.100000 0.056250
4 0.500000 0.408594 0.897222 0.066406
0 0.155903 0.408398 0.125694 0.035547
5 0.832639 0.408594 0.177778 0.066406
4 0.500000 0.498437 0.897222 0.066406
0 0.175000 0.498242 0.163889 0.035547
4 0.500000 0.593555 0.897222 0.076953
0 0.213194 0.593555 0.240278 0.035547
