1 0.500000 0.153022 1.000000 0.270039
4 0.500000 0.153022 1.000000 0.270039
0 0.188889 0.249893 0.300000 0.024003
0 0.159375 0.268967 0.240972 0.014145
4 0.902778 0.258037 0.116667 0.036005
4 0.500000 0.306044 1.000000 0.036005
0 0.214236 0.306044 0.350694 0.018003
0 0.305556 0.345907 0.533333 0.018003
0 0.282986 0.361980 0.488194 0.014145
4 0.500000 0.405272 1.000000 0.046721
1 0.087500 0.405272 0.097222 0.030004
0 0.568056 0.405272 0.786111 0.034719
8 0.500000 0.489070 1.000000 0.047150
4 0.500000 0.495071 1.000000 0.035148
7 0.166667 0.018003 0.333333 0.036005
0 0.166667 0.447492 0.111111 0.014145
7 0.500000 0.018003 0.333333 0.036005
0 0.500000 0.447492 0.155556 0.014145
7 0.833333 0.018003 0.333333 0.036005
0 0.832986 0.447492 0.132639 0.014145
0 0.301389 0.038898 0.252778 0.019931
4 0.068056 0.021003 0.136111 0.042006
3 0.500000 0.494642 1.000000 0.036005
4 0.893056 0.479640 0.136111 0.042006
