4 0.496612 0.149913 0.993224 0.090988
1 0.203291 0.149913 0.203291 0.090988
1 0.887706 0.149913 0.040658 0.035529
0 0.536302 0.149697 0.360116 0.040295
4 0.496612 0.339688 0.993224 0.090988
1 0.045015 0.045277 0.090029 0.040295
0 0.511133 0.045494 0.842207 0.090988
4 0.496612 0.430676 0.993224 0.090988
4 0.496612 0.521664 0.993224 0.090988
4 0.496612 0.612652 0.993224 0.090988
4 0.496612 0.703640 0.993224 0.090988
4 0.230881 0.972704 0.461762 0.054593
2 0.087125 0.012132 0.054211 0.024263
0 0.087609 0.036612 0.175218 0.024697
4 0.727493 0.972704 0.531462 0.054593
2 0.121975 0.012132 0.054211 0.024263
0 0.121975 0.036612 0.243950 0.024697
