1 0.500000 0.128516 1.000000 0.191406
0 0.500000 0.289648 0.766667 0.036328
3 0.941667 0.289844 0.116667 0.065625
1 0.941667 0.289844 0.058333 0.032813
0 0.435417 0.333789 0.194444 0.022266
0 0.609375 0.333789 0.104861 0.022266
1 0.500000 0.196875 0.194444 0.109375
3 0.068056 0.038281 0.136111 0.076563
3 0.727778 0.071094 0.116667 0.065625
3 0.844444 0.071094 0.116667 0.065625
3 0.281944 0.038281 0.097222 0.065625
8 0.500000 0.137305 1.000000 0.252734
2 0.948958 0.388477 0.043750 0.024609
3 0.072917 0.388672 0.145833 0.043750
0 0.179514 0.388672 0.067361 0.043750
4 0.823958 0.487695 0.274306 0.154297
1 0.823958 0.487695 0.274306 0.154297
0 0.828819 0.548438 0.264583 0.032813
0 0.500000 0.424414 0.922222 0.027734
4 0.165972 0.592187 0.331944 0.054688
0 0.165625 0.591992 0.152083 0.022266
0 0.499306 0.592187 0.215278 0.027344
4 0.833681 0.592187 0.332639 0.054688
1 0.776389 0.592187 0.058333 0.032813
0 0.833333 0.591992 0.016667 0.022266
1 0.890278 0.592187 0.058333 0.032813
8 0.500000 0.628906 1.000000 0.708594
2 0.948958 0.652148 0.043750 0.024609
3 0.112153 0.652344 0.224306 0.043750
0 0.262500 0.652344 0.076389 0.043750
0 0.357292 0.652344 0.113194 0.043750
3 0.500000 0.828125 1.000000 0.212500
1 0.500000 0.828125 1.000000 0.212500
3 0.871528 0.861914 0.179167 0.101172
