0 0.499653 0.071488 0.129861 0.037625
1 0.948264 0.071697 0.064583 0.038880
4 0.500000 0.424331 1.000000 0.632107
8 0.500000 0.039507 1.000000 0.079013
1 0.063194 0.147575 0.087500 0.052676
0 0.553472 0.147784 0.873611 0.079013
1 0.970833 0.039298 0.038889 0.035117
8 0.500000 0.118520 1.000000 0.079013
1 0.063194 0.226589 0.087500 0.052676
0 0.553472 0.226798 0.873611 0.079013
8 0.500000 0.197533 1.000000 0.079013
1 0.063194 0.305602 0.087500 0.052676
0 0.553472 0.305811 0.873611 0.079013
8 0.500000 0.276547 1.000000 0.079013
1 0.063194 0.384615 0.087500 0.052676
0 0.553472 0.384824 0.873611 0.079013
8 0.500000 0.355560 1.000000 0.079013
1 0.063194 0.463629 0.087500 0.052676
0 0.553472 0.463838 0.873611 0.079013
8 0.500000 0.434574 1.000000 0.079013
1 0.063194 0.542642 0.087500 0.052676
0 0.553472 0.542851 0.873611 0.079013
8 0.500000 0.513587 1.000000 0.079013
1 0.063194 0.621656 0.087500 0.052676
0 0.553472 0.621865 0.873611 0.079013
8 0.500000 0.592600 1.000000 0.079013
1 0.063194 0.700669 0.087500 0.052676
0 0.553472 0.700878 0.873611 0.079013
