3 0.166667 0.044732 0.333333 0.089465
4 0.500000 0.044732 0.333333 0.089465
0 0.499653 0.150084 0.079861 0.031773
3 0.833333 0.044732 0.333333 0.089465
1 0.867361 0.255435 0.194444 0.058528
1 0.932986 0.243729 0.043750 0.035117
1 0.500000 0.328595 0.223611 0.134615
1 0.122917 0.278846 0.175000 0.105351
0 0.500000 0.436873 0.151389 0.046823
0 0.500000 0.491639 0.273611 0.027592
0 0.167708 0.579431 0.109028 0.027592
0 0.172222 0.624582 0.118056 0.027592
0 0.369444 0.579431 0.084722 0.027592
0 0.369444 0.624582 0.084722 0.027592
0 0.146875 0.712375 0.067361 0.027592
0 0.387847 0.712375 0.121528 0.027592
0 0.788542 0.753554 0.274306 0.019649
0 0.156944 0.799331 0.087500 0.027592
3 0.115972 0.017559 0.231944 0.035117
1 0.069444 0.017559 0.138889 0.035117
0 0.069097 0.017559 0.059028 0.025920
1 0.538194 0.834448 0.155556 0.030936
1 0.809028 0.834448 0.155556 0.030936
4 0.174653 0.035117 0.309028 0.070234
1 0.068750 0.070234 0.077778 0.046823
0 0.213542 0.070025 0.192361 0.035535
3 0.931944 0.070234 0.136111 0.070234
