4 0.500000 0.517559 1.000000 0.964883
3 0.068056 0.040970 0.136111 0.081940
1 0.500000 0.040970 0.388889 0.064381
4 0.053472 0.032191 0.106944 0.064381
1 0.946528 0.076087 0.077778 0.046823
1 0.500000 0.292642 1.000000 0.351171
0 0.499653 0.198161 0.261806 0.045987
0 0.199306 0.247701 0.301389 0.023829
0 0.906944 0.247701 0.088889 0.023829
0 0.254861 0.286162 0.412500 0.023829
0 0.913542 0.286162 0.075694 0.023829
0 0.255903 0.324624 0.414583 0.023829
0 0.913542 0.324624 0.075694 0.023829
0 0.150694 0.363085 0.204167 0.023829
0 0.908333 0.363085 0.086111 0.023829
7 0.125000 0.035117 0.250000 0.070234
0 0.125000 0.503135 0.080556 0.023829
7 0.375000 0.035117 0.250000 0.070234
0 0.375000 0.503135 0.066667 0.023829
7 0.625000 0.035117 0.250000 0.070234
0 0.624653 0.503135 0.143750 0.023829
7 0.875000 0.035117 0.250000 0.070234
0 0.875000 0.503135 0.113889 0.023829
8 0.500000 0.095109 1.000000 0.190217
0 0.265625 0.570652 0.468750 0.050167
0 0.734375 0.570652 0.468750 0.050167
0 0.080556 0.631062 0.098611 0.070652
0 0.111458 0.694816 0.160417 0.056856
1 0.382639 0.630853 0.116667 0.070234
0 0.500000 0.627090 0.118056 0.062709
1 0.617361 0.630853 0.116667 0.070234
0 0.919444 0.631062 0.098611 0.070652
0 0.906597 0.694816 0.072917 0.056856
8 0.500000 0.285326 1.000000 0.190217
0 0.265625 0.760870 0.468750 0.050167
0 0.734375 0.760870 0.468750 0.050167
0 0.055903 0.821279 0.049306 0.070652
0 0.111458 0.885033 0.160417 0.056856
1 0.382639 0.821070 0.116667 0.070234
0 0.500000 0.817308 0.118056 0.062709
1 0.617361 0.821070 0.116667 0.070234
0 0.919444 0.821279 0.098611 0.070652
0 0.906597 0.885033 0.072917 0.056856
8 0.500000 0.475543 1.000000 0.190217
0 0.265625 0.951087 0.468750 0.050167
0 0.734375 0.951087 0.468750 0.050167
0 0.080556 0.988085 0.098611 0.023829
1 0.382639 0.988085 0.116667 0.023829
0 0.500000 0.988085 0.118056 0.023829
1 0.617361 0.988085 0.116667 0.023829
0 0.919444 0.988085 0.098611 0.023829
4 0.500000 0.036580 1.000000 0.073161
4 0.038889 0.923913 0.077778 0.046823
