0 0.246528 0.070898 0.143056 0.036328
3 0.068056 0.038281 0.136111 0.076563
1 0.500000 0.179688 0.152778 0.085938
0 0.182292 0.263086 0.364583 0.033203
0 0.394097 0.263086 0.010417 0.033203
3 0.566667 0.263281 0.286111 0.053906
0 0.182292 0.316992 0.364583 0.033203
0 0.394097 0.316992 0.010417 0.033203
3 0.495486 0.317188 0.143750 0.053906
0 0.182292 0.370898 0.364583 0.033203
0 0.394097 0.370898 0.010417 0.033203
3 0.610069 0.371094 0.372917 0.053906
0 0.182292 0.424805 0.364583 0.033203
0 0.394097 0.424805 0.010417 0.033203
3 0.482986 0.425000 0.118750 0.053906
3 0.500000 0.828516 0.211111 0.025781
3 0.500000 0.887891 0.951389 0.065625
