4 0.072917 0.071697 0.145833 0.073161
1 0.072917 0.071488 0.047222 0.029264
4 0.635417 0.071697 0.145833 0.073161
1 0.635069 0.071488 0.053472 0.025084
0 0.675694 0.057483 0.040278 0.029682
4 0.781250 0.071697 0.145833 0.073161
1 0.781250 0.071697 0.061111 0.026338
4 0.927083 0.071697 0.145833 0.073161
1 0.926736 0.071488 0.072917 0.025084
4 0.500000 0.445861 1.000000 0.891722
4 0.181597 0.033027 0.318750 0.051003
0 0.181597 0.141304 0.318750 0.051003
4 0.500347 0.033027 0.318750 0.051003
0 0.500347 0.141304 0.318750 0.051003
4 0.818750 0.033027 0.318056 0.051003
0 0.818750 0.141304 0.318056 0.051003
1 0.500000 0.000209 0.951389 0.000418
4 0.500000 0.587375 1.000000 0.825251
0 0.500000 0.198370 0.947222 0.023829
0 0.500000 0.233905 0.947222 0.023829
0 0.500000 0.269440 0.947222 0.023829
0 0.500000 0.315217 0.947222 0.044314
0 0.500000 0.360995 0.947222 0.023829
0 0.500000 0.396530 0.947222 0.023829
0 0.500000 0.432065 0.947222 0.023829
0 0.500000 0.467600 0.947222 0.023829
0 0.500000 0.503135 0.947222 0.023829
0 0.500000 0.538671 0.947222 0.023829
0 0.500000 0.574206 0.947222 0.023829
0 0.500000 0.609741 0.947222 0.023829
0 0.500000 0.645276 0.947222 0.023829
0 0.500000 0.680811 0.947222 0.023829
0 0.500000 0.716346 0.947222 0.023829
0 0.500000 0.762124 0.947222 0.044314
0 0.500000 0.807901 0.947222 0.023829
0 0.500000 0.843436 0.947222 0.023829
0 0.500000 0.878972 0.947222 0.023829
0 0.500000 0.924749 0.947222 0.044314
1 0.500000 0.073579 1.000000 0.000836
