0 0.519097 0.075878 0.332639 0.035535
4 0.068056 0.040970 0.136111 0.081940
4 0.500000 0.154264 1.000000 0.074415
1 0.096528 0.031773 0.087500 0.052676
0 0.337847 0.154055 0.259028 0.028010
4 0.500000 0.230351 1.000000 0.074415
0 0.380556 0.230142 0.344444 0.028010
4 0.500000 0.306438 1.000000 0.074415
0 0.405208 0.306229 0.393750 0.028010
8 0.500000 0.037207 1.000000 0.074415
1 0.111111 0.382525 0.087500 0.052676
0 0.277083 0.371446 0.137500 0.033027
0 0.420139 0.398829 0.423611 0.021739
4 0.888194 0.382525 0.194444 0.063545
1 0.888194 0.382525 0.058333 0.035117
4 0.500000 0.954431 1.000000 0.091137
0 0.500000 0.954222 0.418056 0.033027
