4 0.500000 0.521875 1.000000 0.825000
8 0.500000 0.027344 1.000000 0.054688
0 0.500000 0.135937 0.951389 0.025781
8 0.500000 0.095703 1.000000 0.082031
0 0.187153 0.204297 0.325694 0.025781
0 0.621528 0.204297 0.543056 0.025781
0 0.934375 0.204297 0.082639 0.053125
8 0.500000 0.178320 1.000000 0.083203
0 0.194792 0.286719 0.340972 0.025781
5 0.617014 0.286914 0.454861 0.054297
0 0.913889 0.286719 0.113889 0.025781
8 0.500000 0.275977 1.000000 0.112109
6 0.237847 0.034766 0.427083 0.062500
3 0.262153 0.377734 0.420139 0.058594
6 0.713542 0.034766 0.427083 0.062500
3 0.737847 0.377734 0.420139 0.058594
8 0.500000 0.373633 1.000000 0.083203
0 0.197917 0.482031 0.347222 0.025781
5 0.685764 0.482227 0.579861 0.054297
8 0.500000 0.494531 1.000000 0.158594
3 0.130903 0.561523 0.213194 0.046484
6 0.158333 0.034766 0.268056 0.062500
3 0.182639 0.619531 0.261111 0.058594
6 0.475347 0.034766 0.268750 0.062500
3 0.499653 0.619531 0.261806 0.058594
6 0.792708 0.034766 0.268750 0.062500
3 0.817014 0.619531 0.261806 0.058594
0 0.342361 0.070898 0.334722 0.036328
3 0.068056 0.038281 0.136111 0.076563
3 0.937500 0.071094 0.125000 0.065625
