8 0.500000 0.483594 1.000000 0.901563
1 0.089931 0.134180 0.131250 0.073828
0 0.258681 0.112109 0.152083 0.029687
0 0.367014 0.140039 0.368750 0.020703
0 0.207986 0.162109 0.050694 0.017969
4 0.926736 0.893164 0.121528 0.068359
3 0.067361 0.226562 0.109722 0.061719
4 0.932639 0.139063 0.109722 0.061719
1 0.310069 0.893164 0.121528 0.068359
1 0.793403 0.893164 0.121528 0.068359
4 0.297222 0.157031 0.320833 0.111719
2 0.010764 0.037695 0.021528 0.024609
0 0.307986 0.244531 0.299306 0.111719
4 0.169792 0.058789 0.320139 0.041016
0 0.169792 0.058789 0.271528 0.041016
4 0.499653 0.058789 0.320139 0.041016
0 0.499653 0.058789 0.271528 0.041016
4 0.829861 0.058789 0.320833 0.041016
