0 0.438889 0.063863 0.527778 0.029909
3 0.068056 0.034483 0.136111 0.068966
0 0.117014 0.133181 0.185417 0.020056
3 0.500000 0.190711 1.000000 0.070373
0 0.866667 0.190711 0.266667 0.070373
0 0.259375 0.260556 0.470139 0.020056
3 0.500000 0.318086 0.951389 0.021112
0 0.955208 0.318086 0.040972 0.021112
3 0.500000 0.389163 1.000000 0.070373
0 0.115625 0.459008 0.182639 0.020056
8 0.207292 0.092365 0.364583 0.184729
1 0.206944 0.544511 0.150000 0.113652
0 0.206944 0.637227 0.129167 0.021112
0 0.285764 0.527797 0.207639 0.104856
0 0.224653 0.694757 0.400694 0.020056
0 0.871528 0.769704 0.208333 0.105208
0 0.500000 0.774806 0.593056 0.041520
6 0.500000 0.824595 0.115278 0.033427
