0 0.314236 0.070898 0.336806 0.036328
3 0.068056 0.038281 0.136111 0.076563
3 0.932986 0.071094 0.134028 0.065625
0 0.500000 0.163672 1.000000 0.042969
0 0.500000 0.224219 1.000000 0.056250
0 0.082986 0.295117 0.088194 0.025391
5 0.500000 0.349805 0.922222 0.062109
4 0.500000 0.465625 1.000000 0.125781
0 0.101389 0.415430 0.125000 0.025391
5 0.500000 0.470117 0.922222 0.062109
3 0.500000 0.569531 1.000000 0.076563
3 0.500000 0.646094 1.000000 0.076563
6 0.922222 0.569531 0.077778 0.076563
6 0.922222 0.646094 0.077778 0.076563
4 0.500000 0.774609 1.000000 0.131250
1 0.097222 0.774609 0.116667 0.065625
0 0.372222 0.774609 0.355556 0.033594
