1 0.172569 0.024977 0.345139 0.049953
3 0.715625 0.119631 0.432639 0.038982
0 0.500000 0.183473 0.495833 0.021475
5 0.500000 0.224206 0.941667 0.033847
5 0.500000 0.271125 0.941667 0.033847
3 0.205903 0.332049 0.353472 0.033847
3 0.500347 0.332049 0.235417 0.033847
3 0.794444 0.332049 0.352778 0.033847
3 0.500000 0.380486 0.941667 0.036881
1 0.916667 0.380369 0.040278 0.021709
5 0.500000 0.428922 0.941667 0.033847
5 0.500000 0.475840 0.941667 0.033847
0 0.500000 0.532446 0.941667 0.025210
5 0.500000 0.558240 0.941667 0.000233
0 0.236806 0.042367 0.181944 0.021709
3 0.068056 0.022876 0.136111 0.045752
