3 0.063194 0.065625 0.087500 0.049219
4 0.475000 0.065625 0.116667 0.065625
4 0.591667 0.065625 0.116667 0.065625
4 0.708333 0.065625 0.116667 0.065625
4 0.825000 0.065625 0.116667 0.065625
4 0.941667 0.065625 0.116667 0.065625
0 0.500000 0.114844 1.000000 0.032813
3 0.172222 0.154297 0.105556 0.045312
3 0.327431 0.154297 0.104861 0.045312
0 0.600694 0.168555 0.200000 0.024609
0 0.600694 0.193164 0.200000 0.024609
0 0.600694 0.217773 0.200000 0.024609
0 0.776389 0.143945 0.150000 0.024609
0 0.926042 0.143945 0.147917 0.024609
0 0.776389 0.168555 0.150000 0.024609
0 0.926042 0.168555 0.147917 0.024609
0 0.776389 0.193164 0.150000 0.024609
0 0.926042 0.193164 0.147917 0.024609
0 0.776389 0.217773 0.150000 0.024609
0 0.926042 0.217773 0.147917 0.024609
8 0.500000 0.319336 1.000000 0.638672
4 0.500000 0.287500 1.000000 0.114844
4 0.051042 0.258789 0.102083 0.057422
0 0.500000 0.258789 0.795833 0.057422
4 0.948958 0.258789 0.102083 0.057422
4 0.688889 0.316211 0.116667 0.057422
4 0.805556 0.316211 0.116667 0.057422
4 0.922222 0.316211 0.116667 0.057422
3 0.499653 0.396875 0.293750 0.043750
4 0.166319 0.901563 0.332639 0.065625
4 0.500347 0.901563 0.335417 0.065625
4 0.834028 0.901563 0.331944 0.065625
