1 0.128819 0.181836 0.199306 0.112109
0 0.353472 0.153320 0.191667 0.033203
0 0.166667 0.282617 0.333333 0.020703
0 0.166667 0.304883 0.333333 0.041016
3 0.500000 0.295508 0.145833 0.037109
3 0.833333 0.295508 0.243056 0.037109
4 0.125000 0.033594 0.250000 0.067187
0 0.124653 0.364844 0.125694 0.024219
4 0.375000 0.033594 0.250000 0.067187
0 0.375000 0.364844 0.094444 0.024219
4 0.625000 0.033594 0.250000 0.067187
0 0.625000 0.364844 0.098611 0.024219
4 0.875000 0.033594 0.250000 0.067187
0 0.874653 0.364844 0.138194 0.024219
4 0.500000 0.667188 1.000000 0.534375
3 0.068056 0.038281 0.136111 0.076563
0 0.281944 0.070898 0.213889 0.036328
3 0.805556 0.071094 0.116667 0.065625
3 0.184722 0.038281 0.136111 0.076563
