1 0.024306 0.065625 0.048611 0.065625
1 0.218750 0.065625 0.340278 0.065625
1 0.058333 0.032813 0.116667 0.065625
0 0.093056 0.117969 0.172222 0.025781
0 0.052778 0.143750 0.091667 0.025781
5 0.597222 0.135937 0.729167 0.061719
0 0.099653 0.184766 0.185417 0.025781
0 0.080208 0.210547 0.146528 0.025781
5 0.597222 0.197656 0.729167 0.061719
0 0.076389 0.251953 0.138889 0.025781
5 0.331944 0.251953 0.198611 0.032813
0 0.273611 0.251953 0.081944 0.029687
5 0.564931 0.251953 0.267361 0.032813
0 0.481597 0.251953 0.100694 0.029687
5 0.819444 0.251953 0.241667 0.032813
0 0.761111 0.251953 0.125000 0.029687
0 0.066667 0.291797 0.119444 0.025781
5 0.376736 0.291797 0.288194 0.032813
0 0.289583 0.291797 0.113889 0.029687
0 0.052431 0.341797 0.090972 0.025781
1 0.298611 0.364453 0.126389 0.071094
0 0.119792 0.437109 0.225694 0.025781
5 0.456250 0.437109 0.447222 0.032813
0 0.397917 0.437109 0.330556 0.029687
0 0.119792 0.469922 0.225694 0.025781
5 0.432292 0.469922 0.399306 0.032813
0 0.373958 0.469922 0.282639 0.029687
0 0.119792 0.502734 0.225694 0.025781
5 0.443403 0.502734 0.421528 0.032813
0 0.329861 0.502734 0.194444 0.029687
3 0.384722 0.579688 0.320833 0.053125
3 0.708681 0.579688 0.132639 0.053125
