0 0.499653 0.071094 0.249306 0.032813
3 0.935417 0.071094 0.129167 0.076563
4 0.500000 0.240234 0.340278 0.220312
0 0.500000 0.361719 0.926389 0.022656
0 0.160764 0.417969 0.174306 0.025781
5 0.599306 0.418164 0.654167 0.026172
0 0.159375 0.494141 0.171528 0.025781
5 0.597917 0.494336 0.656944 0.026172
0 0.118403 0.570312 0.089583 0.025781
5 0.556944 0.570508 0.738889 0.026172
3 0.500000 0.646484 0.926389 0.067187
3 0.500000 0.712500 0.926389 0.067187
0 0.430208 0.794141 0.713194 0.025781
6 0.868750 0.793945 0.115278 0.037109
3 0.500000 0.885938 0.926389 0.096875
