5 0.402778 0.152174 0.727778 0.070234
5 0.402778 0.222408 0.727778 0.070234
4 0.883333 0.204849 0.155556 0.093645
8 0.500000 0.306020 1.000000 0.046823
0 0.500000 0.022157 0.130556 0.031773
3 0.922222 0.022157 0.077778 0.031773
8 0.500000 0.376254 1.000000 0.658863
5 0.500000 0.364548 0.922222 0.070234
5 0.500000 0.434783 0.922222 0.070234
5 0.500000 0.505017 0.922222 0.070234
0 0.461111 0.245819 0.922222 0.070234
4 0.065625 0.035117 0.131250 0.070234
6 0.065625 0.035117 0.131250 0.070234
4 0.196875 0.035117 0.131250 0.070234
4 0.328472 0.035117 0.131944 0.070234
6 0.065972 0.035117 0.131944 0.070234
4 0.460417 0.035117 0.131944 0.070234
4 0.592361 0.035117 0.131944 0.070234
4 0.724306 0.035117 0.131944 0.070234
4 0.856250 0.035117 0.131944 0.070234
4 0.249653 0.070234 0.499306 0.070234
0 0.249306 0.035117 0.227778 0.058528
4 0.750347 0.070234 0.499306 0.070234
0 0.249306 0.035117 0.183333 0.058528
