4 0.931944 0.071094 0.136111 0.076563
1 0.068056 0.038281 0.068056 0.038281
0 0.110417 0.070898 0.143056 0.036328
4 0.500000 0.159180 0.922222 0.099609
0 0.177083 0.159375 0.276389 0.029687
1 0.883333 0.159375 0.155556 0.088281
4 0.500000 0.252734 0.922222 0.087500
0 0.175694 0.252734 0.273611 0.029687
0 0.631944 0.252734 0.638889 0.025781
4 0.500000 0.340234 0.922222 0.087500
0 0.175694 0.340234 0.273611 0.029687
0 0.631944 0.340234 0.638889 0.025781
4 0.500000 0.427734 0.922222 0.087500
0 0.175694 0.427734 0.273611 0.029687
0 0.631944 0.427734 0.638889 0.025781
4 0.500000 0.548047 0.922222 0.087500
0 0.315278 0.548047 0.552778 0.029687
1 0.330556 0.021875 0.077778 0.043750
4 0.500000 0.635547 0.922222 0.087500
0 0.315278 0.635547 0.552778 0.029687
4 0.125000 0.901563 0.250000 0.065625
4 0.375000 0.901563 0.250000 0.065625
4 0.625000 0.901563 0.250000 0.065625
2 0.021875 0.012305 0.043750 0.024609
0 0.661458 0.886523 0.043750 0.018359
4 0.875000 0.901563 0.250000 0.065625
