0 0.500000 0.127717 1.000000 0.044732
4 0.500000 0.534699 0.951389 0.769231
8 0.475694 0.199624 0.951389 0.399247
0 0.500000 0.165970 0.951389 0.031773
0 0.161111 0.203177 0.263889 0.027592
0 0.225000 0.246656 0.391667 0.059365
0 0.225000 0.297659 0.391667 0.027592
3 0.225000 0.341137 0.391667 0.059365
0 0.225000 0.384615 0.391667 0.027592
2 0.041319 0.469273 0.024306 0.014632
2 0.041319 0.504390 0.024306 0.014632
0 0.225000 0.424122 0.391667 0.051421
3 0.239583 0.471154 0.362500 0.027592
3 0.239583 0.506271 0.362500 0.027592
1 0.698264 0.317517 0.529861 0.256271
8 0.475694 0.436664 0.951389 0.073161
1 0.063194 0.587166 0.048611 0.072324
0 0.385417 0.587375 0.580556 0.071906
8 0.475694 0.510661 0.951389 0.073161
1 0.061111 0.660744 0.048611 0.073161
0 0.273611 0.660744 0.361111 0.073161
8 0.475694 0.584657 0.951389 0.073161
1 0.061111 0.734741 0.048611 0.073161
0 0.349306 0.734741 0.512500 0.073161
8 0.475694 0.658654 0.951389 0.073161
1 0.061111 0.808737 0.048611 0.073161
0 0.312153 0.808737 0.438194 0.073161
8 0.475694 0.732651 0.951389 0.073161
1 0.061111 0.882734 0.048611 0.073161
0 0.279861 0.882734 0.373611 0.073161
1 0.490278 0.070234 0.525000 0.070234
3 0.058681 0.035117 0.117361 0.070234
2 0.019444 0.070234 0.038889 0.023411
1 0.068750 0.070234 0.077778 0.046823
3 0.931944 0.070234 0.136111 0.070234
