1 0.500000 0.235451 1.000000 0.438950
4 0.143403 0.069893 0.238194 0.033283
0 0.143056 0.069893 0.077778 0.033283
4 0.381597 0.069893 0.238194 0.033283
0 0.381597 0.069893 0.132639 0.033283
1 0.381597 0.084823 0.238194 0.003423
4 0.619444 0.069893 0.237500 0.033283
0 0.619444 0.069893 0.125000 0.033283
4 0.856944 0.069893 0.237500 0.033283
0 0.856597 0.069893 0.110417 0.033283
8 0.500000 0.254089 1.000000 0.335108
0 0.106597 0.108501 0.110417 0.016166
1 0.924306 0.108596 0.097222 0.026626
0 0.103472 0.128186 0.079167 0.012552
0 0.902083 0.128186 0.068056 0.012552
5 0.500000 0.144542 0.897222 0.013313
1 0.150000 0.189806 0.158333 0.043362
0 0.540278 0.174876 0.112500 0.013884
0 0.519097 0.189806 0.070139 0.015976
0 0.512500 0.205782 0.056944 0.015976
0 0.703472 0.173830 0.019444 0.015976
0 0.703472 0.189806 0.019444 0.015976
0 0.703472 0.205782 0.019444 0.015976
1 0.214583 0.265310 0.340278 0.053252
0 0.610764 0.244104 0.403472 0.010841
0 0.661111 0.265310 0.504167 0.012552
0 0.503472 0.286516 0.188889 0.010841
2 0.945833 0.287942 0.029167 0.007988
0 0.183333 0.312762 0.263889 0.016166
0 0.179514 0.368676 0.104861 0.008939
1 0.324653 0.364777 0.072917 0.016736
0 0.470833 0.368676 0.104167 0.008939
0 0.324653 0.382940 0.225694 0.010841
1 0.773958 0.352320 0.121528 0.033283
0 0.773958 0.382940 0.218750 0.010841
1 0.093750 0.034614 0.109722 0.037277
1 0.900000 0.034614 0.097222 0.026626
5 0.500000 0.034519 0.486111 0.033283
2 0.304167 0.034424 0.031944 0.008749
0 0.520833 0.034424 0.386111 0.012552
