1 0.023611 0.071697 0.047222 0.021321
1 0.083681 0.071697 0.072917 0.043896
0 0.487153 0.071488 0.734028 0.031773
3 0.927083 0.071697 0.145833 0.073161
5 0.500000 0.165552 0.844444 0.064381
1 0.499653 0.347199 0.267361 0.160953
0 0.500000 0.447533 0.169444 0.024666
4 0.500000 0.565217 0.145833 0.087793
0 0.499653 0.540134 0.056250 0.023411
0 0.500000 0.566890 0.048611 0.030100
0 0.500000 0.591764 0.063889 0.019649
0 0.499653 0.628972 0.163194 0.024666
3 0.378125 0.748119 0.170139 0.119983
3 0.621875 0.748119 0.170139 0.119983
