4 0.500000 0.521875 1.000000 0.825000
8 0.500000 0.129492 1.000000 0.258984
1 0.500000 0.238867 1.000000 0.258984
1 0.500000 0.507812 1.000000 0.109375
4 0.085764 0.327148 0.121528 0.068359
1 0.085764 0.327148 0.121528 0.068359
4 0.221875 0.327148 0.121528 0.068359
1 0.221875 0.327148 0.121528 0.068359
1 0.060764 0.034180 0.121528 0.068359
0 0.659722 0.286328 0.680556 0.054688
0 0.416319 0.328516 0.193750 0.024219
8 0.500000 0.541992 1.000000 0.566016
4 0.495139 0.402539 0.931944 0.068359
0 0.391667 0.402344 0.725000 0.025781
0 0.847917 0.402344 0.187500 0.025781
2 0.951389 0.409766 0.019444 0.010937
4 0.495139 0.470898 0.931944 0.068359
0 0.381250 0.470703 0.704167 0.025781
0 0.837500 0.470703 0.208333 0.025781
2 0.951389 0.478125 0.019444 0.010937
0 0.139583 0.539062 0.220833 0.025781
0 0.818056 0.539062 0.261111 0.025781
4 0.495139 0.607617 0.931944 0.068359
0 0.485417 0.607422 0.912500 0.025781
2 0.951389 0.614844 0.019444 0.010937
0 0.385764 0.675781 0.713194 0.025781
4 0.790972 0.675781 0.097222 0.054688
4 0.912500 0.675781 0.097222 0.054688
4 0.495139 0.747852 0.931944 0.075391
0 0.485417 0.747656 0.912500 0.025781
2 0.951389 0.755078 0.019444 0.010937
0 0.090278 0.812109 0.122222 0.025781
1 0.203819 0.812305 0.046528 0.026172
0 0.915972 0.812109 0.090278 0.025781
3 0.500000 0.900195 1.000000 0.068359
0 0.236806 0.070898 0.181944 0.036328
3 0.068056 0.038281 0.136111 0.076563
