4 0.500000 0.521875 1.000000 0.825000
8 0.500000 0.133203 1.000000 0.047656
8 0.500000 0.295312 1.000000 0.273438
4 0.140972 0.236719 0.204167 0.114844
1 0.140972 0.236719 0.204167 0.114844
1 0.102083 0.057422 0.204167 0.114844
1 0.046181 0.088867 0.092361 0.051953
4 0.620486 0.238477 0.681250 0.159766
0 0.412847 0.190430 0.265972 0.036328
0 0.469097 0.225000 0.378472 0.025781
1 0.702083 0.225000 0.048611 0.027344
0 0.450347 0.252539 0.340972 0.022266
1 0.306597 0.296484 0.053472 0.032813
0 0.656944 0.296484 0.608333 0.024219
3 0.500000 0.371680 0.922222 0.051953
8 0.500000 0.457422 1.000000 0.047656
8 0.500000 0.410156 1.000000 0.073438
0 0.074306 0.519531 0.070833 0.029687
8 0.500000 0.485156 1.000000 0.073438
0 0.268403 0.594531 0.459028 0.029687
8 0.500000 0.656641 1.000000 0.047656
8 0.500000 0.609375 1.000000 0.073438
0 0.080556 0.718750 0.083333 0.029687
8 0.500000 0.684375 1.000000 0.073438
0 0.145139 0.793750 0.212500 0.029687
8 0.500000 0.759375 1.000000 0.073438
0 0.188889 0.868750 0.300000 0.029687
1 0.371875 0.868750 0.065972 0.023438
8 0.500000 0.834375 1.000000 0.073438
0 0.087153 0.931641 0.096528 0.005469
0 0.235764 0.070898 0.179861 0.036328
3 0.068056 0.038281 0.136111 0.076563
