4 0.068056 0.028210 0.136111 0.056419
1 0.067708 0.052389 0.053472 0.020150
4 0.204167 0.028210 0.136111 0.056419
1 0.203819 0.052389 0.063194 0.020150
4 0.340278 0.028210 0.136111 0.056419
1 0.340278 0.052389 0.048611 0.020150
4 0.476389 0.028210 0.136111 0.056419
1 0.476389 0.052389 0.038889 0.020150
4 0.939236 0.052389 0.121528 0.056419
1 0.938889 0.052389 0.051389 0.020150
8 0.500000 0.384571 1.000000 0.607945
0 0.499306 0.303541 0.108333 0.030225
0 0.499653 0.328728 0.138194 0.020150
0 0.499653 0.364134 0.413194 0.030512
3 0.499653 0.409614 0.315972 0.040299
