7 0.250000 0.030292 0.500000 0.060584
0 0.249653 0.356293 0.102083 0.023801
7 0.750000 0.030292 0.500000 0.060584
0 0.750000 0.356293 0.136111 0.023801
1 0.500000 0.163000 1.000000 0.326001
0 0.463542 0.300577 0.849306 0.020555
4 0.931944 0.290660 0.087500 0.045438
1 0.931944 0.290660 0.087500 0.045438
1 0.664583 0.239993 0.670833 0.093401
3 0.068056 0.035341 0.136111 0.070682
3 0.048611 0.035341 0.097222 0.060584
8 0.500000 0.350523 1.000000 0.701046
8 0.500000 0.031013 1.000000 0.062027
1 0.091319 0.416877 0.104861 0.060584
0 0.188889 0.416697 0.061111 0.037144
0 0.234028 0.419221 0.029167 0.020555
0 0.427431 0.416877 0.328472 0.035341
4 0.846875 0.416877 0.238194 0.045438
1 0.846875 0.416877 0.238194 0.045438
8 0.500000 0.513704 1.000000 0.130184
1 0.181250 0.513704 0.284722 0.109989
1 0.142361 0.054995 0.284722 0.109989
0 0.652083 0.489001 0.618056 0.045438
0 0.372222 0.532095 0.058333 0.020555
0 0.417361 0.550847 0.148611 0.020555
2 0.867361 0.549405 0.029167 0.012622
0 0.936111 0.548323 0.088889 0.020555
8 0.500000 0.643887 1.000000 0.130184
1 0.181250 0.643887 0.284722 0.109989
0 0.652083 0.619185 0.618056 0.045438
0 0.372222 0.662279 0.058333 0.020555
0 0.417361 0.681031 0.148611 0.020555
2 0.867361 0.679589 0.029167 0.012622
0 0.936111 0.678507 0.088889 0.020555
8 0.500000 0.774071 1.000000 0.130184
1 0.181250 0.774071 0.284722 0.109989
0 0.652083 0.749369 0.618056 0.045438
0 0.459722 0.792463 0.233333 0.020555
0 0.417361 0.811215 0.148611 0.020555
2 0.867361 0.809773 0.029167 0.012622
0 0.936111 0.808691 0.088889 0.020555
8 0.500000 0.850884 1.000000 0.023440
1 0.181250 0.855932 0.284722 0.013343
0 0.652083 0.859719 0.618056 0.005770
