1 0.500000 0.552676 1.000000 0.894649
0 0.500000 0.434156 1.000000 0.040552
2 0.012500 0.014423 0.025000 0.022157
0 0.518403 0.476589 0.222917 0.029264
0 0.475694 0.543896 0.902778 0.031773
1 0.962500 0.437291 0.026389 0.029264
3 0.500000 0.633152 1.000000 0.449415
1 0.048611 0.488503 0.048611 0.023829
0 0.536458 0.660326 0.878472 0.156773
0 0.500000 0.908863 0.902778 0.059365
0 0.422569 0.976589 0.021528 0.031773
0 0.077083 0.015886 0.101389 0.031773
0 0.565972 0.976589 0.043056 0.031773
4 0.500000 0.296823 0.340278 0.204849
3 0.136111 0.289298 0.098611 0.035953
3 0.863542 0.289298 0.100694 0.035953
3 0.068403 0.035117 0.136806 0.070234
2 0.019444 0.070234 0.038889 0.023411
1 0.078472 0.070234 0.097222 0.046823
1 0.087153 0.036580 0.174306 0.038043
4 0.932986 0.070025 0.134028 0.043896
1 0.036458 0.021948 0.072917 0.043896
