4 0.500000 0.517559 1.000000 0.824415
8 0.500000 0.152174 1.000000 0.093645
0 0.509722 0.140050 0.936111 0.031773
0 0.509722 0.167851 0.936111 0.023829
4 0.980208 0.152174 0.004861 0.093645
8 0.500000 0.246656 1.000000 0.093645
0 0.509722 0.234532 0.936111 0.031773
0 0.509722 0.262333 0.936111 0.023829
4 0.980208 0.246656 0.004861 0.093645
8 0.500000 0.341137 1.000000 0.093645
0 0.443750 0.329013 0.804167 0.031773
0 0.443750 0.356814 0.804167 0.023829
4 0.848264 0.341137 0.004861 0.093645
4 0.930208 0.340928 0.124306 0.074833
4 0.068056 0.035117 0.100000 0.070234
1 0.068056 0.070234 0.080556 0.046823
0 0.210417 0.056229 0.184722 0.035535
0 0.255208 0.087793 0.274306 0.027592
3 0.088889 0.964883 0.177778 0.070234
3 0.284375 0.964883 0.213194 0.070234
3 0.497569 0.964883 0.213194 0.070234
3 0.710764 0.964883 0.213194 0.070234
3 0.911111 0.035117 0.177778 0.070234
