0 0.272917 0.075878 0.468056 0.038880
4 0.702778 0.076087 0.116667 0.081940
1 0.058333 0.040970 0.058333 0.035117
4 0.819444 0.076087 0.116667 0.081940
0 0.804861 0.062291 0.029167 0.021739
4 0.938889 0.076087 0.122222 0.081940
0 0.919444 0.068980 0.083333 0.034281
0 0.919097 0.093018 0.068750 0.013796
4 0.500000 0.558528 1.000000 0.882943
3 0.794097 0.949415 0.064583 0.027592
0 0.838889 0.949415 0.025000 0.027592
3 0.907292 0.949415 0.111806 0.027592
8 0.463194 0.390886 0.926389 0.781773
4 0.463194 0.390886 0.926389 0.781773
0 0.499653 0.452341 0.589583 0.046823
0 0.380556 0.520485 0.127778 0.045151
0 0.476389 0.520485 0.063889 0.045151
0 0.595833 0.520485 0.175000 0.045151
5 0.500000 0.630853 0.486111 0.058528
4 0.848611 0.863712 0.155556 0.070234
