5 0.514583 0.145703 0.815278 0.061719
5 0.514583 0.207422 0.815278 0.061719
5 0.514583 0.269141 0.815278 0.061719
1 0.199306 0.360156 0.184722 0.103906
1 0.048611 0.453125 0.077778 0.043750
5 0.519444 0.458594 0.805556 0.065625
5 0.286806 0.535156 0.359722 0.065625
0 0.196528 0.535156 0.179167 0.065625
5 0.514583 0.606250 0.815278 0.065625
0 0.456250 0.606250 0.698611 0.065625
6 0.514583 0.666406 0.815278 0.043750
1 0.048611 0.732031 0.077778 0.043750
5 0.514583 0.735547 0.815278 0.061719
5 0.314583 0.810156 0.415278 0.065625
0 0.177431 0.810156 0.140972 0.065625
1 0.048611 0.886719 0.077778 0.043750
5 0.514583 0.890234 0.815278 0.061719
5 0.252083 0.933203 0.290278 0.002344
0 0.177431 0.933203 0.140972 0.002344
3 0.068056 0.038281 0.136111 0.076563
3 0.799306 0.071094 0.116667 0.065625
3 0.928819 0.071094 0.142361 0.065625
