0 0.205556 0.038281 0.138889 0.076563
3 0.068056 0.038281 0.136111 0.076563
3 0.941667 0.071094 0.116667 0.065625
4 0.500000 0.521875 1.000000 0.825000
8 0.500000 0.179883 1.000000 0.359766
4 0.500000 0.218750 0.291667 0.164062
1 0.500000 0.218750 0.291667 0.164062
0 0.500000 0.282617 0.086111 0.036328
0 0.500000 0.329297 0.169444 0.029687
3 0.410764 0.362305 0.143750 0.022266
0 0.500000 0.362305 0.034722 0.022266
3 0.588889 0.362305 0.143056 0.022266
0 0.500000 0.434961 1.000000 0.068359
8 0.500000 0.496875 1.000000 0.274219
0 0.499653 0.514648 0.175694 0.036328
0 0.500000 0.587891 1.000000 0.055469
3 0.499653 0.672656 0.461806 0.059375
