1 0.500000 0.168060 1.000000 0.081104
4 0.500000 0.472408 0.902778 0.122074
0 0.402778 0.061037 0.747222 0.086957
1 0.825000 0.061037 0.097222 0.058528
3 0.500000 0.786371 0.926389 0.070234
3 0.500000 0.871237 0.926389 0.070234
4 0.500000 0.960493 1.000000 0.079013
0 0.173264 0.009824 0.346528 0.019649
1 0.089236 0.022993 0.178472 0.045987
1 0.246528 0.021530 0.136111 0.043060
1 0.050000 0.024247 0.061111 0.036789
0 0.500000 0.065426 1.000000 0.017977
3 0.148264 0.035117 0.296528 0.070234
2 0.019444 0.070234 0.038889 0.023411
1 0.068750 0.070234 0.077778 0.046823
0 0.197222 0.070025 0.159722 0.035535
3 0.931944 0.070234 0.136111 0.070234
