0 0.259028 0.070898 0.168056 0.036328
4 0.068056 0.038281 0.136111 0.076563
3 0.941667 0.071094 0.116667 0.065625
8 0.500000 0.142187 1.000000 0.065625
0 0.453472 0.142187 0.809722 0.065625
1 0.900000 0.142187 0.083333 0.046875
4 0.880556 0.556641 0.122222 0.074219
4 0.880556 0.630859 0.122222 0.074219
4 0.880556 0.705078 0.122222 0.074219
4 0.880556 0.779297 0.122222 0.074219
4 0.880556 0.755078 0.161111 0.096094
1 0.880556 0.755078 0.058333 0.032813
3 0.664931 0.556641 0.309028 0.056250
3 0.681597 0.630859 0.275694 0.056250
3 0.754861 0.705078 0.129167 0.056250
3 0.619444 0.779297 0.400000 0.056250
