3 0.500000 0.521875 1.000000 0.825000
8 0.500000 0.155664 1.000000 0.311328
1 0.500000 0.218164 1.000000 0.217578
0 0.879514 0.187500 0.240972 0.042188
0 0.055208 0.033789 0.075694 0.023047
0 0.864236 0.246875 0.025694 0.031250
0 0.929861 0.242578 0.105556 0.045312
0 0.500000 0.362500 1.000000 0.071094
8 0.500000 0.343555 1.000000 0.061328
3 0.249306 0.452930 0.498611 0.061328
3 0.750694 0.452930 0.498611 0.061328
8 0.500000 0.396680 1.000000 0.041797
0 0.207292 0.506055 0.365972 0.022266
8 0.500000 0.615625 1.000000 0.174219
0 0.097917 0.550586 0.195833 0.030078
1 0.221528 0.550586 0.051389 0.030078
0 0.777778 0.546094 0.237500 0.021094
0 0.936111 0.546094 0.079167 0.021094
1 0.884375 0.630664 0.182639 0.102734
0 0.396528 0.605469 0.744444 0.052344
0 0.062153 0.661133 0.075694 0.023047
0 0.112847 0.658594 0.025694 0.031250
0 0.158333 0.654297 0.065278 0.045312
8 0.500000 0.615820 1.000000 0.041797
0 0.121528 0.725195 0.194444 0.022266
8 0.500000 0.696680 1.000000 0.116797
1 0.091319 0.806055 0.085417 0.048047
0 0.554861 0.805859 0.793056 0.026562
8 0.500000 0.817187 1.000000 0.121094
1 0.091319 0.917383 0.085417 0.033984
0 0.554861 0.917383 0.793056 0.033984
3 0.081597 0.071094 0.114583 0.062500
1 0.499653 0.071094 0.452083 0.049219
1 0.936806 0.071094 0.077778 0.043750
