4 0.500000 0.137305 1.000000 0.274609
1 0.500000 0.137305 1.000000 0.274609
8 0.500000 0.378711 1.000000 0.208984
1 0.123958 0.343945 0.170139 0.095703
0 0.604514 0.312695 0.713194 0.036328
0 0.372222 0.343750 0.248611 0.025781
2 0.267361 0.373047 0.038889 0.021875
0 0.370139 0.372266 0.137500 0.025781
3 0.263542 0.436914 0.447917 0.046484
3 0.737153 0.436914 0.447917 0.046484
8 0.500000 0.608594 1.000000 0.316406
4 0.500000 0.516016 1.000000 0.054688
0 0.875000 0.515820 0.152778 0.041016
4 0.167014 0.668750 0.295139 0.250781
1 0.167014 0.626367 0.246528 0.138672
0 0.135417 0.730664 0.154167 0.048047
3 0.251389 0.720703 0.077778 0.043750
4 0.462153 0.668750 0.295139 0.250781
1 0.462153 0.626367 0.246528 0.138672
0 0.430556 0.730664 0.154167 0.048047
3 0.546528 0.720703 0.077778 0.043750
4 0.757292 0.668750 0.295139 0.250781
1 0.757292 0.626367 0.246528 0.138672
0 0.725694 0.719531 0.154167 0.025781
3 0.841667 0.720703 0.077778 0.043750
4 0.952431 0.668750 0.095139 0.250781
1 0.964583 0.626367 0.070833 0.138672
0 0.971875 0.730664 0.056250 0.048047
8 0.500000 0.866992 1.000000 0.134766
3 0.402778 0.078125 0.184722 0.112500
3 0.597222 0.078125 0.184722 0.112500
1 0.597222 0.862500 0.145833 0.082031
3 0.791667 0.078125 0.184722 0.112500
1 0.791667 0.862500 0.145833 0.082031
3 0.844444 0.071094 0.116667 0.065625
3 0.165278 0.038281 0.097222 0.065625
3 0.068056 0.038281 0.136111 0.076563
