0 0.500000 0.108696 0.902778 0.088629
4 0.500000 0.526756 0.902778 0.703177
8 0.451389 0.048077 0.854167 0.066890
0 0.500000 0.223244 0.838889 0.031773
8 0.451389 0.115803 0.854167 0.066890
0 0.424653 0.290970 0.688194 0.031773
0 0.844097 0.290970 0.150694 0.031773
8 0.451389 0.183528 0.854167 0.066890
0 0.424653 0.358696 0.688194 0.031773
0 0.844097 0.358696 0.150694 0.031773
8 0.451389 0.251254 0.854167 0.066890
0 0.384375 0.426421 0.607639 0.031773
0 0.803819 0.426421 0.231250 0.031773
8 0.451389 0.318980 0.854167 0.066890
0 0.424653 0.494147 0.688194 0.031773
0 0.844097 0.494147 0.150694 0.031773
3 0.500000 0.935619 0.337500 0.070234
