0 0.210764 0.070898 0.129861 0.036328
3 0.068056 0.038281 0.136111 0.076563
3 0.844444 0.071094 0.116667 0.065625
3 0.165278 0.038281 0.097222 0.065625
8 0.500000 0.270508 0.975000 0.530078
1 0.107986 0.161133 0.142361 0.080078
0 0.578472 0.160938 0.750000 0.055469
2 0.052778 0.125195 0.041667 0.019141
1 0.500000 0.344141 0.975000 0.273438
4 0.085417 0.514453 0.077778 0.043750
0 0.190278 0.514258 0.093056 0.022266
1 0.248958 0.032813 0.004861 0.038281
0 0.363889 0.514453 0.184722 0.043750
0 0.877431 0.514258 0.152083 0.022266
2 0.087847 0.571680 0.043750 0.024609
0 0.568056 0.571875 0.838889 0.025781
2 0.087847 0.620117 0.043750 0.024609
0 0.568056 0.620313 0.838889 0.025781
8 0.500000 0.763086 0.975000 0.433203
1 0.107986 0.702148 0.142361 0.080078
1 0.500000 0.841406 0.975000 0.185938
4 0.893056 0.874219 0.136111 0.076563
