0 0.312500 0.070898 0.333333 0.036328
3 0.068056 0.038281 0.136111 0.076563
3 0.048611 0.038281 0.097222 0.065625
4 0.500000 0.524023 1.000000 0.820703
8 0.500000 0.122461 1.000000 0.244922
1 0.143056 0.194141 0.237500 0.133594
0 0.517014 0.147461 0.461806 0.040234
0 0.630903 0.204297 0.689583 0.059375
3 0.785417 0.304297 0.380556 0.054688
8 0.500000 0.544922 1.000000 0.578125
1 0.500000 0.583203 0.961111 0.405469
0 0.500000 0.813477 0.961111 0.033203
0 0.500000 0.865625 0.961111 0.057031
4 0.773958 0.921875 0.053472 0.025000
1 0.905208 0.921875 0.053472 0.025000
