8 0.500000 0.450781 1.000000 0.901563
1 0.097222 0.467578 0.097222 0.054688
0 0.235069 0.467578 0.104861 0.025781
0 0.304861 0.531250 0.463889 0.043750
0 0.600000 0.597266 0.019444 0.025781
0 0.600000 0.630859 0.077778 0.025781
0 0.775694 0.597266 0.019444 0.025781
0 0.775694 0.564063 0.077778 0.025781
0 0.914583 0.597266 0.019444 0.025781
0 0.912500 0.630859 0.077778 0.025781
0 0.084722 0.741211 0.020833 0.027734
0 0.225000 0.741211 0.133333 0.041016
0 0.383333 0.741211 0.134722 0.041016
0 0.567014 0.792773 0.817361 0.048047
0 0.567014 0.840820 0.817361 0.048047
0 0.084722 0.923633 0.020833 0.021484
0 0.225000 0.920312 0.133333 0.028125
0 0.383333 0.920312 0.134722 0.028125
1 0.500000 0.183203 1.000000 0.300781
1 0.500000 0.161719 0.145833 0.082031
0 0.500000 0.090430 0.538889 0.033203
0 0.500000 0.228516 0.233333 0.024219
1 0.121528 0.292578 0.097222 0.054688
0 0.865278 0.292578 0.123611 0.025781
4 0.166667 0.374609 0.333333 0.082031
1 0.166319 0.360352 0.085417 0.048047
0 0.166319 0.400000 0.097917 0.031250
4 0.500000 0.374609 0.333333 0.082031
1 0.499653 0.360352 0.085417 0.048047
0 0.500000 0.400000 0.075000 0.031250
4 0.833333 0.374609 0.333333 0.082031
1 0.832986 0.360352 0.085417 0.048047
0 0.833333 0.400000 0.079167 0.031250
