4 0.250000 0.032813 0.500000 0.065625
4 0.750000 0.032813 0.500000 0.065625
8 0.500000 0.482227 1.000000 0.767578
8 0.500000 0.055664 1.000000 0.111328
8 0.500000 0.172852 1.000000 0.123047
8 0.500000 0.254883 1.000000 0.041016
8 0.500000 0.295898 1.000000 0.041016
8 0.500000 0.336914 1.000000 0.041016
8 0.500000 0.418945 1.000000 0.123047
8 0.500000 0.541992 1.000000 0.123047
8 0.500000 0.624023 1.000000 0.041016
8 0.500000 0.665039 1.000000 0.041016
8 0.500000 0.706055 1.000000 0.041016
8 0.500000 0.747070 1.000000 0.041016
4 0.500000 0.034180 1.000000 0.068359
