3 0.166667 0.029473 0.333333 0.058946
3 0.500000 0.029473 0.333333 0.058946
3 0.833333 0.029473 0.333333 0.058946
1 0.413889 0.237458 0.155556 0.117057
0 0.589931 0.223662 0.147917 0.027592
0 0.589931 0.251254 0.147917 0.027592
0 0.500000 0.336329 1.000000 0.051421
0 0.500000 0.641513 0.926389 0.514632
4 0.500000 0.960493 1.000000 0.079013
0 0.173264 0.009824 0.346528 0.019649
1 0.089236 0.022993 0.178472 0.045987
1 0.246528 0.021530 0.136111 0.043060
1 0.050000 0.024247 0.061111 0.036789
0 0.500000 0.065426 1.000000 0.017977
3 0.218056 0.035117 0.436111 0.070234
2 0.019444 0.070234 0.038889 0.023411
1 0.068750 0.070234 0.077778 0.046823
0 0.267014 0.070025 0.299306 0.035535
