4 0.500000 0.552676 1.000000 0.894649
8 0.500000 0.128763 0.922222 0.046823
8 0.500000 0.093227 0.922222 0.093645
0 0.173958 0.184574 0.231250 0.035535
0 0.131250 0.216137 0.145833 0.027592
8 0.500000 0.186455 0.922222 0.093645
0 0.200000 0.277801 0.283333 0.035535
0 0.119097 0.309365 0.121528 0.027592
8 0.500000 0.279682 0.922222 0.093645
0 0.183333 0.384824 0.250000 0.035535
8 0.500000 0.454849 0.922222 0.046823
8 0.500000 0.419314 0.922222 0.093645
0 0.131597 0.510661 0.146528 0.035535
0 0.096528 0.542224 0.076389 0.027592
4 0.266319 0.035117 0.492361 0.070234
1 0.068750 0.070234 0.077778 0.046823
0 0.305208 0.070025 0.375694 0.035535
