0 0.500000 0.148411 1.000000 0.086120
3 0.250000 0.228679 0.500000 0.074415
3 0.750000 0.228679 0.500000 0.074415
3 0.253819 0.960075 0.482639 0.064799
3 0.746181 0.960075 0.482639 0.064799
5 0.500000 0.305602 0.980556 0.057692
4 0.500000 0.629808 1.000000 0.580686
8 0.500000 0.117057 1.000000 0.234114
0 0.500000 0.369983 0.423611 0.031773
3 0.122917 0.035117 0.245833 0.070234
1 0.026736 0.070443 0.053472 0.032191
2 0.044792 0.070443 0.000694 0.000418
0 0.140625 0.070025 0.171528 0.035535
3 0.931944 0.070234 0.136111 0.070234
