0 0.500000 0.052885 0.980556 0.033863
4 0.500000 0.201714 1.000000 0.259615
1 0.343056 0.104097 0.661111 0.058528
5 0.364931 0.188545 0.681250 0.081104
1 0.835069 0.188545 0.259028 0.081104
1 0.168056 0.280309 0.287500 0.058110
1 0.414236 0.280309 0.156250 0.058110
1 0.789236 0.280309 0.156250 0.058110
3 0.500000 0.308946 1.000000 0.617893
1 0.085417 0.594273 0.145833 0.032191
1 0.924653 0.045360 0.102083 0.061455
1 0.051042 0.028846 0.102083 0.057692
1 0.051042 0.087375 0.102083 0.059365
4 0.261111 0.974707 0.497222 0.035535
0 0.260764 0.974707 0.178472 0.035535
4 0.751042 0.974707 0.472917 0.035535
3 0.751042 0.974707 0.153472 0.035535
