1 0.230903 0.038281 0.384028 0.043750
4 0.890625 0.071094 0.218750 0.076563
0 0.846875 0.071094 0.043750 0.027344
1 0.922222 0.071094 0.068056 0.027344
5 0.500000 0.143945 0.951389 0.049609
4 0.500000 0.508594 1.000000 0.660156
8 0.500000 0.045117 1.000000 0.090234
0 0.500000 0.194922 1.000000 0.032813
4 0.500000 0.240039 1.000000 0.057422
1 0.036458 0.240039 0.072917 0.031641
0 0.536458 0.239844 0.927083 0.022656
8 0.500000 0.120508 1.000000 0.057422
4 0.500000 0.299023 1.000000 0.057422
1 0.036458 0.299023 0.072917 0.031641
0 0.536458 0.298828 0.927083 0.022656
8 0.500000 0.195898 1.000000 0.090234
0 0.500000 0.345703 1.000000 0.032813
4 0.500000 0.390820 1.000000 0.057422
1 0.036458 0.390625 0.072917 0.028906
0 0.536458 0.390625 0.927083 0.022656
8 0.500000 0.271289 1.000000 0.057422
4 0.500000 0.449805 1.000000 0.057422
1 0.036458 0.449609 0.072917 0.028906
0 0.536458 0.449609 0.927083 0.022656
8 0.500000 0.330273 1.000000 0.057422
4 0.500000 0.508789 1.000000 0.057422
1 0.036458 0.508594 0.072917 0.028906
0 0.536458 0.508594 0.927083 0.022656
8 0.500000 0.389258 1.000000 0.057422
4 0.500000 0.567773 1.000000 0.057422
1 0.036458 0.567578 0.072917 0.028906
0 0.536458 0.567578 0.927083 0.022656
8 0.500000 0.448242 1.000000 0.057422
4 0.500000 0.626758 1.000000 0.057422
1 0.036458 0.626563 0.072917 0.028906
0 0.536458 0.626563 0.927083 0.022656
8 0.500000 0.507227 1.000000 0.057422
4 0.500000 0.685742 1.000000 0.057422
1 0.036458 0.685547 0.072917 0.028906
0 0.536458 0.685547 0.927083 0.022656
8 0.500000 0.566211 1.000000 0.057422
4 0.500000 0.744727 1.000000 0.057422
1 0.036458 0.744531 0.072917 0.028906
0 0.536458 0.744531 0.927083 0.022656
7 0.125000 0.047852 0.250000 0.095703
1 0.123611 0.862109 0.058333 0.032813
0 0.123611 0.909961 0.208333 0.048828
7 0.375000 0.047852 0.250000 0.095703
1 0.373611 0.862109 0.058333 0.032813
0 0.373611 0.909961 0.094444 0.048828
7 0.625000 0.047852 0.250000 0.095703
1 0.623611 0.862109 0.058333 0.032813
0 0.623958 0.909961 0.217361 0.048828
7 0.875000 0.047852 0.250000 0.095703
1 0.876389 0.862109 0.058333 0.032813
0 0.876389 0.909961 0.222222 0.048828
