3 0.103125 0.071094 0.206250 0.076563
0 0.500000 0.071094 0.611111 0.076563
1 0.873611 0.086133 0.106944 0.046484
0 0.092708 0.135937 0.038194 0.025781
5 0.481597 0.196680 0.889583 0.068359
1 0.896875 0.207227 0.059028 0.033203
8 0.500000 0.343555 1.000000 0.687109
1 0.063542 0.290039 0.053472 0.030078
0 0.421528 0.289844 0.588889 0.043750
0 0.551389 0.335352 0.848611 0.033203
1 0.063542 0.408789 0.053472 0.030078
0 0.258333 0.408594 0.262500 0.043750
0 0.903819 0.406250 0.095139 0.039062
0 0.551389 0.468359 0.848611 0.061719
1 0.063542 0.556055 0.053472 0.030078
0 0.258333 0.555859 0.262500 0.043750
0 0.901042 0.553516 0.100694 0.039062
0 0.551389 0.615625 0.848611 0.061719
1 0.063542 0.703320 0.053472 0.030078
0 0.369097 0.703125 0.484028 0.043750
0 0.551389 0.748633 0.848611 0.033203
1 0.063542 0.822070 0.053472 0.030078
0 0.472569 0.821875 0.690972 0.043750
0 0.551389 0.867383 0.848611 0.033203
1 0.063542 0.930078 0.053472 0.008594
0 0.404861 0.926562 0.555556 0.015625
