0 0.243056 0.072461 0.136111 0.036328
3 0.068056 0.054688 0.136111 0.076563
0 0.247222 0.105469 0.144444 0.029687
3 0.919792 0.087500 0.160417 0.065625
4 0.500000 0.204297 0.912500 0.099219
1 0.113194 0.204297 0.061111 0.034375
0 0.218403 0.191406 0.071528 0.029687
0 0.311111 0.219141 0.256944 0.025781
0 0.130208 0.291211 0.182639 0.022266
4 0.500000 0.367188 0.912500 0.099219
1 0.113194 0.367188 0.061111 0.034375
0 0.227431 0.354297 0.089583 0.029687
0 0.260764 0.382031 0.156250 0.025781
4 0.500000 0.467969 0.912500 0.099219
1 0.113194 0.467969 0.061111 0.034375
0 0.298264 0.455078 0.231250 0.029687
0 0.255903 0.482812 0.146528 0.025781
4 0.500000 0.568750 0.912500 0.099219
1 0.113194 0.568750 0.061111 0.034375
0 0.226736 0.555859 0.088194 0.029687
0 0.251042 0.583594 0.136806 0.025781
0 0.113194 0.568750 0.061111 0.034375
4 0.500000 0.669531 0.912500 0.099219
1 0.113194 0.669531 0.061111 0.034375
0 0.285764 0.656641 0.206250 0.029687
0 0.256944 0.684375 0.148611 0.025781
4 0.500000 0.770312 0.912500 0.099219
1 0.113194 0.770312 0.061111 0.034375
0 0.305903 0.757422 0.246528 0.029687
0 0.318403 0.785156 0.271528 0.025781
4 0.500000 0.871094 0.912500 0.099219
1 0.113194 0.871094 0.061111 0.034375
0 0.270139 0.858203 0.175000 0.029687
0 0.273958 0.885938 0.182639 0.025781
4 0.500000 0.928320 0.912500 0.012109
