0 0.500000 0.140430 1.000000 0.024609
3 0.500000 0.184180 0.301389 0.041016
0 0.078472 0.263672 0.083333 0.060156
4 0.500000 0.328516 1.000000 0.065625
6 0.090278 0.328516 0.077778 0.043750
0 0.586458 0.328516 0.827083 0.065625
0 0.872917 0.329297 0.180556 0.026562
4 0.500000 0.394141 1.000000 0.065625
6 0.090278 0.394141 0.077778 0.043750
0 0.586458 0.394141 0.827083 0.065625
0 0.872917 0.394922 0.180556 0.026562
4 0.500000 0.459766 1.000000 0.065625
6 0.090278 0.459766 0.077778 0.043750
0 0.586458 0.459766 0.827083 0.065625
0 0.872917 0.460547 0.180556 0.026562
4 0.500000 0.525391 1.000000 0.065625
6 0.090278 0.525391 0.077778 0.043750
0 0.586458 0.525391 0.827083 0.065625
0 0.393056 0.620703 0.712500 0.029687
0 0.856250 0.621484 0.213889 0.026562
5 0.500000 0.682617 0.902778 0.034766
0 0.362500 0.746484 0.651389 0.029687
0 0.825694 0.747266 0.275000 0.026562
5 0.500000 0.808398 0.902778 0.034766
5 0.500000 0.789258 1.000000 0.133984
0 0.269097 0.872266 0.460417 0.029687
0 0.730556 0.873047 0.461111 0.026562
5 0.436806 0.017383 0.873611 0.034766
0 0.106944 0.070898 0.136111 0.036328
