1 0.079167 0.167578 0.061111 0.034375
5 0.494097 0.167578 0.720139 0.061719
1 0.914931 0.167383 0.072917 0.041016
0 0.500000 0.515430 0.902778 0.227734
4 0.100000 0.894141 0.200000 0.080469
1 0.100000 0.879492 0.077778 0.031641
0 0.100000 0.913477 0.097222 0.022266
4 0.300000 0.894141 0.200000 0.080469
1 0.300000 0.879492 0.077778 0.031641
0 0.299653 0.913477 0.064583 0.022266
4 0.500000 0.894141 0.200000 0.080469
1 0.500000 0.879492 0.077778 0.031641
0 0.500000 0.913477 0.118056 0.022266
4 0.700000 0.894141 0.200000 0.080469
1 0.700000 0.879492 0.077778 0.031641
0 0.700000 0.913477 0.112500 0.022266
4 0.900000 0.894141 0.200000 0.080469
1 0.900000 0.879492 0.077778 0.031641
0 0.899653 0.913477 0.040972 0.022266
0 0.951389 0.874609 0.048611 0.027344
0 0.099306 0.070898 0.175000 0.033203
3 0.046875 0.012891 0.093750 0.025781
