1 0.568056 0.074609 0.097222 0.043750
3 0.327778 0.074609 0.358333 0.043750
3 0.808333 0.074609 0.358333 0.043750
3 0.068056 0.038281 0.136111 0.076563
4 0.500000 0.532227 1.000000 0.667578
8 0.500000 0.256836 1.000000 0.116797
4 0.500000 0.256836 1.000000 0.116797
4 0.920139 0.234961 0.111111 0.058984
1 0.920139 0.234961 0.111111 0.058984
4 0.926736 0.283008 0.097917 0.037109
1 0.932639 0.286523 0.061111 0.030078
3 0.444444 0.225391 0.791667 0.025781
1 0.075694 0.251367 0.029167 0.026172
3 0.477431 0.258203 0.725694 0.025781
8 0.500000 0.373633 1.000000 0.116797
4 0.500000 0.373633 1.000000 0.116797
4 0.920139 0.351758 0.111111 0.058984
1 0.920139 0.351758 0.111111 0.058984
4 0.926736 0.399805 0.097917 0.037109
1 0.932639 0.403320 0.061111 0.030078
3 0.444444 0.342187 0.791667 0.025781
1 0.075694 0.368164 0.029167 0.026172
3 0.477431 0.386133 0.725694 0.048047
8 0.500000 0.490430 1.000000 0.116797
4 0.500000 0.490430 1.000000 0.116797
4 0.920139 0.468555 0.111111 0.058984
1 0.920139 0.468555 0.111111 0.058984
4 0.926736 0.516602 0.097917 0.037109
1 0.932639 0.520117 0.061111 0.030078
3 0.444444 0.458984 0.791667 0.025781
1 0.075694 0.484961 0.029167 0.026172
3 0.477431 0.491797 0.725694 0.025781
8 0.500000 0.607227 1.000000 0.116797
4 0.500000 0.607227 1.000000 0.116797
4 0.920139 0.585352 0.111111 0.058984
1 0.920139 0.585352 0.111111 0.058984
4 0.926736 0.633398 0.097917 0.037109
1 0.932639 0.636914 0.061111 0.030078
3 0.444444 0.575781 0.791667 0.025781
1 0.075694 0.601758 0.029167 0.026172
3 0.477431 0.608594 0.725694 0.025781
8 0.500000 0.724023 1.000000 0.116797
4 0.500000 0.724023 1.000000 0.116797
4 0.920139 0.702148 0.111111 0.058984
1 0.920139 0.702148 0.111111 0.058984
4 0.926736 0.750195 0.097917 0.037109
1 0.932639 0.753711 0.061111 0.030078
3 0.444444 0.692578 0.791667 0.025781
1 0.075694 0.718555 0.029167 0.026172
3 0.477431 0.725391 0.725694 0.025781
8 0.500000 0.824219 1.000000 0.083594
4 0.500000 0.824219 1.000000 0.083594
4 0.920139 0.818945 0.111111 0.058984
1 0.920139 0.818945 0.111111 0.058984
4 0.926736 0.857227 0.097917 0.017578
1 0.932639 0.860742 0.061111 0.010547
3 0.444444 0.809375 0.791667 0.025781
1 0.075694 0.835352 0.029167 0.026172
3 0.477431 0.842187 0.725694 0.025781
3 0.500000 0.034180 1.000000 0.068359
1 0.779861 0.153906 0.048611 0.032813
1 0.864236 0.154688 0.046528 0.034375
1 0.950000 0.153906 0.051389 0.032813
5 0.380208 0.154688 0.711806 0.043750
1 0.697222 0.154688 0.077778 0.043750
