0 0.221528 0.070898 0.365278 0.036328
3 0.048611 0.038281 0.097222 0.065625
4 0.166667 0.027344 0.333333 0.054688
4 0.500000 0.027344 0.333333 0.054688
4 0.833333 0.027344 0.333333 0.054688
8 0.500000 0.385156 1.000000 0.770312
4 0.500000 0.199609 0.951389 0.043750
4 0.500000 0.586133 1.000000 0.696484
8 0.500000 0.028516 1.000000 0.057031
8 0.500000 0.085156 1.000000 0.057031
8 0.500000 0.141797 1.000000 0.057031
8 0.500000 0.198437 1.000000 0.057031
8 0.500000 0.255078 1.000000 0.057031
8 0.500000 0.311719 1.000000 0.057031
8 0.500000 0.368359 1.000000 0.057031
8 0.500000 0.425000 1.000000 0.057031
8 0.500000 0.481641 1.000000 0.057031
8 0.500000 0.538281 1.000000 0.057031
8 0.500000 0.594922 1.000000 0.057031
8 0.500000 0.651563 1.000000 0.057031
8 0.500000 0.708203 1.000000 0.057031
