1 0.222569 0.070898 0.095139 0.042578
0 0.377778 0.058984 0.190278 0.029687
0 0.348264 0.085938 0.131250 0.024219
3 0.068056 0.038281 0.136111 0.076563
4 0.931944 0.071094 0.136111 0.076563
1 0.931944 0.071094 0.061111 0.027344
5 0.371528 0.147461 0.645833 0.030078
4 0.872917 0.147656 0.254167 0.076563
0 0.872917 0.147461 0.254167 0.048047
4 0.500000 0.238867 0.961111 0.080859
1 0.051042 0.040430 0.043750 0.037109
0 0.507639 0.238672 0.733333 0.029687
0 0.500000 0.326953 0.902778 0.029687
3 0.500000 0.382812 0.902778 0.054688
4 0.500000 0.496680 0.961111 0.107422
0 0.500000 0.479687 0.902778 0.029687
0 0.500000 0.515625 0.902778 0.025781
4 0.500000 0.630664 0.961111 0.138672
0 0.500000 0.598047 0.902778 0.029687
0 0.500000 0.625781 0.902778 0.025781
0 0.500000 0.665234 0.902778 0.025781
5 0.500000 0.483594 1.000000 0.901563
