1 0.568056 0.074609 0.097222 0.043750
3 0.327778 0.074609 0.358333 0.043750
3 0.808333 0.074609 0.358333 0.043750
3 0.068056 0.038281 0.136111 0.076563
4 0.500000 0.532227 1.000000 0.667578
8 0.500000 0.288281 1.000000 0.179688
1 0.109722 0.346484 0.087500 0.049219
4 0.304167 0.346484 0.087500 0.049219
1 0.499306 0.346484 0.087500 0.049219
4 0.694444 0.346484 0.087500 0.049219
4 0.889583 0.346484 0.087500 0.049219
4 0.500000 0.256641 1.000000 0.116406
4 0.920139 0.234570 0.111111 0.058984
1 0.920139 0.234570 0.111111 0.058984
4 0.926736 0.282617 0.097917 0.037109
1 0.932639 0.286133 0.061111 0.030078
3 0.444444 0.227539 0.791667 0.030859
1 0.075694 0.256055 0.029167 0.026172
3 0.477431 0.265430 0.725694 0.030859
8 0.500000 0.436523 1.000000 0.116797
4 0.500000 0.436523 1.000000 0.116797
4 0.920139 0.414648 0.111111 0.058984
1 0.920139 0.414648 0.111111 0.058984
4 0.926736 0.462695 0.097917 0.037109
1 0.932639 0.466211 0.061111 0.030078
3 0.444444 0.405078 0.791667 0.025781
1 0.075694 0.431055 0.029167 0.026172
3 0.477431 0.449023 0.725694 0.048047
8 0.500000 0.553320 1.000000 0.116797
4 0.500000 0.553320 1.000000 0.116797
4 0.920139 0.531445 0.111111 0.058984
1 0.920139 0.531445 0.111111 0.058984
4 0.926736 0.579492 0.097917 0.037109
1 0.932639 0.583008 0.061111 0.030078
3 0.444444 0.521875 0.791667 0.025781
1 0.075694 0.547852 0.029167 0.026172
3 0.477431 0.554688 0.725694 0.025781
8 0.500000 0.670117 1.000000 0.116797
4 0.500000 0.670117 1.000000 0.116797
4 0.920139 0.648242 0.111111 0.058984
1 0.920139 0.648242 0.111111 0.058984
4 0.926736 0.696289 0.097917 0.037109
1 0.932639 0.699805 0.061111 0.030078
3 0.444444 0.638672 0.791667 0.025781
1 0.075694 0.664648 0.029167 0.026172
3 0.477431 0.671484 0.725694 0.025781
8 0.500000 0.786914 1.000000 0.116797
4 0.500000 0.786914 1.000000 0.116797
4 0.920139 0.765039 0.111111 0.058984
1 0.920139 0.765039 0.111111 0.058984
4 0.926736 0.813086 0.097917 0.037109
1 0.932639 0.816602 0.061111 0.030078
3 0.444444 0.755469 0.791667 0.025781
1 0.075694 0.781445 0.029167 0.026172
3 0.477431 0.788281 0.725694 0.025781
8 0.500000 0.855664 1.000000 0.020703
4 0.500000 0.855664 1.000000 0.020703
4 0.920139 0.859180 0.111111 0.013672
1 0.920139 0.859180 0.111111 0.013672
3 0.444444 0.862695 0.791667 0.006641
3 0.500000 0.034180 1.000000 0.068359
1 0.779861 0.153906 0.048611 0.032813
1 0.864236 0.154688 0.046528 0.034375
1 0.950000 0.153906 0.051389 0.032813
5 0.380208 0.154688 0.711806 0.043750
1 0.697222 0.154688 0.077778 0.043750
