8 0.500000 0.444922 1.000000 0.824219
1 0.500000 0.076758 0.505556 0.057422
4 0.500000 0.230469 0.931944 0.088281
1 0.106944 0.230469 0.058333 0.032813
0 0.255903 0.214258 0.161806 0.022266
0 0.245486 0.241016 0.140972 0.025781
4 0.264583 0.321484 0.461111 0.088281
1 0.106944 0.321484 0.058333 0.032813
0 0.267361 0.305273 0.184722 0.022266
0 0.261458 0.332031 0.172917 0.025781
4 0.735417 0.321484 0.461111 0.088281
1 0.577778 0.321484 0.058333 0.032813
0 0.740972 0.305273 0.190278 0.022266
0 0.672569 0.332031 0.053472 0.025781
4 0.385417 0.412500 0.693056 0.079687
1 0.106944 0.412500 0.058333 0.032813
0 0.300694 0.396289 0.251389 0.022266
0 0.296528 0.423047 0.243056 0.025781
4 0.847917 0.412500 0.226389 0.079687
0 0.834028 0.396289 0.150000 0.022266
0 0.840625 0.422656 0.163194 0.032813
4 0.376736 0.503516 0.675694 0.079687
1 0.106944 0.503516 0.058333 0.032813
0 0.314583 0.487305 0.279167 0.022266
0 0.249653 0.514062 0.149306 0.025781
4 0.839236 0.503516 0.243750 0.079687
0 0.831944 0.487305 0.180556 0.022266
0 0.799306 0.513672 0.115278 0.032813
3 0.500000 0.610547 0.708333 0.071094
0 0.538889 0.706445 0.922222 0.022266
4 0.500000 0.043164 1.000000 0.086328
2 0.058333 0.776953 0.038889 0.021875
0 0.449653 0.761523 0.646528 0.027734
0 0.342361 0.793750 0.431944 0.025781
4 0.500000 0.791406 1.000000 0.065625
0 0.393056 0.824219 0.727778 0.064062
3 0.863889 0.824219 0.213889 0.065625
3 0.125000 0.896094 0.250000 0.076563
3 0.375000 0.896094 0.250000 0.076563
3 0.625000 0.896094 0.250000 0.076563
3 0.875000 0.896094 0.250000 0.076563
