4 0.512153 0.079013 0.975694 0.087793
1 0.122222 0.078804 0.195833 0.048913
0 0.927083 0.079013 0.018056 0.027592
0 0.763194 0.065008 0.181944 0.033863
0 0.736806 0.095736 0.129167 0.027592
4 0.100000 0.166806 0.200000 0.087793
0 0.099653 0.152383 0.072917 0.043896
0 0.100000 0.186246 0.200000 0.023829
4 0.300000 0.166806 0.200000 0.087793
0 0.299653 0.152383 0.072917 0.043896
0 0.300000 0.186246 0.200000 0.023829
4 0.500000 0.166806 0.200000 0.087793
0 0.499653 0.152383 0.072917 0.043896
0 0.500000 0.186246 0.200000 0.023829
4 0.700000 0.166806 0.200000 0.087793
0 0.699653 0.152383 0.072917 0.043896
0 0.700000 0.186246 0.200000 0.023829
4 0.900000 0.166806 0.200000 0.087793
0 0.899653 0.152383 0.072917 0.043896
0 0.900000 0.186246 0.200000 0.023829
4 0.500000 0.605351 1.000000 0.789298
8 0.500000 0.036789 1.000000 0.073579
1 0.061111 0.029264 0.077778 0.046823
0 0.240278 0.247492 0.255556 0.027592
8 0.500000 0.125209 1.000000 0.099916
1 0.070486 0.335911 0.092361 0.055602
0 0.554861 0.335911 0.826389 0.029682
2 0.977778 0.049749 0.019444 0.019231
8 0.500000 0.226798 1.000000 0.099916
1 0.070486 0.437500 0.092361 0.055602
0 0.554861 0.437500 0.826389 0.029682
8 0.500000 0.328386 1.000000 0.099916
1 0.070486 0.539089 0.092361 0.055602
0 0.554861 0.539089 0.826389 0.029682
8 0.500000 0.429975 1.000000 0.099916
1 0.070486 0.640677 0.092361 0.055602
0 0.554861 0.640677 0.826389 0.029682
8 0.500000 0.531564 1.000000 0.099916
1 0.070486 0.742266 0.092361 0.055602
0 0.554861 0.742266 0.826389 0.029682
8 0.500000 0.633152 1.000000 0.099916
1 0.070486 0.843855 0.092361 0.055602
0 0.554861 0.843855 0.826389 0.029682
8 0.500000 0.734741 1.000000 0.099916
1 0.070486 0.945443 0.092361 0.055602
0 0.554861 0.945443 0.826389 0.029682
8 0.500000 0.836329 1.000000 0.099916
