4 0.500000 0.558528 1.000000 0.882943
3 0.500000 0.441472 1.000000 0.882943
1 0.085417 0.859323 0.145833 0.032191
1 0.924653 0.045360 0.102083 0.061455
0 0.271528 0.162416 0.123611 0.028010
1 0.433681 0.034281 0.317361 0.022575
0 0.734028 0.162416 0.111111 0.028010
2 0.017014 0.009824 0.034028 0.002090
0 0.499306 0.220736 0.043056 0.020067
2 0.117708 0.009824 0.034028 0.002090
0 0.500000 0.289925 0.470833 0.058110
3 0.500000 0.168269 1.000000 0.102425
3 0.500000 0.609741 1.000000 0.780518
3 0.068056 0.040970 0.136111 0.081940
5 0.548611 0.040970 0.825000 0.058528
1 0.197917 0.076087 0.048611 0.029264
5 0.597222 0.076087 0.725000 0.058528
