0 0.230903 0.071094 0.111806 0.036719
3 0.068056 0.071094 0.136111 0.076563
4 0.500000 0.412500 1.000000 0.825000
4 0.500000 0.521875 1.000000 0.825000
8 0.500000 0.192773 1.000000 0.166797
0 0.500000 0.148242 1.000000 0.077734
6 0.269444 0.208984 0.461111 0.043750
6 0.730556 0.208984 0.461111 0.043750
8 0.500000 0.381445 1.000000 0.210547
0 0.500000 0.315039 1.000000 0.077734
0 0.251389 0.368945 0.425000 0.030078
0 0.857292 0.365625 0.207639 0.023438
5 0.500000 0.429102 0.922222 0.024609
8 0.500000 0.525586 1.000000 0.077734
0 0.500000 0.525586 1.000000 0.077734
8 0.500000 0.597266 1.000000 0.065625
4 0.500000 0.597266 1.000000 0.065625
0 0.441667 0.597070 0.805556 0.030078
6 0.922222 0.597266 0.077778 0.043750
8 0.500000 0.662891 1.000000 0.065625
4 0.500000 0.662891 1.000000 0.065625
0 0.441667 0.662695 0.805556 0.030078
6 0.922222 0.662891 0.077778 0.043750
8 0.500000 0.728516 1.000000 0.065625
4 0.500000 0.728516 1.000000 0.065625
0 0.441667 0.728320 0.805556 0.030078
6 0.922222 0.728516 0.077778 0.043750
8 0.500000 0.794922 1.000000 0.067187
4 0.500000 0.794141 1.000000 0.065625
0 0.441667 0.793945 0.805556 0.030078
6 0.922222 0.794141 0.077778 0.043750
8 0.500000 0.867383 1.000000 0.077734
0 0.500000 0.867383 1.000000 0.077734
8 0.500000 0.920312 1.000000 0.028125
4 0.500000 0.920312 1.000000 0.028125
1 0.077778 0.925781 0.077778 0.017188
0 0.500000 0.929102 0.688889 0.010547
6 0.922222 0.925781 0.077778 0.017188
1 0.087500 0.071094 0.175000 0.065625
3 0.934375 0.071094 0.131250 0.065625
