3 0.500000 0.479883 1.000000 0.762891
8 0.500000 0.043555 1.000000 0.087109
1 0.088194 0.141797 0.116667 0.065625
2 0.146875 0.108789 0.024306 0.013672
0 0.277431 0.124414 0.178472 0.030078
0 0.916667 0.118945 0.108333 0.019141
0 0.304167 0.160547 0.231944 0.026562
8 0.500000 0.133594 1.000000 0.092969
4 0.500000 0.245703 0.729167 0.065625
2 0.205556 0.032617 0.038889 0.024609
0 0.373611 0.032617 0.265278 0.028516
2 0.532639 0.032813 0.020833 0.019531
3 0.054861 0.032813 0.109722 0.065625
1 0.055903 0.065430 0.043750 0.027734
3 0.336806 0.032813 0.673611 0.065625
4 0.448611 0.065625 0.673611 0.065625
3 0.446181 0.065430 0.668750 0.041016
3 0.736806 0.065625 0.061111 0.034375
2 0.030556 0.016992 0.023611 0.019922
3 0.843750 0.065625 0.116667 0.065625
1 0.843750 0.065625 0.058333 0.043750
4 0.951042 0.065625 0.097917 0.065625
1 0.943750 0.065625 0.044444 0.043750
4 0.125000 0.036523 0.250000 0.072266
0 0.124653 0.897656 0.064583 0.054688
4 0.375000 0.897852 0.250000 0.072266
0 0.375000 0.897656 0.094444 0.054688
3 0.625000 0.897852 0.250000 0.072266
0 0.625000 0.897656 0.080556 0.054688
4 0.875000 0.897852 0.250000 0.072266
0 0.874653 0.897656 0.064583 0.054688
