4 0.058333 0.071697 0.116667 0.073161
2 0.058333 0.036371 0.038889 0.023411
0 0.334375 0.036580 0.435417 0.035535
2 0.036458 0.024875 0.036806 0.022157
5 0.478472 0.144858 0.797222 0.049749
4 0.944792 0.144858 0.085417 0.049749
2 0.042708 0.024875 0.036806 0.022157
4 0.500000 0.590719 1.000000 0.818562
8 0.500000 0.029473 1.000000 0.058946
0 0.500000 0.210911 1.000000 0.058946
8 0.500000 0.098453 1.000000 0.079013
6 0.048611 0.279682 0.048611 0.029264
0 0.251042 0.279891 0.307639 0.035535
0 0.696181 0.279891 0.534028 0.029682
8 0.500000 0.177885 1.000000 0.079849
6 0.048611 0.359532 0.048611 0.029264
0 0.251042 0.359741 0.307639 0.035535
0 0.696181 0.359741 0.534028 0.029682
8 0.500000 0.257734 1.000000 0.079849
6 0.048611 0.439381 0.048611 0.029264
0 0.251042 0.439590 0.307639 0.035535
0 0.696181 0.439590 0.534028 0.029682
