0 0.330903 0.070898 0.370139 0.036328
3 0.068056 0.038281 0.136111 0.076563
4 0.500000 0.521875 1.000000 0.825000
8 0.500000 0.051367 1.000000 0.102734
0 0.512153 0.160547 0.902083 0.025781
8 0.500000 0.170703 1.000000 0.136719
8 0.103819 0.279883 0.036806 0.019141
8 0.603819 0.280078 0.792361 0.029687
8 0.603819 0.347070 0.792361 0.002734
8 0.500000 0.307031 1.000000 0.136719
8 0.603819 0.416406 0.792361 0.029687
8 0.603819 0.483398 0.792361 0.002734
8 0.500000 0.443359 1.000000 0.136719
8 0.603819 0.552734 0.792361 0.029687
8 0.603819 0.619727 0.792361 0.002734
8 0.500000 0.579688 1.000000 0.136719
8 0.603819 0.689063 0.792361 0.029687
8 0.500000 0.699023 1.000000 0.102734
0 0.512153 0.808203 0.902083 0.025781
8 0.500000 0.818359 1.000000 0.136719
8 0.103819 0.926172 0.036806 0.016406
8 0.603819 0.923633 0.792361 0.021484
