0 0.500000 0.223438 0.625000 0.029687
5 0.500000 0.332227 0.625000 0.047266
4 0.500000 0.393164 0.625000 0.036328
4 0.220833 0.393164 0.066667 0.036328
0 0.545486 0.392969 0.534028 0.029687
4 0.500000 0.593750 0.625000 0.364844
8 0.507639 0.470117 0.609722 0.047266
0 0.265972 0.470117 0.126389 0.047266
8 0.507639 0.525781 0.609722 0.064844
0 0.292014 0.525781 0.178472 0.064844
8 0.507639 0.590234 0.609722 0.064844
0 0.279514 0.590234 0.153472 0.064844
8 0.507639 0.654687 0.609722 0.064844
0 0.260417 0.654687 0.115278 0.064844
8 0.507639 0.719141 0.609722 0.064844
0 0.253472 0.719141 0.101389 0.064844
8 0.507639 0.763672 0.609722 0.025000
0 0.243750 0.763672 0.081944 0.025000
