4 0.500000 0.366221 1.000000 0.463211
8 0.166667 0.206940 0.333333 0.144649
1 0.166667 0.203595 0.145833 0.087793
0 0.166667 0.263378 0.280556 0.031773
0 0.120486 0.150920 0.053472 0.017559
1 0.231597 0.161580 0.072917 0.020485
8 0.500000 0.206940 0.333333 0.144649
1 0.500000 0.203595 0.145833 0.087793
0 0.499653 0.263378 0.122917 0.031773
8 0.833333 0.206940 0.333333 0.144649
1 0.833333 0.203595 0.145833 0.087793
0 0.833333 0.263378 0.168056 0.031773
8 0.166667 0.366221 0.333333 0.144649
1 0.166667 0.362876 0.145833 0.087793
0 0.166667 0.422659 0.119444 0.031773
8 0.500000 0.366221 0.333333 0.144649
1 0.500000 0.362876 0.145833 0.087793
0 0.499653 0.422659 0.150694 0.031773
8 0.833333 0.366221 0.333333 0.144649
1 0.833333 0.362876 0.145833 0.087793
0 0.832986 0.422659 0.143750 0.031773
8 0.166667 0.525502 0.333333 0.144649
1 0.166667 0.522157 0.145833 0.087793
4 0.138889 0.964674 0.180556 0.043896
4 0.319444 0.964674 0.180556 0.043896
4 0.500000 0.964674 0.180556 0.043896
4 0.680556 0.964674 0.180556 0.043896
4 0.861111 0.964674 0.180556 0.043896
1 0.951389 0.041179 0.097222 0.000418
1 0.060764 0.070234 0.121528 0.070234
4 0.939236 0.070234 0.121528 0.070234
4 0.939236 0.070025 0.072917 0.062291
0 0.939236 0.073788 0.072917 0.043896
5 0.451042 0.070234 0.659028 0.055184
4 0.817014 0.070234 0.072917 0.055184
1 0.817014 0.070025 0.072917 0.043896
