1 0.500000 0.038281 0.123611 0.043750
3 0.068056 0.038281 0.136111 0.076563
3 0.941667 0.071094 0.116667 0.065625
5 0.500000 0.140234 1.000000 0.061719
1 0.077778 0.140234 0.077778 0.032813
5 0.548611 0.139453 0.863889 0.049219
0 0.106944 0.192969 0.140278 0.029687
1 0.500000 0.283203 0.951389 0.109375
0 0.106944 0.373437 0.140278 0.029687
4 0.500000 0.516211 0.951389 0.214453
8 0.475694 0.107227 0.951389 0.214453
1 0.499653 0.497852 0.218750 0.123047
0 0.500000 0.581250 0.137500 0.029687
0 0.256597 0.658984 0.439583 0.029687
4 0.500000 0.801758 0.951389 0.214453
1 0.499653 0.783398 0.218750 0.123047
0 0.500000 0.866797 0.451389 0.029687
