4 0.125000 0.134615 0.250000 0.058528
1 0.125000 0.029264 0.058333 0.035117
4 0.375000 0.134615 0.250000 0.058528
4 0.625000 0.134615 0.250000 0.058528
4 0.875000 0.134615 0.250000 0.058528
4 0.500000 0.581940 1.000000 0.836120
8 0.480556 0.046823 0.883333 0.093645
1 0.097222 0.210702 0.116667 0.070234
0 0.318750 0.210493 0.287500 0.035535
8 0.480556 0.167224 0.883333 0.145485
0 0.121181 0.283863 0.164583 0.051003
1 0.097222 0.357023 0.116667 0.070234
0 0.277431 0.356814 0.204861 0.035535
4 0.076042 0.035117 0.111806 0.070234
1 0.076042 0.070234 0.092361 0.046823
4 0.659722 0.070234 0.136111 0.070234
4 0.795833 0.070234 0.136111 0.070234
4 0.931944 0.070234 0.136111 0.070234
1 0.068056 0.035117 0.136111 0.070234
2 0.970833 0.052676 0.038889 0.023411
