4 0.072917 0.069189 0.145833 0.068144
0 0.500000 0.069398 0.659722 0.045151
5 0.500000 0.133988 0.961111 0.036371
2 0.054167 0.029682 0.030556 0.018395
8 0.500000 0.581940 1.000000 0.836120
8 0.500000 0.186246 1.000000 0.044732
8 0.500000 0.081104 1.000000 0.071070
0 0.143403 0.244983 0.228472 0.035953
0 0.899306 0.244983 0.075000 0.035953
8 0.500000 0.153010 1.000000 0.071070
0 0.182292 0.316890 0.306250 0.035953
0 0.886806 0.316890 0.100000 0.035953
8 0.500000 0.224916 1.000000 0.071070
0 0.151736 0.388796 0.245139 0.035953
0 0.899306 0.388796 0.075000 0.035953
8 0.500000 0.296823 1.000000 0.071070
0 0.137153 0.460702 0.215972 0.035953
0 0.886806 0.460702 0.100000 0.035953
8 0.500000 0.368729 1.000000 0.071070
0 0.161458 0.532609 0.264583 0.035953
0 0.899306 0.532609 0.075000 0.035953
8 0.500000 0.440635 1.000000 0.071070
0 0.191319 0.604515 0.324306 0.035953
0 0.886806 0.604515 0.100000 0.035953
8 0.500000 0.512542 1.000000 0.071070
0 0.198611 0.676421 0.338889 0.035953
0 0.911806 0.676421 0.050000 0.035953
8 0.500000 0.584448 1.000000 0.071070
0 0.133333 0.748328 0.208333 0.035953
0 0.886806 0.748328 0.100000 0.035953
8 0.500000 0.656355 1.000000 0.071070
0 0.154861 0.820234 0.251389 0.035953
0 0.899306 0.820234 0.075000 0.035953
8 0.500000 0.728261 1.000000 0.071070
0 0.123958 0.892140 0.189583 0.035953
0 0.886806 0.892140 0.100000 0.035953
8 0.500000 0.800167 1.000000 0.071070
0 0.138542 0.964047 0.218750 0.035953
0 0.899306 0.964047 0.075000 0.035953
8 0.963542 0.581940 0.072917 0.821070
