1 0.073611 0.075669 0.048611 0.029264
5 0.488194 0.075669 0.755556 0.036789
1 0.939236 0.075460 0.072917 0.043896
0 0.499653 0.160744 0.368750 0.035535
4 0.500000 0.436455 1.000000 0.471572
8 0.125000 0.029473 0.250000 0.058946
0 0.125000 0.230142 0.225000 0.043896
8 0.375000 0.029473 0.250000 0.058946
0 0.375000 0.230142 0.225000 0.043896
8 0.625000 0.029473 0.250000 0.058946
0 0.625000 0.230142 0.225000 0.043896
8 0.875000 0.029473 0.250000 0.058946
0 0.875000 0.230142 0.225000 0.043896
8 0.125000 0.088420 0.250000 0.058946
0 0.125000 0.289089 0.225000 0.043896
8 0.375000 0.088420 0.250000 0.058946
0 0.375000 0.289089 0.225000 0.043896
8 0.625000 0.088420 0.250000 0.058946
0 0.625000 0.289089 0.225000 0.043896
8 0.875000 0.088420 0.250000 0.058946
0 0.875000 0.289089 0.225000 0.043896
8 0.125000 0.147366 0.250000 0.058946
0 0.125000 0.348035 0.225000 0.043896
8 0.375000 0.147366 0.250000 0.058946
0 0.375000 0.348035 0.225000 0.043896
8 0.625000 0.147366 0.250000 0.058946
0 0.625000 0.348035 0.225000 0.043896
8 0.875000 0.147366 0.250000 0.058946
0 0.875000 0.348035 0.225000 0.043896
8 0.125000 0.206313 0.250000 0.058946
0 0.125000 0.406982 0.225000 0.043896
8 0.375000 0.206313 0.250000 0.058946
0 0.375000 0.406982 0.225000 0.043896
8 0.625000 0.206313 0.250000 0.058946
0 0.625000 0.406982 0.225000 0.043896
8 0.875000 0.206313 0.250000 0.058946
0 0.875000 0.406982 0.225000 0.043896
8 0.125000 0.265259 0.250000 0.058946
0 0.125000 0.465928 0.225000 0.043896
8 0.375000 0.265259 0.250000 0.058946
0 0.375000 0.465928 0.225000 0.043896
8 0.625000 0.265259 0.250000 0.058946
0 0.625000 0.465928 0.225000 0.043896
8 0.875000 0.265259 0.250000 0.058946
0 0.875000 0.465928 0.225000 0.043896
8 0.125000 0.324206 0.250000 0.058946
0 0.125000 0.524875 0.225000 0.043896
8 0.375000 0.324206 0.250000 0.058946
0 0.375000 0.524875 0.225000 0.043896
8 0.625000 0.324206 0.250000 0.058946
0 0.625000 0.524875 0.225000 0.043896
8 0.875000 0.324206 0.250000 0.058946
0 0.875000 0.524875 0.225000 0.043896
8 0.125000 0.383152 0.250000 0.058946
0 0.125000 0.583821 0.225000 0.043896
8 0.375000 0.383152 0.250000 0.058946
0 0.375000 0.583821 0.225000 0.043896
8 0.625000 0.383152 0.250000 0.058946
0 0.625000 0.583821 0.225000 0.043896
8 0.875000 0.383152 0.250000 0.058946
0 0.875000 0.583821 0.225000 0.043896
8 0.125000 0.442099 0.250000 0.058946
0 0.125000 0.642768 0.225000 0.043896
8 0.375000 0.442099 0.250000 0.058946
0 0.375000 0.642768 0.225000 0.043896
