0 0.303472 0.071094 0.286111 0.032031
3 0.068056 0.038281 0.136111 0.076563
3 0.048611 0.038281 0.097222 0.065625
3 0.166667 0.142383 0.333333 0.062891
3 0.500000 0.142383 0.333333 0.062891
3 0.833333 0.142383 0.333333 0.062891
0 0.117708 0.214648 0.179861 0.050391
4 0.500000 0.285156 0.944444 0.087500
1 0.088194 0.285156 0.080556 0.045312
0 0.191319 0.264844 0.085417 0.024219
0 0.550347 0.294141 0.803472 0.034375
4 0.500000 0.374219 0.944444 0.087500
1 0.088194 0.374219 0.080556 0.045312
0 0.169097 0.353906 0.040972 0.024219
0 0.550347 0.383203 0.803472 0.034375
4 0.500000 0.463281 0.944444 0.087500
1 0.088194 0.467969 0.080556 0.045312
0 0.203819 0.447656 0.110417 0.024219
0 0.250347 0.482227 0.203472 0.023828
0 0.117708 0.552148 0.179861 0.050391
4 0.500000 0.622656 0.944444 0.087500
1 0.088194 0.622656 0.080556 0.045312
0 0.191319 0.602344 0.085417 0.024219
0 0.550347 0.631641 0.803472 0.034375
4 0.500000 0.711719 0.944444 0.087500
1 0.088194 0.711719 0.080556 0.045312
0 0.169097 0.691406 0.040972 0.024219
0 0.550347 0.720703 0.803472 0.034375
4 0.500000 0.792969 0.944444 0.071875
1 0.088194 0.805469 0.080556 0.045312
0 0.203819 0.785156 0.110417 0.024219
0 0.250347 0.818359 0.203472 0.021094
4 0.500000 0.879492 0.944444 0.078516
3 0.500000 0.879492 0.944444 0.078516
