4 0.068056 0.068359 0.136111 0.071094
1 0.067708 0.068164 0.102083 0.057422
0 0.500000 0.068359 0.486111 0.035156
4 0.927083 0.035547 0.145833 0.071094
4 0.166667 0.131445 0.333333 0.055078
0 0.166319 0.131445 0.120139 0.027734
4 0.500000 0.131445 0.333333 0.055078
0 0.500000 0.131445 0.156944 0.027734
4 0.833333 0.131445 0.333333 0.055078
0 0.833333 0.131445 0.138889 0.027734
1 0.500000 0.161133 0.333333 0.004297
8 0.500000 0.548828 1.000000 0.771094
4 0.500000 0.385547 1.000000 0.771094
5 0.500000 0.202734 0.951389 0.054688
2 0.063542 0.202539 0.043750 0.024609
0 0.500000 0.420898 1.000000 0.027734
4 0.500000 0.825000 1.000000 0.032813
1 0.384028 0.825000 0.058333 0.032813
0 0.528819 0.825000 0.231250 0.025781
