4 0.940278 0.135452 0.119444 0.060201
5 0.440278 0.135452 0.880556 0.057692
4 0.829167 0.133779 0.077778 0.046823
4 0.500000 0.582776 1.000000 0.834448
8 0.500000 0.064590 1.000000 0.129181
8 0.050694 0.026338 0.101389 0.052676
8 0.550694 0.064590 0.898611 0.129181
0 0.449306 0.019440 0.898611 0.038880
0 0.449306 0.084030 0.898611 0.090301
8 0.500000 0.180811 1.000000 0.101589
8 0.550694 0.050794 0.898611 0.101589
0 0.449306 0.070234 0.898611 0.062709
4 0.305903 0.035117 0.571528 0.070234
1 0.068750 0.070234 0.077778 0.046823
0 0.344792 0.070025 0.454861 0.035535
3 0.659722 0.070234 0.136111 0.070234
3 0.795833 0.070234 0.136111 0.070234
3 0.340278 0.035117 0.136111 0.070234
