8 0.500000 0.139453 0.961111 0.257031
3 0.500000 0.143945 0.961111 0.047266
4 0.500000 0.202539 0.961111 0.069922
1 0.080208 0.203320 0.121528 0.068359
0 0.551042 0.192969 0.820139 0.021094
0 0.551042 0.213867 0.820139 0.020703
4 0.500000 0.272461 0.961111 0.069922
1 0.080208 0.273242 0.121528 0.068359
0 0.551042 0.262891 0.820139 0.021094
0 0.551042 0.283789 0.820139 0.020703
4 0.500000 0.342383 0.961111 0.069922
1 0.080208 0.343164 0.121528 0.068359
0 0.551042 0.342969 0.820139 0.024219
8 0.500000 0.474609 0.961111 0.396875
3 0.500000 0.409180 0.961111 0.047266
4 0.500000 0.467773 0.961111 0.069922
1 0.080208 0.468555 0.121528 0.068359
0 0.551042 0.468359 0.820139 0.024219
4 0.500000 0.537695 0.961111 0.069922
1 0.080208 0.538477 0.121528 0.068359
0 0.551042 0.538281 0.820139 0.024219
4 0.500000 0.607617 0.961111 0.069922
1 0.080208 0.608398 0.121528 0.068359
0 0.551042 0.608203 0.820139 0.024219
4 0.500000 0.677539 0.961111 0.069922
1 0.080208 0.678320 0.121528 0.068359
0 0.551042 0.678125 0.820139 0.024219
4 0.500000 0.747461 0.961111 0.069922
1 0.080208 0.748242 0.121528 0.068359
0 0.551042 0.748047 0.820139 0.024219
4 0.500000 0.078125 1.000000 0.090625
4 0.500000 0.078125 0.961111 0.068750
4 0.919444 0.078125 0.097222 0.054688
4 0.070833 0.078125 0.077778 0.043750
5 0.490278 0.078125 0.761111 0.039844
