4 0.068056 0.038281 0.136111 0.076563
5 0.519444 0.088477 0.645833 0.033203
3 0.048611 0.038281 0.097222 0.065625
7 0.248611 0.032813 0.251389 0.065625
7 0.500000 0.032813 0.251389 0.065625
7 0.751389 0.032813 0.251389 0.065625
8 0.500000 0.360742 1.000000 0.721484
8 0.250000 0.224023 0.500000 0.448047
1 0.250000 0.353516 0.476389 0.267969
3 0.250000 0.513281 0.476389 0.051562
1 0.079861 0.616016 0.097222 0.054688
3 0.308333 0.616016 0.320833 0.025781
8 0.750000 0.224023 0.500000 0.448047
1 0.750000 0.353516 0.476389 0.267969
3 0.750000 0.513281 0.476389 0.051562
1 0.579861 0.616016 0.097222 0.054688
3 0.808333 0.616016 0.320833 0.025781
8 0.250000 0.684961 0.500000 0.473828
1 0.250000 0.766797 0.476389 0.198437
8 0.750000 0.672070 0.500000 0.448047
1 0.750000 0.766797 0.476389 0.198437
4 0.893056 0.805859 0.136111 0.076563
4 0.388889 0.034180 0.777778 0.068359
