6 0.256944 0.142977 0.483333 0.056856
6 0.743056 0.142977 0.483333 0.056856
4 0.245486 0.233069 0.460417 0.108278
0 0.245139 0.207358 0.120833 0.041806
0 0.245486 0.257734 0.324306 0.043896
1 0.500000 0.232860 0.048611 0.029264
4 0.754514 0.233069 0.460417 0.108278
0 0.754167 0.207358 0.054167 0.041806
0 0.754514 0.257734 0.229861 0.043896
4 0.256944 0.344482 0.483333 0.096154
0 0.152431 0.324833 0.225694 0.027592
0 0.182639 0.358278 0.286111 0.039298
4 0.743056 0.344482 0.483333 0.096154
0 0.614236 0.324833 0.177083 0.027592
0 0.680208 0.358278 0.309028 0.039298
3 0.500000 0.964883 1.000000 0.070234
0 0.486458 0.070025 0.832639 0.036371
1 0.951389 0.070025 0.097222 0.051421
