1 0.568056 0.074609 0.097222 0.043750
3 0.327778 0.074609 0.358333 0.043750
3 0.808333 0.074609 0.358333 0.043750
3 0.068056 0.038281 0.136111 0.076563
4 0.500000 0.532227 1.000000 0.667578
8 0.500000 0.263281 1.000000 0.129688
3 0.072917 0.232813 0.097222 0.041406
3 0.184375 0.232813 0.090972 0.041406
3 0.336111 0.232813 0.177778 0.041406
3 0.555556 0.232813 0.226389 0.041406
3 0.746875 0.232813 0.121528 0.041406
3 0.109028 0.281250 0.169444 0.041406
3 0.275347 0.281250 0.128472 0.041406
3 0.427431 0.281250 0.140972 0.041406
1 0.946875 0.315820 0.106250 0.024609
8 0.500000 0.421289 1.000000 0.186328
1 0.109722 0.482812 0.087500 0.049219
4 0.304167 0.482812 0.087500 0.049219
1 0.499306 0.482812 0.087500 0.049219
4 0.694444 0.482812 0.087500 0.049219
4 0.889583 0.482812 0.087500 0.049219
4 0.500000 0.389648 1.000000 0.123047
4 0.920139 0.364258 0.111111 0.058984
1 0.920139 0.364258 0.111111 0.058984
4 0.926736 0.418945 0.097917 0.037109
1 0.932639 0.422461 0.061111 0.030078
3 0.444444 0.357227 0.791667 0.030859
1 0.075694 0.385742 0.029167 0.026172
3 0.477431 0.408594 0.725694 0.057813
8 0.500000 0.572852 1.000000 0.116797
4 0.500000 0.572852 1.000000 0.116797
4 0.920139 0.550977 0.111111 0.058984
1 0.920139 0.550977 0.111111 0.058984
4 0.926736 0.599023 0.097917 0.037109
1 0.932639 0.602539 0.061111 0.030078
3 0.444444 0.541406 0.791667 0.025781
1 0.075694 0.567383 0.029167 0.026172
3 0.477431 0.574219 0.725694 0.025781
8 0.500000 0.689648 1.000000 0.116797
4 0.500000 0.689648 1.000000 0.116797
4 0.920139 0.667773 0.111111 0.058984
1 0.920139 0.667773 0.111111 0.058984
4 0.926736 0.715820 0.097917 0.037109
1 0.932639 0.719336 0.061111 0.030078
3 0.444444 0.658203 0.791667 0.025781
1 0.075694 0.684180 0.029167 0.026172
3 0.477431 0.691016 0.725694 0.025781
8 0.500000 0.806445 1.000000 0.116797
4 0.500000 0.806445 1.000000 0.116797
4 0.920139 0.784570 0.111111 0.058984
1 0.920139 0.784570 0.111111 0.058984
4 0.926736 0.832617 0.097917 0.037109
1 0.932639 0.836133 0.061111 0.030078
3 0.444444 0.775000 0.791667 0.025781
1 0.075694 0.800977 0.029167 0.026172
3 0.477431 0.807813 0.725694 0.025781
8 0.500000 0.865430 1.000000 0.001172
4 0.500000 0.865430 1.000000 0.001172
3 0.500000 0.034180 1.000000 0.068359
1 0.779861 0.153906 0.048611 0.032813
1 0.864236 0.154688 0.046528 0.034375
1 0.950000 0.153906 0.051389 0.032813
5 0.380208 0.154688 0.711806 0.043750
1 0.697222 0.154688 0.077778 0.043750
