0 0.304861 0.071094 0.259722 0.029687
3 0.068056 0.038281 0.136111 0.076563
3 0.048611 0.038281 0.097222 0.065625
5 0.456250 0.154297 0.887500 0.061719
4 0.943750 0.154297 0.087500 0.061719
0 0.075347 0.243359 0.100694 0.029687
5 0.327083 0.243359 0.377778 0.061719
0 0.562847 0.242773 0.093750 0.033203
5 0.798611 0.243359 0.377778 0.061719
0 0.097917 0.317969 0.145833 0.029687
5 0.394444 0.317969 0.447222 0.032813
0 0.336111 0.317969 0.330556 0.029687
6 0.120486 0.383594 0.215972 0.043750
6 0.167361 0.427344 0.309722 0.043750
4 0.500000 0.102539 1.000000 0.205078
