4 0.063194 0.065625 0.126389 0.065625
0 0.063194 0.065625 0.077778 0.043750
5 0.563194 0.065625 0.825000 0.065625
4 0.500000 0.255273 1.000000 0.312109
8 0.500000 0.033203 1.000000 0.066406
3 0.500000 0.132031 1.000000 0.065625
8 0.500000 0.255273 1.000000 0.179297
0 0.500000 0.212695 1.000000 0.061328
0 0.104514 0.265234 0.121528 0.043750
0 0.104514 0.294922 0.121528 0.025781
4 0.388194 0.042578 0.776389 0.085156
0 0.553472 0.275391 0.776389 0.029687
0 0.553472 0.300195 0.776389 0.022266
8 0.500000 0.278906 1.000000 0.066406
3 0.500000 0.378516 1.000000 0.065625
