6 0.500000 0.483594 1.000000 0.901563
4 0.184722 0.073828 0.369444 0.147656
1 0.184722 0.092969 0.350000 0.120313
0 0.184722 0.131055 0.350000 0.044141
3 0.946528 0.065625 0.068056 0.038281
4 0.844444 0.065625 0.097222 0.054688
5 0.395486 0.065625 0.781250 0.049219
4 0.500000 0.516406 1.000000 0.835938
8 0.500000 0.120508 0.961111 0.044141
4 0.500000 0.110352 0.908333 0.023828
8 0.082986 0.148438 0.165972 0.084375
0 0.128819 0.107031 0.140972 0.017188
8 0.268403 0.148242 0.165972 0.083984
0 0.314236 0.106836 0.140972 0.016797
8 0.453819 0.148438 0.165972 0.084375
0 0.499653 0.107031 0.140972 0.017188
8 0.639236 0.148438 0.165972 0.084375
0 0.685069 0.107031 0.140972 0.017188
8 0.824653 0.148438 0.165972 0.084375
0 0.870486 0.107031 0.140972 0.017188
8 0.500000 0.230273 0.961111 0.175391
0 0.440278 0.207617 0.788889 0.067578
4 0.882292 0.207617 0.095139 0.053516
4 0.500000 0.289453 0.908333 0.016406
8 0.500000 0.626172 0.961111 0.616406
0 0.434375 0.382031 0.777083 0.065625
4 0.876389 0.382031 0.106944 0.060156
0 0.500000 0.637109 0.908333 0.364844
1 0.433333 0.876367 0.108333 0.058984
1 0.565972 0.876367 0.108333 0.058984
