4 0.106944 0.083594 0.058333 0.032813
5 0.495139 0.083789 0.640278 0.033203
4 0.888194 0.083594 0.068056 0.038281
8 0.461111 0.038477 0.922222 0.076953
1 0.087500 0.173437 0.097222 0.046875
8 0.301389 0.162500 0.330556 0.025781
8 0.200347 0.186523 0.128472 0.022266
8 0.461111 0.115430 0.922222 0.076953
1 0.087500 0.250391 0.097222 0.046875
8 0.306597 0.239453 0.340972 0.025781
8 0.232639 0.263477 0.193056 0.022266
8 0.461111 0.192383 0.922222 0.076953
1 0.087500 0.327344 0.097222 0.046875
8 0.403472 0.316406 0.534722 0.025781
8 0.371875 0.340430 0.471528 0.022266
8 0.461111 0.269336 0.922222 0.076953
1 0.087500 0.404297 0.097222 0.046875
8 0.323958 0.393359 0.375694 0.025781
8 0.200347 0.417383 0.128472 0.022266
