5 0.461111 0.065625 0.844444 0.065625
1 0.941667 0.065625 0.116667 0.065625
4 0.166667 0.032813 0.333333 0.065625
0 0.166667 0.131055 0.147222 0.022266
4 0.500000 0.032813 0.333333 0.065625
0 0.500000 0.131055 0.125000 0.022266
4 0.833333 0.032813 0.333333 0.065625
0 0.833333 0.131055 0.147222 0.022266
8 0.166667 0.097656 0.333333 0.195312
1 0.165972 0.247266 0.194444 0.109375
0 0.165972 0.247070 0.029167 0.036328
0 0.166667 0.324609 0.034722 0.025781
4 0.166667 0.896094 0.333333 0.076563
1 0.166667 0.882422 0.058333 0.032813
0 0.166667 0.911719 0.275000 0.025781
4 0.500000 0.896094 0.333333 0.076563
1 0.500000 0.885156 0.058333 0.032813
0 0.500000 0.913477 0.275000 0.022266
0 0.538889 0.874219 0.059722 0.021875
4 0.833333 0.896094 0.333333 0.076563
1 0.833333 0.885156 0.058333 0.032813
0 0.833333 0.913477 0.275000 0.022266
4 0.893056 0.797656 0.136111 0.076563
