0 0.255903 0.070898 0.161806 0.036328
3 0.068056 0.038281 0.136111 0.076563
3 0.805556 0.071094 0.116667 0.065625
5 0.931944 0.071094 0.136111 0.076563
1 0.068056 0.038281 0.136111 0.076563
5 0.500000 0.071094 1.000000 0.076563
8 0.500000 0.379688 1.000000 0.759375
4 0.500000 0.152344 1.000000 0.085938
4 0.090972 0.152344 0.097222 0.054688
5 0.509722 0.152344 0.740278 0.054688
6 0.500000 0.532031 1.000000 0.673438
8 0.500000 0.083398 1.000000 0.079297
4 0.097569 0.278711 0.102083 0.057422
1 0.051042 0.028711 0.102083 0.057422
0 0.872569 0.289844 0.161806 0.029687
0 0.490972 0.278711 0.601389 0.036328
7 0.250000 0.032813 0.500000 0.065625
1 0.250000 0.032617 0.441667 0.030078
7 0.750000 0.032813 0.500000 0.065625
