4 0.500000 0.345703 1.000000 0.472656
8 0.256944 0.236328 0.458333 0.355469
8 0.256944 0.345703 0.458333 0.355469
1 0.256944 0.284180 0.458333 0.232422
0 0.198611 0.412695 0.106944 0.024609
0 0.315278 0.412695 0.106944 0.024609
0 0.256944 0.435547 0.458333 0.021094
0 0.256944 0.473242 0.458333 0.054297
1 0.256944 0.345703 0.458333 0.355469
3 0.256250 0.896289 0.462500 0.048047
3 0.743750 0.896289 0.462500 0.048047
1 0.912500 0.071094 0.077778 0.043750
5 0.465972 0.071094 0.659722 0.076563
1 0.213889 0.071094 0.077778 0.043750
5 0.465972 0.070312 0.426389 0.049219
1 0.727778 0.070312 0.097222 0.049219
3 0.068056 0.038281 0.136111 0.076563
