0 0.309375 0.071094 0.327083 0.029687
3 0.068056 0.038281 0.136111 0.076563
3 0.125000 0.142187 0.250000 0.065625
3 0.375000 0.142187 0.250000 0.065625
3 0.625000 0.142187 0.250000 0.065625
3 0.875000 0.142187 0.250000 0.065625
8 0.500000 0.379688 1.000000 0.759375
5 0.393056 0.213281 0.766667 0.061719
3 0.883333 0.213281 0.213889 0.065625
0 0.500000 0.298828 0.951389 0.039844
0 0.500000 0.342773 0.951389 0.048047
5 0.393056 0.406641 0.737500 0.061719
3 0.868750 0.406641 0.213889 0.065625
0 0.500000 0.486719 0.951389 0.039844
0 0.500000 0.519531 0.951389 0.025781
3 0.500000 0.572266 0.951389 0.065625
