0 0.309028 0.070898 0.268056 0.036328
3 0.068056 0.038281 0.136111 0.076563
7 0.125000 0.032813 0.250000 0.065625
0 0.125000 0.142187 0.191667 0.025781
7 0.364931 0.032813 0.229861 0.065625
0 0.364931 0.142187 0.171528 0.025781
7 0.567361 0.032813 0.175000 0.065625
0 0.567014 0.142187 0.106250 0.025781
7 0.752083 0.032813 0.194444 0.065625
0 0.752083 0.142187 0.136111 0.025781
8 0.500000 0.379688 1.000000 0.759375
0 0.378472 0.213281 0.718056 0.025781
3 0.893056 0.213281 0.213889 0.065625
0 0.500000 0.308594 0.922222 0.070312
3 0.863889 0.382031 0.213889 0.065625
8 0.500000 0.459766 0.951389 0.029687
8 0.500000 0.097266 0.951389 0.053125
0 0.500000 0.528516 0.927778 0.025781
8 0.500000 0.597266 0.951389 0.029687
8 0.500000 0.397852 0.951389 0.379297
0 0.180208 0.674219 0.195139 0.025781
2 0.058333 0.706250 0.029167 0.016406
0 0.518403 0.721289 0.865972 0.068359
0 0.212153 0.768359 0.259028 0.025781
0 0.547569 0.768359 0.295139 0.025781
0 0.215972 0.826953 0.188889 0.025781
0 0.594444 0.826953 0.568056 0.025781
0 0.215972 0.852734 0.188889 0.025781
0 0.594444 0.852734 0.568056 0.025781
0 0.215972 0.878516 0.188889 0.025781
0 0.594444 0.878516 0.568056 0.025781
4 0.893056 0.874219 0.136111 0.076563
