4 0.125000 0.134615 0.250000 0.058528
1 0.125000 0.029264 0.058333 0.035117
4 0.375000 0.134615 0.250000 0.058528
4 0.625000 0.134615 0.250000 0.058528
4 0.875000 0.134615 0.250000 0.058528
0 0.500000 0.372910 0.755556 0.031773
4 0.500000 0.492893 0.243056 0.146321
4 0.076042 0.035117 0.111806 0.070234
1 0.076042 0.070234 0.092361 0.046823
4 0.659722 0.070234 0.136111 0.070234
4 0.795833 0.070234 0.136111 0.070234
4 0.931944 0.070234 0.136111 0.070234
1 0.068056 0.035117 0.136111 0.070234
2 0.970833 0.052676 0.038889 0.023411
