1 0.060764 0.071697 0.121528 0.073161
0 0.500000 0.071697 0.756944 0.073161
3 0.254861 0.963211 0.490278 0.070234
3 0.745139 0.963211 0.490278 0.070234
4 0.500000 0.514423 1.000000 0.812291
8 0.500000 0.028428 1.000000 0.056856
0 0.079167 0.141722 0.138889 0.031773
8 0.500000 0.080686 1.000000 0.046823
0 0.461111 0.188963 0.883333 0.046823
6 0.941667 0.188963 0.077778 0.046823
8 0.500000 0.127926 1.000000 0.046823
0 0.461111 0.236204 0.883333 0.046823
6 0.941667 0.236204 0.077778 0.046823
8 0.500000 0.175167 1.000000 0.046823
0 0.461111 0.283445 0.883333 0.046823
6 0.941667 0.283445 0.077778 0.046823
8 0.500000 0.222408 1.000000 0.046823
0 0.461111 0.330686 0.883333 0.046823
6 0.941667 0.330686 0.077778 0.046823
8 0.500000 0.274666 1.000000 0.056856
0 0.171528 0.387960 0.323611 0.031773
8 0.500000 0.326923 1.000000 0.046823
0 0.461111 0.435201 0.883333 0.046823
6 0.941667 0.435201 0.077778 0.046823
8 0.500000 0.374164 1.000000 0.046823
0 0.461111 0.482441 0.883333 0.046823
6 0.941667 0.482441 0.077778 0.046823
8 0.500000 0.421405 1.000000 0.046823
0 0.461111 0.529682 0.883333 0.046823
6 0.941667 0.529682 0.077778 0.046823
8 0.500000 0.468645 1.000000 0.046823
0 0.461111 0.576923 0.883333 0.046823
6 0.941667 0.576923 0.077778 0.046823
8 0.500000 0.515886 1.000000 0.046823
0 0.461111 0.624164 0.883333 0.046823
6 0.941667 0.624164 0.077778 0.046823
8 0.500000 0.563127 1.000000 0.046823
0 0.461111 0.671405 0.883333 0.046823
6 0.941667 0.671405 0.077778 0.046823
8 0.500000 0.610368 1.000000 0.046823
0 0.461111 0.718645 0.883333 0.046823
6 0.941667 0.718645 0.077778 0.046823
8 0.500000 0.657609 1.000000 0.046823
0 0.461111 0.765886 0.883333 0.046823
6 0.941667 0.765886 0.077778 0.046823
8 0.500000 0.704849 1.000000 0.046823
0 0.461111 0.813127 0.883333 0.046823
6 0.941667 0.813127 0.077778 0.046823
8 0.500000 0.752090 1.000000 0.046823
0 0.461111 0.860368 0.883333 0.046823
6 0.941667 0.860368 0.077778 0.046823
8 0.500000 0.799331 1.000000 0.046823
0 0.461111 0.902383 0.883333 0.036371
6 0.941667 0.902383 0.077778 0.036371
