3 0.068056 0.038281 0.136111 0.076563
5 0.563889 0.071094 0.777778 0.065625
5 0.515278 0.071094 0.641667 0.049219
1 0.884722 0.071094 0.097222 0.065625
4 0.500000 0.483594 0.961111 0.748437
8 0.480556 0.269727 0.961111 0.539453
0 0.519444 0.146094 0.961111 0.029687
4 0.500000 0.509375 1.000000 0.696875
8 0.500000 0.038281 1.000000 0.076563
3 0.500000 0.199219 1.000000 0.076563
8 0.500000 0.114844 1.000000 0.076563
3 0.500000 0.275781 1.000000 0.076563
8 0.500000 0.191406 1.000000 0.076563
3 0.500000 0.352344 1.000000 0.076563
8 0.500000 0.267969 1.000000 0.076563
3 0.500000 0.428906 1.000000 0.076563
8 0.500000 0.344531 1.000000 0.076563
3 0.500000 0.505469 1.000000 0.076563
8 0.500000 0.421094 1.000000 0.076563
3 0.500000 0.582031 1.000000 0.076563
8 0.500000 0.497656 1.000000 0.076563
3 0.500000 0.658594 1.000000 0.076563
8 0.500000 0.574219 1.000000 0.076563
3 0.500000 0.735156 1.000000 0.076563
