0 0.500000 0.079013 1.000000 0.046823
0 0.500000 0.116639 0.202778 0.027592
4 0.065625 0.086329 0.102083 0.061455
1 0.947569 0.066681 0.104861 0.063127
4 0.125000 0.956731 0.250000 0.086538
1 0.124653 0.942099 0.095139 0.057274
0 0.125000 0.979515 0.058333 0.023411
4 0.375000 0.956731 0.250000 0.086538
1 0.374653 0.942099 0.095139 0.057274
0 0.375000 0.979306 0.113889 0.020485
4 0.625000 0.956731 0.250000 0.086538
1 0.624653 0.942099 0.095139 0.057274
0 0.625000 0.979306 0.118056 0.020485
4 0.875000 0.956731 0.250000 0.086538
1 0.874653 0.942099 0.095139 0.057274
0 0.875000 0.979306 0.105556 0.020485
4 0.919792 0.351380 0.092361 0.055602
1 0.919444 0.351171 0.077778 0.046823
5 0.448958 0.351380 0.839583 0.055602
4 0.820139 0.351589 0.097222 0.058528
4 0.500000 0.462584 0.931944 0.079013
0 0.499653 0.462584 0.497917 0.035535
4 0.500000 0.570861 0.931944 0.079013
0 0.500000 0.570861 0.156944 0.035535
4 0.868750 0.680811 0.194444 0.079013
1 0.868750 0.672241 0.077778 0.046823
0 0.868403 0.702759 0.132639 0.035117
4 0.399306 0.680811 0.734722 0.079013
0 0.385764 0.678930 0.203472 0.043478
