3 0.068056 0.038281 0.136111 0.076563
4 0.854167 0.071094 0.058333 0.049219
1 0.854167 0.071094 0.058333 0.049219
3 0.941667 0.071094 0.116667 0.065625
0 0.480556 0.070898 0.669444 0.036328
1 0.490278 0.245117 0.272222 0.232422
3 0.500000 0.409180 0.931944 0.068359
0 0.280208 0.456250 0.035417 0.025781
3 0.524653 0.456250 0.424306 0.025781
0 0.500000 0.491016 0.931944 0.043750
1 0.661458 0.554688 0.121528 0.056250
3 0.438889 0.554688 0.323611 0.056250
4 0.500000 0.614844 0.426389 0.064062
0 0.396875 0.614844 0.220139 0.025781
3 0.260764 0.676953 0.453472 0.060156
3 0.738889 0.676953 0.454167 0.060156
3 0.500000 0.750781 0.931944 0.060156
0 0.202431 0.816992 0.336806 0.044922
3 0.219444 0.885547 0.370833 0.092188
