4 0.877431 0.135452 0.245139 0.056020
1 0.801389 0.135452 0.077778 0.046823
2 0.877431 0.135242 0.043750 0.025502
1 0.953472 0.135452 0.077778 0.046823
4 0.695139 0.135452 0.119444 0.060201
5 0.317708 0.135452 0.635417 0.057692
4 0.584028 0.133779 0.077778 0.046823
4 0.500000 0.582776 1.000000 0.834448
8 0.500000 0.033027 1.000000 0.066054
8 0.050694 0.026338 0.101389 0.052676
8 0.550694 0.033027 0.898611 0.066054
0 0.449306 0.015468 0.898611 0.030936
0 0.449306 0.048495 0.898611 0.035117
8 0.500000 0.099916 1.000000 0.066054
8 0.500000 0.166806 1.000000 0.066054
8 0.500000 0.233696 1.000000 0.066054
8 0.500000 0.300585 1.000000 0.066054
8 0.500000 0.367475 1.000000 0.066054
8 0.500000 0.434365 1.000000 0.066054
8 0.500000 0.501254 1.000000 0.066054
8 0.500000 0.568144 1.000000 0.066054
8 0.500000 0.635033 1.000000 0.066054
8 0.500000 0.701923 1.000000 0.066054
8 0.500000 0.768813 1.000000 0.066054
4 0.305903 0.035117 0.571528 0.070234
1 0.068750 0.070234 0.077778 0.046823
0 0.344792 0.070025 0.454861 0.035535
3 0.659722 0.070234 0.136111 0.070234
3 0.795833 0.070234 0.136111 0.070234
3 0.340278 0.035117 0.136111 0.070234
