0 0.456250 0.070898 0.562500 0.033984
3 0.068056 0.038281 0.136111 0.076563
1 0.359028 0.143359 0.048611 0.027344
0 0.418056 0.143555 0.054167 0.024609
4 0.603472 0.143555 0.219444 0.041016
1 0.566667 0.143359 0.048611 0.027344
0 0.631597 0.143555 0.065972 0.024609
5 0.445139 0.207617 0.840278 0.058984
1 0.932639 0.207422 0.061111 0.034375
4 0.500000 0.592773 1.000000 0.683203
8 0.500000 0.042188 1.000000 0.084375
0 0.338889 0.271289 0.643056 0.026172
0 0.821528 0.272461 0.322222 0.020703
0 0.283333 0.296094 0.531944 0.023438
3 0.110417 0.318164 0.186111 0.020703
8 0.500000 0.128125 1.000000 0.084375
0 0.338889 0.357227 0.643056 0.026172
0 0.821528 0.358398 0.322222 0.020703
0 0.236111 0.382031 0.437500 0.023438
3 0.110417 0.404102 0.186111 0.020703
8 0.500000 0.214062 1.000000 0.084375
0 0.338889 0.443164 0.643056 0.026172
0 0.821528 0.444336 0.322222 0.020703
0 0.298264 0.467969 0.561806 0.023438
3 0.110417 0.490039 0.186111 0.020703
8 0.500000 0.300000 1.000000 0.084375
0 0.338889 0.529102 0.643056 0.026172
0 0.821528 0.530273 0.322222 0.020703
0 0.263194 0.553906 0.491667 0.023438
3 0.110417 0.575977 0.186111 0.020703
8 0.500000 0.385937 1.000000 0.084375
0 0.338889 0.615039 0.643056 0.026172
0 0.821528 0.616211 0.322222 0.020703
0 0.265278 0.639844 0.495833 0.023438
3 0.110417 0.661914 0.186111 0.020703
8 0.500000 0.471875 1.000000 0.084375
0 0.338889 0.700977 0.643056 0.026172
0 0.821528 0.702148 0.322222 0.020703
0 0.269097 0.725781 0.503472 0.023438
3 0.110417 0.747852 0.186111 0.020703
8 0.500000 0.557813 1.000000 0.084375
0 0.338889 0.786914 0.643056 0.026172
0 0.821528 0.788086 0.322222 0.020703
0 0.323611 0.811719 0.612500 0.023438
3 0.110417 0.833789 0.186111 0.020703
8 0.500000 0.643750 1.000000 0.084375
0 0.338889 0.872852 0.643056 0.026172
0 0.821528 0.874023 0.322222 0.020703
0 0.280903 0.897656 0.527083 0.023438
3 0.110417 0.919727 0.186111 0.020703
