0 0.309028 0.070898 0.268056 0.036328
3 0.068056 0.038281 0.136111 0.076563
7 0.125000 0.032813 0.250000 0.065625
0 0.125000 0.142187 0.191667 0.025781
7 0.364931 0.032813 0.229861 0.065625
0 0.364931 0.142187 0.171528 0.025781
7 0.567361 0.032813 0.175000 0.065625
0 0.567014 0.142187 0.106250 0.025781
7 0.752083 0.032813 0.194444 0.065625
0 0.752083 0.142187 0.136111 0.025781
8 0.500000 0.379688 1.000000 0.759375
0 0.500000 0.232031 0.922222 0.070312
3 0.863889 0.305469 0.213889 0.065625
8 0.500000 0.189648 0.951389 0.379297
0 0.180208 0.389453 0.195139 0.025781
2 0.058333 0.421484 0.029167 0.016406
0 0.518403 0.436523 0.865972 0.068359
0 0.310764 0.483594 0.456250 0.025781
0 0.755208 0.483594 0.315972 0.025781
0 0.215972 0.542188 0.188889 0.025781
0 0.594444 0.542188 0.568056 0.025781
0 0.215972 0.567969 0.188889 0.025781
0 0.594444 0.567969 0.568056 0.025781
0 0.215972 0.593750 0.188889 0.025781
0 0.594444 0.593750 0.568056 0.025781
3 0.565278 0.690234 0.213889 0.065625
3 0.814236 0.690234 0.245139 0.065625
8 0.500000 0.596289 0.951389 0.379297
0 0.180208 0.796094 0.195139 0.025781
2 0.058333 0.828125 0.029167 0.016406
0 0.518403 0.843164 0.865972 0.068359
0 0.276042 0.890234 0.386806 0.025781
0 0.647917 0.890234 0.240278 0.025781
4 0.893056 0.874219 0.136111 0.076563
