4 0.068056 0.071094 0.058333 0.054688
4 0.931944 0.071094 0.097222 0.054688
0 0.490278 0.070898 0.708333 0.031641
4 0.500000 0.161914 1.000000 0.083203
1 0.069444 0.148438 0.061111 0.034375
0 0.157639 0.145117 0.076389 0.022266
0 0.540278 0.174414 0.841667 0.036328
4 0.907639 0.198047 0.145833 0.096094
4 0.500000 0.245117 1.000000 0.083203
1 0.069097 0.254492 0.060417 0.033984
0 0.192708 0.228320 0.147917 0.022266
0 0.539931 0.257617 0.842361 0.036328
4 0.500000 0.327734 1.000000 0.082031
1 0.069444 0.314844 0.061111 0.034375
0 0.217361 0.311523 0.195833 0.022266
0 0.540278 0.335547 0.841667 0.025781
0 0.877083 0.311523 0.148611 0.022266
6 0.884028 0.341211 0.115278 0.037109
4 0.500000 0.409766 1.000000 0.082031
1 0.069097 0.399414 0.060417 0.033984
0 0.187847 0.393555 0.138194 0.022266
0 0.539931 0.417578 0.842361 0.025781
4 0.500000 0.491797 1.000000 0.082031
1 0.069097 0.481445 0.060417 0.033984
0 0.187500 0.475586 0.137500 0.022266
0 0.539931 0.499609 0.842361 0.025781
3 0.500000 0.881641 0.922222 0.061719
