8 0.500000 0.242057 0.902778 0.214883
0 0.500000 0.189590 0.902778 0.051421
4 0.500000 0.289716 0.902778 0.061037
1 0.268056 0.289716 0.058333 0.035117
0 0.529167 0.289716 0.463889 0.061037
4 0.817708 0.861831 0.364583 0.064799
0 0.817361 0.861831 0.340278 0.064799
4 0.125000 0.042433 0.250000 0.067308
1 0.125000 0.966346 0.116667 0.067308
0 0.125000 0.985159 0.086111 0.023829
4 0.375000 0.042433 0.250000 0.067308
1 0.375000 0.966346 0.116667 0.067308
0 0.374653 0.985159 0.117361 0.023829
2 0.418056 0.941890 0.030556 0.018395
4 0.625000 0.042433 0.250000 0.067308
1 0.625000 0.966346 0.116667 0.067308
0 0.625000 0.985159 0.134722 0.023829
4 0.875000 0.042433 0.250000 0.067308
1 0.875000 0.966346 0.116667 0.067308
0 0.874653 0.985159 0.067361 0.023829
3 0.148611 0.035117 0.219444 0.070234
0 0.138889 0.070025 0.200000 0.035535
