3 0.068056 0.038281 0.136111 0.076563
0 0.241319 0.070898 0.132639 0.033203
5 0.500000 0.521875 1.000000 0.825000
4 0.500000 0.147266 0.980556 0.075781
1 0.084722 0.147266 0.116667 0.065625
4 0.587500 0.147266 0.791667 0.065625
4 0.500000 0.562891 1.000000 0.742969
8 0.500000 0.051953 1.000000 0.103906
4 0.115278 0.243359 0.145833 0.082031
0 0.115278 0.243359 0.120833 0.067969
4 0.306944 0.243359 0.145833 0.082031
0 0.306944 0.243164 0.120833 0.067578
4 0.499306 0.243359 0.145833 0.082031
0 0.499306 0.243164 0.120833 0.067578
4 0.691667 0.243359 0.145833 0.082031
0 0.691667 0.243164 0.120833 0.067578
4 0.884028 0.243359 0.145833 0.082031
0 0.884028 0.243164 0.120833 0.067578
8 0.500000 0.167969 1.000000 0.128125
0 0.255903 0.318555 0.161806 0.046484
1 0.080556 0.382422 0.077778 0.043750
0 0.564583 0.370898 0.773611 0.033203
2 0.196181 0.400195 0.036806 0.020703
0 0.592708 0.400391 0.717361 0.025781
8 0.500000 0.272852 1.000000 0.081641
1 0.080556 0.464062 0.077778 0.043750
0 0.564583 0.451367 0.773611 0.033203
2 0.196181 0.480664 0.036806 0.020703
0 0.592708 0.480859 0.717361 0.025781
8 0.500000 0.580273 1.000000 0.150391
4 0.046528 0.534766 0.038889 0.034375
2 0.019444 0.010937 0.038889 0.021875
0 0.190625 0.534766 0.229861 0.034375
3 0.863194 0.532031 0.213889 0.028906
1 0.112153 0.603711 0.121528 0.068359
0 0.277778 0.578320 0.209722 0.027734
0 0.560764 0.613867 0.775694 0.048047
8 0.500000 0.504883 1.000000 0.081641
1 0.080556 0.696094 0.077778 0.043750
0 0.564583 0.683398 0.773611 0.033203
2 0.196181 0.712695 0.036806 0.020703
0 0.592708 0.712891 0.717361 0.025781
8 0.500000 0.586523 1.000000 0.081641
1 0.080556 0.777734 0.077778 0.043750
0 0.564583 0.765039 0.773611 0.033203
2 0.196181 0.794336 0.036806 0.020703
0 0.592708 0.794531 0.717361 0.025781
8 0.500000 0.668164 1.000000 0.081641
1 0.080556 0.859375 0.077778 0.043750
0 0.564583 0.846680 0.773611 0.033203
2 0.196181 0.875977 0.036806 0.020703
0 0.592708 0.876172 0.717361 0.025781
8 0.500000 0.749805 1.000000 0.081641
1 0.080556 0.926758 0.077778 0.015234
0 0.564583 0.923047 0.773611 0.022656
