4 0.500000 0.219141 1.000000 0.219531
2 0.053472 0.145703 0.029167 0.016406
0 0.498611 0.145703 0.822222 0.027344
0 0.952431 0.145117 0.046528 0.026172
0 0.249653 0.210156 0.499306 0.023438
0 0.249653 0.239063 0.499306 0.023438
0 0.709722 0.210156 0.418056 0.023438
0 0.667014 0.239063 0.332639 0.023438
4 0.500000 0.297656 1.000000 0.060937
0 0.500000 0.298047 0.941667 0.027344
0 0.165278 0.373828 0.256944 0.023438
0 0.319792 0.374805 0.052083 0.009766
0 0.663194 0.374414 0.634722 0.019141
0 0.470833 0.912500 0.912500 0.043750
3 0.963542 0.912500 0.072917 0.043750
8 0.500000 0.184961 1.000000 0.369922
8 0.500000 0.443359 1.000000 0.146875
1 0.097222 0.550391 0.194444 0.109375
0 0.425347 0.511133 0.461806 0.030859
0 0.934375 0.512891 0.072917 0.034375
0 0.243056 0.542383 0.097222 0.020703
0 0.229167 0.573242 0.069444 0.041016
0 0.285764 0.573242 0.043750 0.041016
4 0.936806 0.594531 0.126389 0.061719
0 0.922222 0.582812 0.068056 0.038281
8 0.500000 0.699609 1.000000 0.365625
1 0.097222 0.697266 0.194444 0.109375
0 0.425347 0.658008 0.461806 0.030859
0 0.934375 0.659766 0.072917 0.034375
0 0.244444 0.689258 0.100000 0.020703
0 0.215625 0.720117 0.042361 0.041016
4 0.936806 0.741406 0.126389 0.061719
0 0.922222 0.729688 0.068056 0.038281
4 0.500000 0.831445 1.000000 0.118359
0 0.499653 0.836328 0.982639 0.092188
3 0.500000 0.886523 0.327778 0.008203
4 0.500000 0.434961 1.000000 0.087891
4 0.068750 0.433594 0.137500 0.046875
0 0.078472 0.433594 0.118056 0.046875
4 0.273611 0.433594 0.272222 0.046875
0 0.283333 0.433594 0.252778 0.046875
4 0.063194 0.068359 0.097222 0.054688
3 0.503472 0.068359 0.725000 0.028906
4 0.934028 0.068359 0.116667 0.065625
0 0.934028 0.068359 0.116667 0.065625
0 0.952431 0.058398 0.036806 0.020703
