8 0.470486 0.218945 0.940972 0.109766
0 0.476736 0.188086 0.879861 0.031641
0 0.476736 0.242188 0.879861 0.031250
8 0.470486 0.304688 0.940972 0.061719
0 0.476736 0.303906 0.879861 0.031250
8 0.470486 0.365625 0.940972 0.060156
0 0.476736 0.365625 0.879861 0.031250
8 0.470486 0.450586 0.940972 0.109766
0 0.476736 0.419727 0.879861 0.031641
0 0.476736 0.473828 0.879861 0.031250
8 0.470486 0.536328 0.940972 0.061719
0 0.476736 0.535547 0.879861 0.031250
8 0.470486 0.598047 0.940972 0.061719
0 0.476736 0.597266 0.879861 0.031250
8 0.470486 0.659766 0.940972 0.061719
0 0.476736 0.658984 0.879861 0.031250
8 0.470486 0.721484 0.940972 0.061719
0 0.476736 0.720703 0.879861 0.031250
8 0.470486 0.783203 0.940972 0.061719
0 0.476736 0.782422 0.879861 0.031250
8 0.470486 0.844922 0.940972 0.061719
0 0.476736 0.844141 0.879861 0.031250
8 0.470486 0.905078 0.940972 0.058594
0 0.476736 0.905859 0.879861 0.031250
1 0.036458 0.038281 0.072917 0.027344
0 0.544097 0.070898 0.195139 0.044922
3 0.068056 0.038281 0.136111 0.076563
3 0.941667 0.071094 0.116667 0.065625
7 0.250000 0.027344 0.500000 0.054688
0 0.250000 0.136719 0.136111 0.025781
7 0.750000 0.027344 0.500000 0.054688
0 0.749653 0.136719 0.102083 0.025781
