0 0.114583 0.070898 0.151389 0.036328
5 0.941667 0.071094 0.116667 0.065625
1 0.941667 0.071094 0.116667 0.065625
3 0.091667 0.145117 0.105556 0.027734
3 0.276389 0.145117 0.225000 0.027734
3 0.488889 0.145117 0.161111 0.027734
3 0.676042 0.145117 0.174306 0.027734
3 0.840972 0.145117 0.116667 0.027734
3 0.959375 0.145117 0.081250 0.027734
1 0.500000 0.147656 0.097222 0.054688
0 0.500000 0.441016 0.688889 0.082812
0 0.500000 0.552930 0.688889 0.053516
4 0.100000 0.896094 0.200000 0.076563
1 0.100000 0.885156 0.058333 0.032813
0 0.100000 0.915430 0.200000 0.018359
4 0.300000 0.896094 0.200000 0.076563
1 0.300000 0.885156 0.058333 0.032813
0 0.300000 0.915430 0.200000 0.018359
4 0.500000 0.896094 0.200000 0.076563
1 0.500000 0.882422 0.058333 0.032813
0 0.500000 0.914453 0.200000 0.020313
4 0.700000 0.896094 0.200000 0.076563
1 0.700000 0.885156 0.058333 0.032813
0 0.700000 0.915430 0.200000 0.018359
4 0.900000 0.896094 0.200000 0.076563
1 0.900000 0.885156 0.058333 0.032813
0 0.900000 0.915430 0.200000 0.018359
