4 0.068056 0.071094 0.136111 0.076563
0 0.068056 0.071094 0.136111 0.076563
5 0.501042 0.071094 0.729861 0.076563
3 0.932986 0.070898 0.134028 0.060547
8 0.500000 0.178516 1.000000 0.138281
1 0.122917 0.178516 0.100000 0.056250
0 0.330208 0.178320 0.207639 0.036328
1 0.895139 0.178516 0.097222 0.054688
8 0.500000 0.143945 1.000000 0.009766
8 0.500000 0.341016 1.000000 0.164062
1 0.150694 0.341016 0.233333 0.131250
0 0.626389 0.310547 0.679167 0.048438
0 0.357292 0.391992 0.140972 0.029297
8 0.500000 0.505859 1.000000 0.164062
1 0.150694 0.505859 0.233333 0.131250
0 0.626389 0.475391 0.679167 0.048438
0 0.357292 0.556836 0.140972 0.029297
8 0.500000 0.670703 1.000000 0.164062
1 0.150694 0.670703 0.233333 0.131250
0 0.626389 0.640234 0.679167 0.048438
0 0.357292 0.721680 0.140972 0.029297
8 0.500000 0.835547 1.000000 0.164062
1 0.150694 0.835547 0.233333 0.131250
0 0.626389 0.805078 0.679167 0.048438
0 0.357292 0.886523 0.140972 0.029297
8 0.500000 0.926367 1.000000 0.016016
