3 0.073264 0.051259 0.121528 0.033573
0 0.500000 0.051409 0.731944 0.052458
1 0.929167 0.026229 0.116667 0.052458
0 0.525694 0.344724 0.144444 0.019784
3 0.128472 0.643585 0.256944 0.062950
1 0.131944 0.023681 0.109722 0.047362
0 0.131597 0.053957 0.107639 0.017986
4 0.375000 0.643585 0.263889 0.062950
0 0.131597 0.053957 0.110417 0.017986
4 0.625000 0.643585 0.263889 0.062950
0 0.131944 0.053957 0.081944 0.017986
4 0.871528 0.643585 0.256944 0.062950
0 0.131944 0.053957 0.061111 0.017986
4 0.500000 0.696043 1.000000 0.041966
1 0.048611 0.020983 0.048611 0.041966
0 0.548611 0.696043 0.902778 0.041966
