4 0.500000 0.886328 1.000000 0.096094
0 0.500000 0.153516 1.000000 0.077344
0 0.500000 0.224023 0.766667 0.036328
3 0.500000 0.261523 0.766667 0.033203
3 0.500000 0.294727 0.766667 0.033203
3 0.270833 0.338867 0.415278 0.033203
3 0.637153 0.338867 0.307639 0.033203
1 0.058333 0.280664 0.097222 0.149609
1 0.941667 0.280664 0.097222 0.149609
1 0.500000 0.448633 1.000000 0.068359
3 0.801389 0.073828 0.116667 0.065625
3 0.929861 0.073828 0.140278 0.065625
0 0.325347 0.073633 0.317361 0.036328
3 0.078472 0.041016 0.156944 0.076563
