3 0.499653 0.369336 0.506250 0.437109
1 0.499653 0.365820 0.506250 0.430078
0 0.499653 0.548047 0.506250 0.065625
3 0.694444 0.189062 0.116667 0.076563
4 0.699306 0.550781 0.106944 0.060156
3 0.499306 0.633008 0.291667 0.041016
3 0.905556 0.370703 0.188889 0.434375
1 0.905556 0.367188 0.188889 0.427344
0 0.905556 0.548047 0.188889 0.065625
3 0.959028 0.633008 0.081944 0.041016
4 0.500000 0.062500 1.000000 0.125000
1 0.500000 0.763672 1.000000 0.125000
0 0.274306 0.746680 0.451389 0.036328
0 0.405556 0.785937 0.713889 0.025781
0 0.272222 0.864258 0.427778 0.041797
4 0.321528 0.074609 0.598611 0.146094
1 0.321528 0.922461 0.583333 0.023828
0 0.321528 0.922461 0.583333 0.023828
4 0.813194 0.074609 0.373611 0.146094
1 0.817014 0.922461 0.365972 0.023828
0 0.817014 0.922461 0.365972 0.023828
3 0.077778 0.076563 0.097222 0.065625
4 0.490278 0.076563 0.650000 0.060156
3 0.912500 0.076563 0.116667 0.065625
