4 0.500000 0.126758 1.000000 0.056641
0 0.391667 0.126758 0.705556 0.029297
3 0.866319 0.126758 0.218750 0.040234
4 0.147222 0.032813 0.294444 0.065625
0 0.147222 0.187891 0.236111 0.025781
8 0.500000 0.385156 1.000000 0.770312
8 0.500000 0.026758 1.000000 0.053516
2 0.941667 0.247656 0.038889 0.021875
0 0.474306 0.247852 0.870833 0.053516
8 0.500000 0.100781 1.000000 0.094531
0 0.445486 0.309570 0.813194 0.026172
0 0.912847 0.309570 0.096528 0.026172
0 0.500000 0.336914 0.922222 0.019922
8 0.500000 0.206250 1.000000 0.116406
0 0.445486 0.404102 0.813194 0.026172
0 0.912847 0.404102 0.096528 0.026172
0 0.500000 0.442383 0.922222 0.041797
8 0.500000 0.311719 1.000000 0.094531
0 0.445486 0.520508 0.813194 0.026172
0 0.912847 0.520508 0.096528 0.026172
0 0.500000 0.547852 0.922222 0.019922
8 0.500000 0.406250 1.000000 0.094531
0 0.445486 0.615039 0.813194 0.026172
0 0.912847 0.615039 0.096528 0.026172
0 0.500000 0.642383 0.922222 0.019922
8 0.500000 0.511719 1.000000 0.116406
0 0.445486 0.709570 0.813194 0.026172
0 0.912847 0.709570 0.096528 0.026172
0 0.500000 0.747852 0.922222 0.041797
8 0.500000 0.617188 1.000000 0.094531
0 0.445486 0.825977 0.813194 0.026172
0 0.912847 0.825977 0.096528 0.026172
0 0.500000 0.853320 0.922222 0.019922
8 0.500000 0.722656 1.000000 0.116406
0 0.445486 0.920508 0.813194 0.026172
0 0.912847 0.920508 0.096528 0.026172
3 0.068056 0.032813 0.136111 0.065625
5 0.468403 0.065625 0.664583 0.051562
3 0.842014 0.065430 0.082639 0.046484
3 0.941667 0.065625 0.116667 0.065625
1 0.941667 0.065625 0.091667 0.051562
