0 0.177431 0.070898 0.082639 0.046484
0 0.298611 0.071094 0.130556 0.055469
3 0.898611 0.070898 0.105556 0.036328
3 0.068056 0.038281 0.136111 0.076563
0 0.500000 0.069336 0.134722 0.040234
4 0.500000 0.162109 1.000000 0.105469
1 0.090278 0.162109 0.058333 0.032813
0 0.382292 0.162109 0.477083 0.029687
7 0.250000 0.038281 0.500000 0.076563
0 0.249653 0.252930 0.378472 0.022266
7 0.750000 0.038281 0.500000 0.076563
0 0.750000 0.252930 0.259722 0.024609
8 0.500000 0.321484 1.000000 0.642969
8 0.256250 0.435156 0.481944 0.273438
1 0.256250 0.349414 0.194444 0.101953
0 0.256250 0.469141 0.418056 0.055469
8 0.743750 0.435156 0.481944 0.273438
1 0.743750 0.349414 0.194444 0.101953
0 0.743750 0.469141 0.418056 0.055469
8 0.256250 0.742773 0.481944 0.341797
1 0.256250 0.687500 0.194444 0.109375
0 0.256250 0.810937 0.418056 0.055469
8 0.743750 0.742773 0.481944 0.341797
1 0.743750 0.687500 0.194444 0.109375
0 0.743750 0.810937 0.418056 0.055469
8 0.256250 0.920508 0.481944 0.013672
8 0.743750 0.920508 0.481944 0.013672
