4 0.388889 0.036580 0.777778 0.073161
0 0.910069 0.124791 0.179861 0.038880
0 0.110417 0.124791 0.220833 0.038880
4 0.500000 0.535535 1.000000 0.782609
8 0.500000 0.166806 1.000000 0.333612
0 0.175694 0.158027 0.326389 0.027592
0 0.106597 0.185619 0.163194 0.027592
0 0.267708 0.185619 0.159028 0.027592
0 0.106597 0.213211 0.163194 0.027592
0 0.267708 0.213211 0.159028 0.027592
0 0.106597 0.240803 0.163194 0.027592
0 0.267708 0.240803 0.159028 0.027592
0 0.106597 0.268395 0.163194 0.027592
0 0.267708 0.268395 0.159028 0.027592
0 0.106597 0.295987 0.163194 0.027592
0 0.500000 0.963420 0.777778 0.073161
0 0.106597 0.323579 0.163194 0.027592
0 0.126389 0.362040 0.202778 0.027592
6 0.266667 0.360786 0.077778 0.046823
0 0.126389 0.408863 0.202778 0.027592
6 0.266667 0.407609 0.077778 0.046823
0 0.126389 0.455686 0.202778 0.027592
6 0.266667 0.454431 0.077778 0.046823
6 0.932292 0.311037 0.135417 0.333612
3 0.200000 0.035117 0.400000 0.070234
2 0.019444 0.070234 0.038889 0.023411
1 0.068750 0.070234 0.077778 0.046823
0 0.248958 0.070025 0.263194 0.035535
3 0.659722 0.070234 0.136111 0.070234
3 0.795833 0.070234 0.136111 0.070234
3 0.931944 0.070234 0.136111 0.070234
