1 0.068056 0.059535 0.136111 0.064115
0 0.238194 0.059535 0.179167 0.030749
3 0.717708 0.059372 0.097917 0.040236
4 0.883333 0.059372 0.194444 0.040236
0 0.883333 0.059372 0.097222 0.038273
0 0.500000 0.132810 0.922222 0.027478
5 0.276736 0.182041 0.436806 0.057246
0 0.276736 0.181878 0.436806 0.021590
2 0.448611 0.181878 0.019444 0.009159
5 0.718403 0.182041 0.436806 0.057246
0 0.718403 0.181878 0.436806 0.021590
2 0.890278 0.181878 0.019444 0.009159
0 0.500000 0.251881 0.922222 0.027478
4 0.281597 0.304056 0.436806 0.063134
1 0.189583 0.303893 0.058333 0.027478
0 0.322917 0.304056 0.159722 0.018646
4 0.719792 0.304056 0.434028 0.063134
1 0.631944 0.303893 0.058333 0.027478
0 0.761111 0.304056 0.151389 0.018646
4 0.281597 0.368499 0.436806 0.063134
1 0.186806 0.368335 0.058333 0.027478
0 0.322569 0.368499 0.164583 0.018646
4 0.719792 0.368499 0.434028 0.063134
1 0.636111 0.368335 0.058333 0.027478
0 0.760764 0.368499 0.142361 0.018646
4 0.281597 0.432941 0.436806 0.063134
1 0.190972 0.432777 0.058333 0.027478
0 0.322917 0.432777 0.156944 0.034675
4 0.719792 0.432941 0.434028 0.063134
1 0.636806 0.432777 0.058333 0.027478
0 0.760764 0.432777 0.140972 0.034675
0 0.500000 0.505725 0.922222 0.027478
3 0.500000 0.557900 0.883333 0.063134
4 0.076736 0.031567 0.153472 0.063134
0 0.136111 0.557900 0.016667 0.018646
4 0.230208 0.031567 0.153472 0.063134
0 0.289583 0.557900 0.016667 0.018646
4 0.383681 0.031567 0.153472 0.063134
0 0.443056 0.557900 0.016667 0.018646
4 0.537153 0.031567 0.153472 0.063134
0 0.596528 0.557900 0.016667 0.018646
4 0.690625 0.031567 0.153472 0.063134
0 0.750000 0.557900 0.031944 0.018646
3 0.500000 0.630684 0.922222 0.027478
4 0.205556 0.682859 0.294444 0.063134
1 0.151389 0.682695 0.058333 0.027478
0 0.246528 0.682859 0.083333 0.018646
4 0.500000 0.682859 0.288889 0.063134
1 0.443056 0.682695 0.058333 0.027478
0 0.541319 0.682859 0.089583 0.018646
4 0.794444 0.682859 0.294444 0.063134
1 0.743750 0.682695 0.058333 0.027478
0 0.835417 0.682859 0.076389 0.018646
3 0.500000 0.764802 0.922222 0.027478
