7 0.092361 0.038281 0.184722 0.076563
0 0.267361 0.071094 0.126389 0.025781
7 0.281597 0.038281 0.193750 0.076563
0 0.456597 0.071094 0.135417 0.025781
7 0.465972 0.038281 0.175000 0.076563
0 0.640972 0.071094 0.087500 0.025781
3 0.068056 0.038281 0.136111 0.076563
5 0.500000 0.160156 0.922222 0.065625
0 0.441667 0.160156 0.805556 0.065625
4 0.500000 0.233984 1.000000 0.082031
0 0.143403 0.217383 0.209028 0.022266
0 0.097222 0.248828 0.116667 0.035156
0 0.570486 0.249023 0.781250 0.035547
4 0.250000 0.317578 0.500000 0.082031
0 0.259722 0.331055 0.441667 0.033203
4 0.750000 0.317578 0.500000 0.082031
0 0.740278 0.331055 0.441667 0.033203
4 0.250000 0.401172 0.500000 0.082031
0 0.259722 0.414648 0.441667 0.033203
4 0.750000 0.401172 0.500000 0.082031
0 0.740278 0.414648 0.441667 0.033203
3 0.500000 0.878320 0.922222 0.068359
