8 0.500000 0.187500 1.000000 0.375000
1 0.500000 0.187500 1.000000 0.375000
0 0.500000 0.187500 1.000000 0.375000
8 0.500000 0.562500 1.000000 0.375000
1 0.500000 0.562500 1.000000 0.375000
8 0.247917 0.562500 0.466667 0.272656
0 0.247917 0.562305 0.388889 0.092578
8 0.646528 0.562500 0.291667 0.272656
1 0.646528 0.524609 0.281944 0.191406
0 0.646528 0.644531 0.243056 0.026562
0 0.599653 0.672852 0.149306 0.024609
8 0.905903 0.562500 0.188194 0.272656
1 0.908333 0.524609 0.183333 0.191406
0 0.918056 0.644531 0.163889 0.026562
0 0.918056 0.672852 0.163889 0.024609
8 0.500000 0.842187 1.000000 0.184375
1 0.500000 0.842187 1.000000 0.184375
0 0.500000 0.842187 1.000000 0.184375
5 0.500000 0.467187 1.000000 0.934375
4 0.500000 0.081641 0.961111 0.075781
1 0.094444 0.081641 0.116667 0.065625
5 0.587500 0.081641 0.772222 0.065625
1 0.905556 0.081641 0.116667 0.065625
