3 0.068056 0.038281 0.136111 0.076563
3 0.825000 0.071094 0.116667 0.065625
4 0.941667 0.071094 0.116667 0.076563
1 0.941319 0.071094 0.072917 0.032813
0 0.270486 0.070898 0.190972 0.029297
8 0.059722 0.035547 0.058333 0.071094
1 0.059722 0.144922 0.058333 0.032813
8 0.256944 0.035547 0.291667 0.071094
5 0.256944 0.144922 0.291667 0.054688
4 0.941667 0.144922 0.097222 0.043750
8 0.078819 0.035547 0.096528 0.071094
3 0.078819 0.216016 0.096528 0.043750
8 0.192361 0.035547 0.086111 0.071094
3 0.192361 0.216016 0.086111 0.043750
8 0.300000 0.035547 0.084722 0.071094
3 0.300000 0.216016 0.084722 0.043750
8 0.462153 0.035547 0.195139 0.071094
3 0.462153 0.216016 0.195139 0.043750
8 0.666667 0.035547 0.169444 0.071094
3 0.666667 0.216016 0.169444 0.043750
8 0.846528 0.035547 0.145833 0.071094
3 0.846528 0.216016 0.145833 0.043750
8 0.970833 0.035547 0.058333 0.071094
3 0.970833 0.216016 0.058333 0.043750
8 0.250000 0.238086 0.480556 0.388672
1 0.250000 0.444336 0.480556 0.298047
0 0.250000 0.614258 0.480556 0.019922
0 0.250000 0.634180 0.480556 0.019922
0 0.250000 0.654102 0.480556 0.019922
0 0.250000 0.674023 0.480556 0.019922
8 0.750000 0.238086 0.480556 0.388672
1 0.750000 0.444336 0.480556 0.298047
0 0.750000 0.614258 0.480556 0.019922
0 0.750000 0.634180 0.480556 0.019922
0 0.750000 0.654102 0.480556 0.019922
0 0.750000 0.674023 0.480556 0.019922
8 0.250000 0.648633 0.480556 0.388672
1 0.250000 0.820117 0.480556 0.228516
8 0.750000 0.648633 0.480556 0.388672
1 0.750000 0.820117 0.480556 0.228516
