0 0.459722 0.071094 0.847222 0.076563
3 0.941667 0.071094 0.116667 0.065625
1 0.500000 0.400000 0.330556 0.185938
0 0.500000 0.524414 0.922222 0.062891
3 0.499653 0.607812 0.390972 0.060156
3 0.085764 0.896875 0.171528 0.075000
1 0.081944 0.883984 0.048611 0.049219
3 0.261111 0.896875 0.179167 0.075000
1 0.261111 0.883398 0.051389 0.048047
3 0.440278 0.896875 0.179167 0.075000
1 0.440278 0.881250 0.058333 0.043750
3 0.679167 0.896875 0.298611 0.075000
1 0.679167 0.876563 0.051389 0.034375
0 0.678819 0.908594 0.147917 0.029687
3 0.914236 0.896875 0.171528 0.075000
1 0.917708 0.883398 0.043750 0.048047
