7 0.100000 0.032813 0.200000 0.065625
1 0.100000 0.065625 0.077778 0.043750
7 0.300000 0.032813 0.200000 0.065625
1 0.300000 0.065625 0.077778 0.043750
7 0.500000 0.032813 0.200000 0.065625
1 0.500000 0.065625 0.077778 0.043750
7 0.700000 0.032813 0.200000 0.065625
1 0.700000 0.065625 0.077778 0.043750
7 0.900000 0.032813 0.200000 0.065625
1 0.900000 0.065625 0.077778 0.043750
8 0.500000 0.516406 1.000000 0.835938
4 0.500000 0.134766 1.000000 0.067187
1 0.058333 0.134766 0.058333 0.032813
3 0.247917 0.134766 0.262500 0.026562
1 0.499653 0.325586 0.559028 0.314453
0 0.500000 0.521289 0.380556 0.033203
0 0.500000 0.592773 0.844444 0.066016
3 0.500000 0.691406 0.443056 0.065625
3 0.893056 0.874219 0.136111 0.076563
