1 0.076736 0.070234 0.153472 0.070234
0 0.499653 0.070025 0.174306 0.038880
4 0.917361 0.070234 0.116667 0.070234
5 0.457292 0.142768 0.865972 0.051421
4 0.932986 0.142768 0.085417 0.051421
4 0.500000 0.213211 1.000000 0.066054
1 0.060764 0.213002 0.072917 0.043896
0 0.301389 0.213002 0.334722 0.033863
0 0.149306 0.282609 0.201389 0.027592
1 0.914931 0.282818 0.072917 0.043896
0 0.106944 0.416179 0.116667 0.043896
4 0.500000 0.719900 0.951389 0.560201
8 0.156944 0.030518 0.313889 0.061037
0 0.181250 0.470318 0.116667 0.031773
8 0.475694 0.030518 0.313889 0.061037
0 0.500000 0.470318 0.062500 0.031773
8 0.794444 0.030518 0.313889 0.061037
0 0.818750 0.470318 0.118056 0.031773
8 0.156944 0.094482 0.313889 0.061037
0 0.180903 0.534281 0.154861 0.031773
8 0.475694 0.094482 0.313889 0.061037
0 0.499653 0.534281 0.088194 0.031773
8 0.794444 0.094482 0.313889 0.061037
0 0.818750 0.534281 0.130556 0.031773
8 0.156944 0.158445 0.313889 0.061037
0 0.181250 0.598244 0.097222 0.031773
8 0.475694 0.158445 0.313889 0.061037
0 0.499653 0.598244 0.103472 0.031773
8 0.794444 0.158445 0.313889 0.061037
0 0.818750 0.598244 0.173611 0.031773
8 0.156944 0.222408 0.313889 0.061037
0 0.180903 0.662207 0.149306 0.031773
8 0.475694 0.222408 0.313889 0.061037
0 0.499653 0.662207 0.120139 0.031773
8 0.794444 0.222408 0.313889 0.061037
0 0.818750 0.662207 0.125000 0.031773
8 0.156944 0.286371 0.313889 0.061037
0 0.181250 0.726171 0.090278 0.031773
8 0.475694 0.286371 0.313889 0.061037
0 0.499653 0.726171 0.099306 0.031773
8 0.794444 0.286371 0.313889 0.061037
0 0.818403 0.726171 0.140972 0.031773
8 0.156944 0.350334 0.313889 0.061037
0 0.180903 0.790134 0.115972 0.031773
8 0.475694 0.350334 0.313889 0.061037
0 0.500000 0.790134 0.183333 0.031773
8 0.794444 0.350334 0.313889 0.061037
0 0.818403 0.790134 0.147917 0.031773
8 0.156944 0.414298 0.313889 0.061037
0 0.181250 0.854097 0.119444 0.031773
8 0.475694 0.414298 0.313889 0.061037
0 0.500000 0.854097 0.122222 0.031773
8 0.794444 0.414298 0.313889 0.061037
0 0.818403 0.854097 0.204861 0.031773
8 0.156944 0.478261 0.313889 0.061037
0 0.181250 0.918060 0.122222 0.031773
8 0.475694 0.478261 0.313889 0.061037
0 0.499653 0.918060 0.156250 0.031773
8 0.794444 0.478261 0.313889 0.061037
0 0.818750 0.918060 0.095833 0.031773
8 0.156944 0.542224 0.313889 0.061037
0 0.181250 0.982023 0.122222 0.031773
8 0.475694 0.542224 0.313889 0.061037
0 0.500000 0.982023 0.147222 0.031773
8 0.794444 0.542224 0.313889 0.061037
0 0.818403 0.982023 0.185417 0.031773
