1 0.952431 0.071094 0.095139 0.076563
3 0.068056 0.038281 0.136111 0.076563
1 0.179861 0.038281 0.087500 0.049219
0 0.405556 0.038086 0.344444 0.031641
1 0.063889 0.147656 0.095833 0.061719
4 0.496181 0.147656 0.768750 0.061719
1 0.928819 0.147656 0.096528 0.061719
4 0.500000 0.562305 1.000000 0.744141
8 0.167361 0.284570 0.330556 0.187109
1 0.167361 0.250391 0.145833 0.082031
0 0.167361 0.339258 0.318056 0.068359
8 0.500000 0.284570 0.331944 0.187109
1 0.500000 0.250391 0.145833 0.082031
0 0.500000 0.339258 0.319444 0.068359
8 0.832639 0.284570 0.330556 0.187109
1 0.832639 0.250391 0.145833 0.082031
0 0.832639 0.339258 0.318056 0.068359
8 0.167361 0.471680 0.330556 0.187109
1 0.167361 0.437500 0.145833 0.082031
0 0.167361 0.526367 0.318056 0.068359
8 0.500000 0.471680 0.331944 0.187109
1 0.500000 0.437500 0.145833 0.082031
0 0.500000 0.526367 0.319444 0.068359
8 0.832639 0.471680 0.330556 0.187109
1 0.832639 0.437500 0.145833 0.082031
0 0.832639 0.526367 0.318056 0.068359
8 0.167361 0.658789 0.330556 0.187109
1 0.167361 0.624609 0.145833 0.082031
0 0.167361 0.713477 0.318056 0.068359
8 0.500000 0.658789 0.331944 0.187109
1 0.500000 0.624609 0.145833 0.082031
0 0.500000 0.713477 0.319444 0.068359
8 0.832639 0.658789 0.330556 0.187109
1 0.832639 0.624609 0.145833 0.082031
0 0.832639 0.713477 0.318056 0.068359
8 0.167361 0.843359 0.330556 0.182031
1 0.167361 0.811719 0.145833 0.082031
0 0.167361 0.900391 0.318056 0.067969
8 0.500000 0.843359 0.331944 0.182031
1 0.500000 0.811719 0.145833 0.082031
0 0.500000 0.900391 0.319444 0.067969
8 0.832639 0.843359 0.330556 0.182031
1 0.832639 0.811719 0.145833 0.082031
0 0.832639 0.900391 0.318056 0.067969
4 0.893056 0.874219 0.136111 0.076563
