0 0.509722 0.130469 0.980556 0.031250
0 0.509722 0.161719 0.980556 0.031250
8 0.500000 0.099414 0.951389 0.198828
0 0.215972 0.192773 0.188889 0.019922
0 0.594444 0.192773 0.568056 0.019922
0 0.215972 0.215625 0.188889 0.025781
0 0.594444 0.215625 0.568056 0.025781
0 0.215972 0.241406 0.188889 0.025781
0 0.594444 0.241406 0.568056 0.025781
3 0.565278 0.337891 0.213889 0.065625
3 0.814236 0.337891 0.245139 0.065625
8 0.500000 0.415820 0.951389 0.379297
0 0.190972 0.443750 0.216667 0.025781
2 0.058333 0.475781 0.029167 0.016406
0 0.518403 0.490820 0.865972 0.068359
0 0.259028 0.537891 0.352778 0.025781
0 0.651736 0.537891 0.315972 0.025781
0 0.215972 0.596484 0.188889 0.025781
0 0.594444 0.596484 0.568056 0.025781
0 0.215972 0.622266 0.188889 0.025781
0 0.594444 0.622266 0.568056 0.025781
0 0.215972 0.648047 0.188889 0.025781
0 0.594444 0.648047 0.568056 0.025781
3 0.529861 0.744531 0.213889 0.065625
3 0.796528 0.744531 0.280556 0.065625
8 0.500000 0.816406 0.951389 0.367188
0 0.180208 0.842187 0.195139 0.009375
3 0.500000 0.890625 0.583333 0.065625
0 0.337847 0.070898 0.325694 0.036328
3 0.068056 0.038281 0.136111 0.076563
3 0.825000 0.071094 0.116667 0.065625
3 0.941667 0.071094 0.116667 0.065625
