4 0.068056 0.071094 0.136111 0.076563
0 0.519444 0.070898 0.688889 0.031641
4 0.931944 0.071094 0.136111 0.076563
8 0.500000 0.155859 1.000000 0.092969
1 0.087500 0.155859 0.097222 0.049219
0 0.538889 0.155859 0.727778 0.041406
1 0.931944 0.155859 0.058333 0.032813
4 0.500000 0.247461 1.000000 0.090234
1 0.069444 0.244141 0.061111 0.034375
0 0.295486 0.240820 0.352083 0.022266
0 0.540278 0.266797 0.841667 0.029687
3 0.500000 0.356641 0.922222 0.061719
1 0.068056 0.503906 0.058333 0.032813
0 0.222222 0.500391 0.211111 0.025781
0 0.468056 0.524414 0.702778 0.022266
8 0.201736 0.095117 0.325694 0.190234
1 0.201736 0.636719 0.325694 0.136719
0 0.201736 0.734570 0.325694 0.048047
8 0.546875 0.083984 0.325694 0.167969
1 0.546875 0.636719 0.325694 0.136719
0 0.495139 0.723437 0.222222 0.025781
8 0.864583 0.095117 0.270833 0.190234
1 0.864583 0.636719 0.270833 0.136719
0 0.864583 0.734570 0.270833 0.048047
