1 0.499653 0.226798 0.121528 0.073161
3 0.158681 0.226798 0.218750 0.073161
3 0.841319 0.226798 0.218750 0.073161
4 0.500000 0.646321 1.000000 0.707358
3 0.184722 0.035117 0.369444 0.070234
2 0.019444 0.070234 0.038889 0.023411
1 0.068750 0.070234 0.077778 0.046823
0 0.233681 0.070025 0.232639 0.035535
3 0.795833 0.070234 0.136111 0.070234
3 0.931944 0.070234 0.136111 0.070234
4 0.281250 0.035117 0.437500 0.070234
0 0.218403 0.034908 0.092361 0.023829
4 0.720139 0.035117 0.437500 0.070234
0 0.218750 0.034908 0.120833 0.023829
