0 0.293056 0.070898 0.294444 0.036328
3 0.068056 0.038281 0.136111 0.076563
5 0.941667 0.071094 0.116667 0.065625
1 0.941667 0.071094 0.116667 0.065625
1 0.046528 0.144922 0.058333 0.032813
0 0.185417 0.133008 0.184722 0.027734
0 0.164931 0.158984 0.143750 0.024219
4 0.953472 0.144922 0.058333 0.032813
1 0.500000 0.181055 1.000000 0.000391
7 0.166667 0.032813 0.333333 0.065625
0 0.166667 0.214062 0.237500 0.025781
7 0.500000 0.032813 0.333333 0.065625
0 0.500000 0.214062 0.162500 0.025781
7 0.833333 0.032813 0.333333 0.065625
0 0.833333 0.214062 0.136111 0.025781
4 0.500000 0.590625 1.000000 0.687500
8 0.500000 0.065625 0.931944 0.092969
1 0.116667 0.312500 0.097222 0.054688
0 0.293403 0.300195 0.188194 0.027734
0 0.255903 0.326172 0.113194 0.024219
