1 0.500000 0.467187 1.000000 0.934375
1 0.500000 0.065625 1.000000 0.131250
4 0.500000 0.467187 1.000000 0.934375
8 0.500000 0.248438 1.000000 0.496875
0 0.500000 0.182812 0.766667 0.059375
3 0.500000 0.245312 0.238889 0.065625
3 0.500000 0.343750 0.922222 0.065625
3 0.500000 0.442188 0.922222 0.065625
8 0.500000 0.598437 1.000000 0.203125
0 0.500000 0.528320 1.000000 0.062891
1 0.500000 0.560547 1.000000 0.001563
0 0.169792 0.593164 0.261806 0.030859
0 0.251389 0.623633 0.425000 0.030078
0 0.097917 0.655664 0.118056 0.023047
0 0.248611 0.071094 0.147222 0.036719
3 0.068056 0.071094 0.136111 0.076563
4 0.941667 0.071094 0.116667 0.076563
1 0.941667 0.071094 0.116667 0.076563
