3 0.074955 0.131480 0.149909 0.052258
3 0.239810 0.131480 0.179801 0.052258
3 0.393569 0.131480 0.127717 0.052258
3 0.554801 0.131480 0.194746 0.052258
8 0.826087 0.421196 0.347826 0.842391
4 0.326087 0.578804 0.652174 0.842391
4 0.310236 0.316263 0.620471 0.632525
3 0.146739 0.199206 0.261775 0.053930
0 0.553895 0.185201 0.164855 0.025920
0 0.581975 0.211120 0.108696 0.025920
0 0.106431 0.276547 0.181159 0.071488
0 0.299366 0.261079 0.075181 0.030518
0 0.296649 0.291597 0.069746 0.030518
3 0.326087 0.473244 0.620471 0.321906
4 0.326087 0.634197 0.620471 0.077759
0 0.114583 0.633988 0.197464 0.046405
0 0.324275 0.634197 0.221920 0.052676
0 0.593524 0.612249 0.063859 0.030518
0 0.596467 0.642768 0.069746 0.030518
4 0.326087 0.719482 0.620471 0.077759
0 0.114583 0.719273 0.197464 0.046405
0 0.324275 0.719482 0.221920 0.052676
0 0.593524 0.697533 0.063859 0.030518
0 0.596467 0.728052 0.069746 0.030518
4 0.326087 0.670569 0.652174 0.046823
0 0.117980 0.828177 0.172554 0.030936
4 0.310236 0.041806 0.620471 0.083612
0 0.114583 0.893186 0.197464 0.046405
0 0.324275 0.893395 0.221920 0.052676
0 0.598732 0.871446 0.074275 0.030518
0 0.596467 0.901965 0.069746 0.030518
4 0.310236 0.127090 0.620471 0.083612
0 0.114583 0.977634 0.197464 0.044732
0 0.324275 0.976171 0.221920 0.047659
0 0.584918 0.956731 0.046649 0.030518
0 0.593524 0.985995 0.063859 0.028010
3 0.038270 0.035117 0.076540 0.070234
2 0.012681 0.070234 0.025362 0.023411
1 0.044837 0.070234 0.050725 0.046823
4 0.360507 0.070234 0.551630 0.049331
