4 0.387931 0.063672 0.775862 0.061719
1 0.028825 0.063672 0.038254 0.040625
1 0.141164 0.063672 0.167026 0.034375
7 0.266972 0.030859 0.180496 0.061719
0 0.055226 0.125391 0.110453 0.025781
7 0.428341 0.030859 0.142241 0.061719
0 0.204203 0.125391 0.096983 0.025781
7 0.613955 0.030859 0.228987 0.061719
0 0.389817 0.125391 0.183728 0.025781
7 0.796336 0.030859 0.135776 0.061719
0 0.571929 0.125391 0.050108 0.025781
7 0.932112 0.030859 0.135776 0.061719
0 0.707705 0.125391 0.088901 0.025781
6 0.203394 0.199219 0.369073 0.058594
6 0.572468 0.199219 0.369073 0.058594
5 0.284483 0.298047 0.484914 0.036719
3 0.646013 0.298047 0.202586 0.056250
4 0.284483 0.368359 0.511853 0.056250
5 0.284483 0.368359 0.484914 0.036719
4 0.387931 0.439844 0.718750 0.058594
0 0.387931 0.439844 0.718750 0.058594
4 0.387931 0.510156 0.718750 0.053906
4 0.152478 0.510156 0.220905 0.034375
0 0.144935 0.510156 0.092672 0.025781
0 0.198815 0.510156 0.015086 0.025781
4 0.387662 0.510156 0.221444 0.034375
0 0.380119 0.510156 0.089978 0.025781
0 0.432651 0.510156 0.015086 0.025781
4 0.623114 0.510156 0.221444 0.034375
0 0.615571 0.510156 0.098599 0.025781
0 0.672414 0.510156 0.015086 0.025781
3 0.387931 0.901563 0.775862 0.065625
