3 0.068056 0.038281 0.136111 0.076563
1 0.929514 0.070898 0.140972 0.068359
0 0.349653 0.070898 0.324306 0.068359
6 0.500000 0.136719 0.926389 0.054688
3 0.268403 0.136719 0.463194 0.054688
3 0.731597 0.136719 0.463194 0.054688
4 0.500000 0.237695 0.926389 0.119922
0 0.518403 0.204297 0.889583 0.025781
0 0.500000 0.240039 0.852778 0.045703
0 0.469792 0.276758 0.792361 0.027734
4 0.500000 0.357617 0.926389 0.119922
0 0.518403 0.324219 0.889583 0.025781
0 0.518403 0.377148 0.889583 0.040234
1 0.900000 0.297656 0.126389 0.071094
4 0.274653 0.474023 0.402083 0.109766
0 0.124306 0.439063 0.101389 0.025781
0 0.274653 0.483789 0.402083 0.033203
4 0.725347 0.474023 0.402083 0.109766
0 0.573958 0.439063 0.099306 0.025781
0 0.725347 0.483789 0.402083 0.033203
0 0.119444 0.550781 0.091667 0.029687
1 0.087153 0.592773 0.027083 0.041016
1 0.175000 0.592969 0.100000 0.049219
0 0.242708 0.592969 0.035417 0.047656
1 0.310417 0.592969 0.100000 0.049219
0 0.725347 0.554297 0.402083 0.036719
4 0.650347 0.593164 0.252083 0.041016
1 0.547917 0.593164 0.047222 0.041016
0 0.686111 0.593164 0.180556 0.033203
3 0.500000 0.661914 0.852778 0.068359
