4 0.500000 0.483594 1.000000 0.901563
0 0.089236 0.164648 0.095139 0.069141
0 0.209375 0.150391 0.090972 0.026562
3 0.783333 0.164453 0.350000 0.056250
4 0.500000 0.575000 1.000000 0.718750
8 0.500000 0.068555 1.000000 0.137109
1 0.137500 0.283984 0.275000 0.136719
0 0.633681 0.270508 0.649306 0.055078
2 0.526389 0.321484 0.002778 0.023438
0 0.552431 0.321680 0.020139 0.023828
8 0.500000 0.207031 1.000000 0.136719
1 0.137500 0.422656 0.275000 0.136719
0 0.633681 0.396094 0.649306 0.028906
2 0.526389 0.459766 0.002778 0.023438
0 0.552431 0.459961 0.020139 0.023828
8 0.500000 0.345313 1.000000 0.136719
1 0.137500 0.560937 0.275000 0.136719
0 0.633681 0.534375 0.649306 0.028906
2 0.526389 0.598047 0.002778 0.023438
0 0.552431 0.598242 0.020139 0.023828
8 0.500000 0.483594 1.000000 0.136719
1 0.137500 0.699219 0.275000 0.136719
0 0.633681 0.672656 0.649306 0.028906
2 0.526389 0.736328 0.002778 0.023438
0 0.552431 0.736523 0.020139 0.023828
8 0.500000 0.621875 1.000000 0.136719
1 0.137500 0.837500 0.275000 0.136719
0 0.633681 0.810937 0.649306 0.028906
2 0.526389 0.874609 0.002778 0.023438
0 0.552431 0.874805 0.020139 0.023828
8 0.500000 0.760156 1.000000 0.136719
1 0.137500 0.920898 0.275000 0.026953
0 0.221528 0.070898 0.151389 0.036328
3 0.941667 0.071094 0.116667 0.065625
3 0.068056 0.038281 0.136111 0.076563
