1 0.048611 0.071697 0.097222 0.073161
1 0.499653 0.071697 0.121528 0.073161
1 0.941667 0.071697 0.116667 0.073161
8 0.500000 0.554139 1.000000 0.891722
8 0.500000 0.445861 1.000000 0.891722
4 0.500000 0.554139 1.000000 0.891722
8 0.500000 0.080477 1.000000 0.160953
8 0.500000 0.353470 1.000000 0.383361
4 0.250000 0.461747 0.500000 0.383361
1 0.250694 0.420151 0.498611 0.300167
0 0.250694 0.596572 0.498611 0.052676
0 0.250694 0.638169 0.498611 0.030518
4 0.750000 0.461747 0.500000 0.383361
1 0.750694 0.420151 0.498611 0.300167
0 0.750694 0.596572 0.498611 0.052676
0 0.750694 0.638169 0.498611 0.030518
8 0.500000 0.737667 1.000000 0.383361
4 0.250000 0.827132 0.500000 0.345736
1 0.250694 0.804348 0.498611 0.300167
0 0.250694 0.977216 0.498611 0.045569
4 0.750000 0.827132 0.500000 0.345736
1 0.750694 0.804348 0.498611 0.300167
0 0.750694 0.977216 0.498611 0.045569
8 0.500000 0.188754 1.000000 0.160953
5 0.500000 0.156145 0.975000 0.095736
0 0.157639 0.236204 0.290278 0.037625
3 0.909722 0.235995 0.155556 0.043896
