4 0.077778 0.076563 0.116667 0.065625
3 0.522569 0.076563 0.689583 0.065625
4 0.925694 0.076563 0.116667 0.065625
3 0.125000 0.150977 0.250000 0.061328
3 0.375000 0.150977 0.250000 0.061328
3 0.625000 0.150977 0.250000 0.061328
3 0.875000 0.150977 0.250000 0.061328
4 0.500000 0.560156 1.000000 0.748437
8 0.500000 0.006641 1.000000 0.013281
8 0.500000 0.069727 1.000000 0.112109
1 0.068056 0.246094 0.058333 0.032813
0 0.318403 0.236328 0.286806 0.046094
0 0.264236 0.278711 0.178472 0.038672
8 0.500000 0.182227 1.000000 0.112109
1 0.068056 0.358594 0.058333 0.032813
0 0.321528 0.348828 0.293056 0.046094
0 0.336458 0.391211 0.322917 0.038672
8 0.500000 0.294727 1.000000 0.112109
1 0.068056 0.471094 0.058333 0.032813
0 0.357986 0.461328 0.365972 0.046094
0 0.270833 0.503711 0.191667 0.038672
8 0.500000 0.396289 1.000000 0.090234
1 0.068056 0.583594 0.058333 0.032813
0 0.428819 0.582031 0.507639 0.046094
8 0.500000 0.486914 1.000000 0.090234
1 0.068056 0.674219 0.058333 0.032813
0 0.274306 0.672656 0.198611 0.046094
8 0.500000 0.577539 1.000000 0.090234
1 0.068056 0.764844 0.058333 0.032813
0 0.323611 0.763281 0.297222 0.046094
8 0.500000 0.693359 1.000000 0.140625
3 0.356944 0.854492 0.412500 0.049609
3 0.233333 0.904102 0.140278 0.049609
0 0.320833 0.904102 0.034722 0.049609
3 0.397917 0.904102 0.119444 0.049609
0 0.475000 0.904102 0.034722 0.049609
3 0.545833 0.904102 0.106944 0.049609
