1 0.500000 0.069141 0.194444 0.015625
4 0.939236 0.069141 0.121528 0.072656
4 0.060764 0.069141 0.121528 0.072656
0 0.060417 0.069141 0.068056 0.043750
4 0.500000 0.307031 1.000000 0.381250
0 0.078125 0.148438 0.107639 0.036719
5 0.500000 0.209180 0.951389 0.062891
4 0.919792 0.209180 0.111806 0.062891
0 0.919792 0.209180 0.042361 0.055078
0 0.090625 0.280859 0.132639 0.036719
4 0.901389 0.285547 0.148611 0.027344
0 0.886111 0.286719 0.118056 0.025000
0 0.966667 0.285547 0.018056 0.027344
5 0.500000 0.341602 0.951389 0.062891
4 0.080208 0.341602 0.082639 0.046484
0 0.079861 0.341406 0.068056 0.037500
4 0.919792 0.341602 0.111806 0.062891
0 0.919792 0.341602 0.042361 0.055078
3 0.500000 0.445508 0.951389 0.062891
0 0.055208 0.545312 0.061806 0.038281
0 0.254167 0.545312 0.288889 0.029687
4 0.500000 0.619531 1.000000 0.079687
0 0.078125 0.604297 0.107639 0.029687
0 0.179861 0.633984 0.311111 0.029687
0 0.952083 0.619336 0.022222 0.033203
