0 0.500000 0.072952 0.815278 0.038880
4 0.046181 0.073161 0.092361 0.076087
1 0.052431 0.072952 0.079861 0.055602
1 0.948958 0.072952 0.092361 0.055602
5 0.500000 0.960493 0.926389 0.049749
4 0.500000 0.515886 1.000000 0.809365
8 0.500000 0.087793 1.000000 0.175585
1 0.158333 0.198997 0.243056 0.146321
0 0.639931 0.155727 0.646528 0.043060
0 0.639931 0.197952 0.646528 0.023829
0 0.639931 0.221781 0.646528 0.023829
8 0.500000 0.225543 1.000000 0.099916
0 0.147569 0.313336 0.221528 0.023829
0 0.345833 0.313336 0.136111 0.019649
0 0.500000 0.366848 0.926389 0.023829
8 0.500000 0.325460 1.000000 0.099916
0 0.157986 0.413253 0.242361 0.023829
0 0.369097 0.413253 0.140972 0.019649
0 0.500000 0.466764 0.926389 0.023829
8 0.500000 0.425376 1.000000 0.099916
0 0.115278 0.513169 0.156944 0.023829
0 0.281944 0.513169 0.137500 0.019649
0 0.500000 0.566681 0.926389 0.023829
1 0.500000 0.517559 1.000000 0.964883
