7 0.033141 0.032813 0.066282 0.065625
0 0.033141 0.213281 0.048322 0.025781
7 0.106051 0.032813 0.079538 0.065625
0 0.106051 0.213281 0.061578 0.025781
7 0.168163 0.032813 0.044687 0.065625
0 0.168163 0.213281 0.026727 0.025781
7 0.223327 0.032813 0.065640 0.065625
0 0.223327 0.213281 0.047680 0.025781
7 0.293137 0.032813 0.073979 0.065625
0 0.286508 0.213281 0.042762 0.025781
8 0.153945 0.590234 0.307890 0.688281
8 0.153945 0.335156 0.307890 0.156250
1 0.153945 0.334961 0.307890 0.155859
8 0.153945 0.502344 0.307890 0.156250
1 0.153945 0.502148 0.307890 0.155859
8 0.153945 0.762891 0.307890 0.342969
4 0.075476 0.095898 0.150951 0.191797
1 0.075476 0.687305 0.150951 0.191797
4 0.232414 0.095898 0.150951 0.191797
1 0.232414 0.687305 0.150951 0.191797
1 0.075476 0.864258 0.150951 0.140234
1 0.232414 0.864258 0.150951 0.140234
4 0.132777 0.142187 0.241608 0.065625
1 0.274963 0.142187 0.041907 0.065625
4 0.254009 0.071094 0.035920 0.065625
1 0.017960 0.032813 0.029934 0.054688
4 0.289929 0.071094 0.035920 0.065625
4 0.020954 0.038281 0.041907 0.076563
1 0.053132 0.038086 0.022450 0.041016
