4 0.500000 0.142578 1.000000 0.065625
1 0.068056 0.142578 0.116667 0.054688
0 0.500000 0.142578 1.000000 0.054688
8 0.500000 0.321875 1.000000 0.292969
8 0.500000 0.146484 1.000000 0.292969
1 0.500000 0.321875 1.000000 0.292969
0 0.468056 0.363086 0.819444 0.039453
0 0.492708 0.403711 0.868750 0.019922
8 0.500000 0.337891 1.000000 0.089844
0 0.227431 0.524219 0.377083 0.046094
8 0.500000 0.751758 1.000000 0.365234
1 0.500000 0.712305 0.961111 0.286328
0 0.392708 0.888867 0.707639 0.023047
0 0.873264 0.887305 0.175694 0.019922
0 0.219097 0.915820 0.360417 0.019922
1 0.944444 0.910742 0.033333 0.026953
4 0.500000 0.070898 0.377778 0.066797
0 0.482986 0.070898 0.227083 0.023047
2 0.302431 0.033398 0.034028 0.005859
3 0.068056 0.038281 0.136111 0.076563
