4 0.529167 0.070898 0.708333 0.049609
2 0.227083 0.070703 0.040278 0.022656
0 0.567708 0.070898 0.592361 0.027734
4 0.941667 0.071094 0.116667 0.076563
1 0.941667 0.071094 0.058333 0.032813
3 0.068056 0.038281 0.136111 0.076563
3 0.166667 0.146289 0.333333 0.073828
3 0.500000 0.146289 0.333333 0.073828
3 0.833333 0.146289 0.333333 0.073828
8 0.500000 0.142187 0.955556 0.273438
4 0.500000 0.328125 0.955556 0.273438
1 0.477778 0.136719 0.955556 0.273438
0 0.317361 0.327930 0.541667 0.038672
0 0.327083 0.291016 0.561111 0.035156
3 0.242361 0.407422 0.391667 0.065625
