4 0.068056 0.017127 0.136111 0.034254
3 0.941667 0.031807 0.116667 0.029360
4 0.250000 0.018350 0.500000 0.036700
1 0.071875 0.067197 0.085417 0.021496
0 0.236111 0.067197 0.243056 0.016253
4 0.750000 0.018350 0.500000 0.036700
1 0.571875 0.067197 0.085417 0.021496
0 0.736111 0.067197 0.243056 0.016253
8 0.500000 0.251835 1.000000 0.332401
0 0.499653 0.131510 0.470139 0.016253
0 0.499653 0.210154 0.270139 0.020447
4 0.500000 0.249563 0.840278 0.027613
3 0.500000 0.292555 0.840278 0.027613
0 0.500000 0.367878 0.375000 0.016428
4 0.243750 0.017127 0.487500 0.034254
0 0.256250 0.396365 0.429167 0.011534
4 0.731250 0.017127 0.487500 0.034254
0 0.743750 0.396365 0.429167 0.011534
