3 0.500000 0.482441 1.000000 0.964883
1 0.085417 0.941263 0.145833 0.032191
5 0.087500 0.081940 0.136111 0.070234
1 0.087500 0.081940 0.136111 0.070234
3 0.455208 0.081940 0.560417 0.031773
3 0.795139 0.081731 0.109722 0.063127
3 0.919097 0.081522 0.113194 0.061873
4 0.442708 0.184574 0.720139 0.111622
0 0.403819 0.164716 0.593750 0.048495
1 0.632639 0.023411 0.077778 0.046823
6 0.256250 0.214047 0.298611 0.046823
3 0.932639 0.191054 0.109722 0.066054
3 0.934028 0.502926 0.106944 0.064381
3 0.934028 0.603888 0.106944 0.108278
3 0.077778 0.923913 0.106944 0.064381
4 0.077778 0.852007 0.106944 0.064381
