3 0.500000 0.890625 1.000000 0.087500
0 0.499653 0.073242 0.375694 0.026172
5 0.505903 0.144922 0.875694 0.054688
8 0.465972 0.028125 0.931944 0.056250
1 0.097222 0.232031 0.048611 0.027344
0 0.193056 0.231836 0.069444 0.026172
8 0.465972 0.084375 0.931944 0.056250
1 0.097222 0.288281 0.048611 0.027344
0 0.196181 0.288086 0.075694 0.026172
8 0.465972 0.140625 0.931944 0.056250
1 0.097222 0.344531 0.048611 0.027344
0 0.197222 0.344336 0.077778 0.026172
8 0.465972 0.196875 0.931944 0.056250
1 0.097222 0.400781 0.048611 0.027344
0 0.285069 0.400586 0.253472 0.026172
8 0.465972 0.253125 0.931944 0.056250
1 0.097222 0.457031 0.048611 0.027344
0 0.304861 0.456836 0.293056 0.026172
8 0.465972 0.309375 0.931944 0.056250
1 0.097222 0.513281 0.048611 0.027344
0 0.193403 0.513086 0.070139 0.026172
8 0.465972 0.365625 0.931944 0.056250
1 0.097222 0.569531 0.048611 0.027344
0 0.196181 0.569336 0.075694 0.026172
8 0.465972 0.421875 0.931944 0.056250
1 0.097222 0.625781 0.048611 0.027344
0 0.234028 0.625586 0.151389 0.026172
8 0.465972 0.478125 0.931944 0.056250
1 0.097222 0.682031 0.048611 0.027344
0 0.293750 0.681836 0.270833 0.026172
8 0.465972 0.534375 0.931944 0.056250
1 0.097222 0.738281 0.048611 0.027344
0 0.195486 0.738086 0.074306 0.026172
8 0.465972 0.590625 0.931944 0.056250
1 0.097222 0.794531 0.048611 0.027344
0 0.323958 0.794336 0.331250 0.026172
8 0.465972 0.646875 0.931944 0.056250
1 0.097222 0.840625 0.048611 0.007031
0 0.219444 0.840820 0.122222 0.006641
