0 0.238889 0.070898 0.186111 0.036328
4 0.068056 0.038281 0.136111 0.076563
0 0.102431 0.157422 0.127083 0.029687
0 0.500000 0.157422 0.080556 0.029687
0 0.918403 0.157422 0.085417 0.029687
0 0.161806 0.306250 0.245833 0.029687
6 0.931250 0.306250 0.059722 0.033594
0 0.269444 0.404687 0.461111 0.029687
5 0.730556 0.404687 0.461111 0.065625
0 0.672222 0.404687 0.344444 0.065625
0 0.269444 0.503125 0.461111 0.029687
5 0.730556 0.503125 0.461111 0.065625
0 0.672222 0.503125 0.344444 0.065625
0 0.204167 0.601562 0.330556 0.029687
6 0.931250 0.601562 0.059722 0.033594
0 0.150347 0.700000 0.222917 0.029687
6 0.931250 0.700000 0.059722 0.033594
3 0.847222 0.782422 0.213889 0.056250
