5 0.500000 0.071094 1.000000 0.065625
5 0.451389 0.070312 0.863889 0.049219
1 0.931944 0.070312 0.097222 0.064062
3 0.846875 0.136914 0.306250 0.055078
4 0.346875 0.136914 0.693750 0.055078
0 0.122917 0.136914 0.245833 0.055078
8 0.254861 0.175391 0.470833 0.328906
3 0.072917 0.208203 0.077778 0.043750
0 0.197222 0.463867 0.320833 0.022266
0 0.427431 0.463867 0.090972 0.022266
0 0.165972 0.486133 0.258333 0.022266
0 0.396181 0.486133 0.153472 0.022266
8 0.745139 0.175391 0.470833 0.328906
3 0.563194 0.208203 0.077778 0.043750
0 0.904861 0.207617 0.093056 0.026172
0 0.687500 0.463867 0.320833 0.022266
0 0.917708 0.463867 0.090972 0.022266
0 0.656250 0.486133 0.258333 0.022266
0 0.886458 0.486133 0.153472 0.022266
8 0.254861 0.515234 0.470833 0.328906
3 0.072917 0.548047 0.077778 0.043750
0 0.414583 0.547461 0.093056 0.026172
0 0.180556 0.803711 0.287500 0.022266
0 0.410764 0.803711 0.124306 0.022266
0 0.165972 0.825977 0.258333 0.022266
0 0.396181 0.825977 0.153472 0.022266
8 0.745139 0.515234 0.470833 0.328906
3 0.563194 0.548047 0.077778 0.043750
0 0.687500 0.803711 0.320833 0.022266
0 0.917708 0.803711 0.090972 0.022266
0 0.656250 0.825977 0.258333 0.022266
0 0.886458 0.825977 0.153472 0.022266
8 0.254861 0.845313 0.470833 0.309375
3 0.072917 0.887891 0.077778 0.043750
8 0.745139 0.845313 0.470833 0.309375
3 0.563194 0.887891 0.077778 0.043750
0 0.904861 0.887305 0.093056 0.026172
