5 0.446528 0.146094 0.868056 0.059375
3 0.934028 0.146094 0.106944 0.059375
0 0.310764 0.199219 0.582639 0.025781
0 0.791319 0.199219 0.378472 0.014844
4 0.500000 0.533984 1.000000 0.636719
8 0.500000 0.043750 1.000000 0.087500
1 0.050347 0.259180 0.085417 0.048047
0 0.542708 0.234961 0.899306 0.020703
0 0.535417 0.269531 0.884722 0.048438
8 0.500000 0.133984 1.000000 0.087500
1 0.050347 0.349414 0.085417 0.048047
0 0.542708 0.325195 0.899306 0.020703
0 0.535417 0.359766 0.884722 0.048438
8 0.500000 0.224219 1.000000 0.087500
1 0.050347 0.439648 0.085417 0.048047
0 0.542708 0.426758 0.899306 0.020703
0 0.535417 0.450195 0.884722 0.026172
8 0.500000 0.314453 1.000000 0.087500
1 0.050347 0.529883 0.085417 0.048047
0 0.542708 0.505664 0.899306 0.020703
0 0.535417 0.540234 0.884722 0.048438
8 0.500000 0.404687 1.000000 0.087500
1 0.050347 0.620117 0.085417 0.048047
0 0.542708 0.595898 0.899306 0.020703
0 0.535417 0.630469 0.884722 0.048438
8 0.500000 0.494922 1.000000 0.087500
1 0.050347 0.710352 0.085417 0.048047
0 0.542708 0.686133 0.899306 0.020703
0 0.535417 0.720703 0.884722 0.048438
8 0.500000 0.585156 1.000000 0.087500
1 0.050347 0.800586 0.085417 0.048047
0 0.542708 0.787695 0.899306 0.020703
0 0.535417 0.811133 0.884722 0.026172
8 0.500000 0.675391 1.000000 0.087500
4 0.500000 0.933594 1.000000 0.001563
3 0.094792 0.892773 0.189583 0.080859
0 0.282986 0.880664 0.161806 0.018359
0 0.594792 0.902539 0.785417 0.025391
1 0.121181 0.071094 0.170139 0.032813
5 0.371875 0.071094 0.257639 0.076563
0 0.313542 0.070898 0.140972 0.033203
3 0.825000 0.071094 0.116667 0.065625
3 0.941667 0.071094 0.116667 0.065625
