8 0.504861 0.103906 0.990278 0.142187
8 0.500000 0.549023 0.980556 0.737109
0 0.500000 0.224219 0.902778 0.043750
4 0.500000 0.373242 0.902778 0.185547
1 0.208681 0.373242 0.320139 0.180078
0 0.660069 0.295703 0.504861 0.025000
0 0.470833 0.321094 0.126389 0.025781
4 0.500000 0.558789 0.902778 0.185547
1 0.208681 0.558789 0.320139 0.180078
0 0.660069 0.481250 0.504861 0.025000
0 0.470833 0.506641 0.126389 0.025781
4 0.500000 0.744336 0.902778 0.185547
1 0.208681 0.744336 0.320139 0.180078
0 0.660069 0.666797 0.504861 0.025000
0 0.461111 0.692187 0.106944 0.025781
4 0.500000 0.882812 0.980556 0.069531
0 0.478125 0.882812 0.859028 0.025781
2 0.929514 0.882617 0.043750 0.024609
8 0.500000 0.928711 0.980556 0.011328
5 0.480556 0.071094 0.688889 0.076563
1 0.165278 0.071094 0.058333 0.076563
4 0.931944 0.071094 0.136111 0.076563
4 0.068056 0.038281 0.136111 0.076563
1 0.931944 0.071094 0.136111 0.076563
3 0.068056 0.038281 0.136111 0.076563
3 0.213194 0.140820 0.193056 0.062891
3 0.421528 0.140820 0.223611 0.062891
3 0.634722 0.140820 0.202778 0.062891
