0 0.500000 0.071488 0.258333 0.039298
5 0.400000 0.138796 0.800000 0.061037
4 0.900000 0.135452 0.200000 0.054348
2 0.154514 0.027174 0.042361 0.025084
3 0.500000 0.258361 0.618056 0.031773
4 0.100000 0.032191 0.200000 0.064381
1 0.099653 0.967809 0.182639 0.064381
4 0.300000 0.032191 0.200000 0.064381
1 0.299653 0.967809 0.182639 0.064381
4 0.500000 0.032191 0.200000 0.064381
1 0.499653 0.967809 0.182639 0.064381
4 0.700000 0.032191 0.200000 0.064381
1 0.699653 0.967809 0.182639 0.064381
4 0.900000 0.032191 0.200000 0.064381
1 0.899653 0.967809 0.182639 0.064381
