0 0.345139 0.070898 0.340278 0.033984
3 0.068056 0.038281 0.136111 0.076563
5 0.445139 0.152930 0.840278 0.058984
1 0.932639 0.152734 0.061111 0.034375
4 0.500000 0.082031 1.000000 0.164062
3 0.500000 0.082031 1.000000 0.164062
1 0.085417 0.141992 0.145833 0.030078
0 0.100694 0.395117 0.127778 0.027734
0 0.878819 0.394336 0.168750 0.026172
0 0.500000 0.427734 0.926389 0.023438
0 0.500000 0.451172 0.926389 0.023438
3 0.500000 0.473242 0.926389 0.020703
0 0.500000 0.538086 0.926389 0.020703
0 0.077431 0.562695 0.081250 0.020703
0 0.200694 0.561719 0.165278 0.023438
0 0.349306 0.562695 0.058333 0.020703
0 0.461111 0.561719 0.165278 0.023438
0 0.077431 0.587695 0.081250 0.020703
0 0.200694 0.586719 0.165278 0.023438
0 0.349306 0.587695 0.058333 0.020703
0 0.461111 0.586719 0.165278 0.023438
0 0.077431 0.612695 0.081250 0.020703
0 0.200694 0.611719 0.165278 0.023438
0 0.349306 0.612695 0.058333 0.020703
0 0.461111 0.611719 0.165278 0.023438
0 0.077431 0.637695 0.081250 0.020703
0 0.200694 0.636719 0.165278 0.023438
4 0.500000 0.705273 0.926389 0.058984
2 0.457292 0.709180 0.036806 0.020703
0 0.518403 0.708984 0.085417 0.031250
3 0.500000 0.765625 0.926389 0.031250
3 0.500000 0.803906 0.926389 0.031250
