1 0.252778 0.038086 0.155556 0.051953
5 0.941667 0.071094 0.116667 0.065625
1 0.941667 0.071094 0.116667 0.065625
3 0.068056 0.038281 0.136111 0.076563
8 0.500000 0.034766 1.000000 0.069531
0 0.140625 0.144141 0.281250 0.069531
2 0.945139 0.143945 0.031944 0.013672
8 0.500000 0.104297 1.000000 0.069531
0 0.112153 0.213672 0.224306 0.069531
8 0.500000 0.173828 1.000000 0.069531
0 0.112153 0.283203 0.224306 0.069531
8 0.500000 0.243359 1.000000 0.069531
0 0.117014 0.352734 0.234028 0.069531
8 0.500000 0.312891 1.000000 0.069531
0 0.117014 0.422266 0.234028 0.069531
8 0.500000 0.382422 1.000000 0.069531
0 0.092708 0.491797 0.185417 0.069531
