0 0.303472 0.071094 0.286111 0.032031
3 0.068056 0.038281 0.136111 0.076563
3 0.048611 0.038281 0.097222 0.065625
3 0.166667 0.142383 0.333333 0.062891
3 0.500000 0.142383 0.333333 0.062891
3 0.833333 0.142383 0.333333 0.062891
8 0.500000 0.327539 1.000000 0.655078
4 0.500000 0.233203 0.944444 0.087500
1 0.088194 0.233203 0.080556 0.045312
0 0.191319 0.212891 0.085417 0.024219
0 0.550347 0.242188 0.803472 0.034375
4 0.500000 0.322266 0.944444 0.087500
1 0.088194 0.322266 0.080556 0.045312
0 0.169097 0.301953 0.040972 0.024219
0 0.550347 0.331250 0.803472 0.034375
4 0.263194 0.411328 0.470833 0.087500
1 0.088194 0.416016 0.080556 0.045312
0 0.203819 0.395703 0.110417 0.024219
0 0.250347 0.430273 0.203472 0.023828
4 0.736806 0.411328 0.470833 0.087500
1 0.561806 0.416016 0.080556 0.045312
0 0.677083 0.395703 0.109722 0.024219
0 0.723958 0.430273 0.203472 0.023828
4 0.263194 0.500391 0.470833 0.087500
1 0.088194 0.500391 0.080556 0.045312
0 0.236806 0.480078 0.176389 0.024219
0 0.165972 0.514453 0.034722 0.044531
2 0.439931 0.070508 0.021528 0.019141
4 0.736806 0.500391 0.470833 0.087500
1 0.565278 0.501953 0.087500 0.049219
0 0.668056 0.481641 0.091667 0.024219
0 0.691667 0.514258 0.138889 0.041016
2 0.941319 0.525195 0.021528 0.019141
4 0.500000 0.879492 0.944444 0.078516
3 0.500000 0.879492 0.944444 0.078516
