4 0.500000 0.552676 1.000000 0.894649
0 0.500000 0.145276 0.951389 0.035535
0 0.182639 0.217600 0.316667 0.035535
6 0.182292 0.267768 0.102083 0.043896
0 0.499653 0.217600 0.317361 0.035535
6 0.499653 0.267768 0.102083 0.043896
0 0.817014 0.217600 0.317361 0.035535
6 0.817014 0.267768 0.102083 0.043896
3 0.500000 0.355769 0.951389 0.058528
5 0.500000 0.425376 0.951389 0.080686
0 0.223958 0.424958 0.350694 0.035535
0 0.653125 0.424958 0.482639 0.035535
1 0.929167 0.422868 0.044444 0.031355
4 0.500000 0.436455 0.902778 0.058528
5 0.500000 0.506062 0.951389 0.080686
0 0.223958 0.505644 0.350694 0.035535
0 0.653125 0.505644 0.482639 0.035535
1 0.929167 0.503554 0.044444 0.031355
4 0.500000 0.517140 0.902778 0.058528
0 0.162153 0.588002 0.164583 0.038880
0 0.270486 0.588002 0.027083 0.038880
4 0.125347 0.651965 0.113194 0.068144
4 0.238542 0.651965 0.113194 0.068144
0 0.478125 0.588002 0.150694 0.038880
0 0.579514 0.588002 0.027083 0.038880
4 0.441319 0.651965 0.113194 0.068144
4 0.554514 0.651965 0.113194 0.068144
0 0.795833 0.588002 0.190278 0.038880
0 0.917014 0.588002 0.027083 0.038880
4 0.758681 0.651965 0.113194 0.068144
4 0.871875 0.651965 0.113194 0.068144
3 0.500000 0.755017 0.951389 0.070234
4 0.125000 0.948579 0.250000 0.093645
1 0.125000 0.934783 0.250000 0.066054
0 0.125000 0.981605 0.250000 0.027592
4 0.375000 0.948579 0.250000 0.093645
1 0.375000 0.934783 0.250000 0.066054
0 0.374653 0.981605 0.143750 0.027592
4 0.625000 0.948579 0.250000 0.093645
1 0.625000 0.934783 0.109722 0.066054
0 0.624653 0.981605 0.057639 0.027592
4 0.875000 0.948579 0.250000 0.093645
1 0.875000 0.934783 0.109722 0.066054
0 0.875000 0.981605 0.079167 0.027592
4 0.500000 0.070234 0.302778 0.070234
