8 0.293998 0.417969 0.587995 0.835938
3 0.553695 0.071094 0.068599 0.065625
0 0.070641 0.070898 0.095549 0.036328
8 0.293998 0.051172 0.587995 0.102344
8 0.293998 0.201758 0.587995 0.198828
0 0.024500 0.241016 0.049000 0.058594
0 0.548183 0.241016 0.079624 0.058594
8 0.293998 0.400586 0.587995 0.198828
0 0.043895 0.439844 0.087791 0.058594
0 0.548183 0.439844 0.079624 0.058594
8 0.293998 0.599414 0.587995 0.198828
0 0.080033 0.638672 0.160065 0.058594
0 0.548183 0.638672 0.079624 0.058594
8 0.293998 0.798242 0.587995 0.198828
0 0.061045 0.837500 0.122091 0.058594
0 0.548183 0.837500 0.079624 0.058594
4 0.058800 0.032813 0.117599 0.065625
1 0.058800 0.890234 0.117599 0.041406
0 0.058800 0.922070 0.117599 0.022266
4 0.176399 0.032813 0.117599 0.065625
1 0.176399 0.890820 0.117599 0.044141
0 0.176399 0.923633 0.117599 0.021484
4 0.293998 0.032813 0.117599 0.065625
1 0.293998 0.890234 0.117599 0.042969
0 0.293998 0.922852 0.117599 0.022266
4 0.411597 0.032813 0.117599 0.065625
1 0.411597 0.890234 0.117599 0.041406
0 0.411597 0.922070 0.117599 0.022266
4 0.529196 0.032813 0.117599 0.065625
1 0.529196 0.890234 0.117599 0.041406
0 0.529196 0.922070 0.117599 0.022266
