4 0.500000 0.524609 1.000000 0.819531
8 0.500000 0.065625 1.000000 0.087500
0 0.547222 0.164844 0.750000 0.029687
3 0.087500 0.043750 0.097222 0.054688
0 0.547222 0.192578 0.750000 0.025781
8 0.500000 0.153125 1.000000 0.087500
1 0.087500 0.043750 0.097222 0.054688
0 0.547222 0.265234 0.750000 0.029687
8 0.500000 0.240625 1.000000 0.087500
0 0.547222 0.352734 0.750000 0.029687
8 0.500000 0.328125 1.000000 0.087500
0 0.547222 0.440234 0.750000 0.029687
3 0.893056 0.874219 0.136111 0.076563
5 0.500000 0.076563 1.000000 0.087500
3 0.068056 0.076563 0.068056 0.038281
5 0.518403 0.076563 0.690972 0.038281
1 0.931944 0.076563 0.136111 0.076563
