5 0.500000 0.152930 0.951389 0.059766
5 0.500000 0.225391 0.951389 0.057813
4 0.500000 0.601172 1.000000 0.666406
8 0.500000 0.014844 1.000000 0.029687
0 0.500000 0.282813 1.000000 0.029687
8 0.500000 0.046094 1.000000 0.029687
0 0.500000 0.314063 1.000000 0.029687
8 0.500000 0.100781 1.000000 0.076563
1 0.068056 0.368750 0.068056 0.038281
0 0.555903 0.362305 0.839583 0.036328
8 0.500000 0.178906 1.000000 0.076563
1 0.068056 0.446875 0.068056 0.038281
0 0.555903 0.440430 0.839583 0.036328
8 0.500000 0.257031 1.000000 0.076563
1 0.068056 0.525000 0.068056 0.038281
0 0.555903 0.518555 0.839583 0.036328
8 0.500000 0.335156 1.000000 0.076563
1 0.068056 0.603125 0.068056 0.038281
0 0.555903 0.596680 0.839583 0.036328
8 0.500000 0.413281 1.000000 0.076563
1 0.068056 0.681250 0.068056 0.038281
0 0.555903 0.674805 0.839583 0.036328
8 0.500000 0.491406 1.000000 0.076563
1 0.068056 0.759375 0.068056 0.038281
0 0.555903 0.752930 0.839583 0.036328
8 0.500000 0.546094 1.000000 0.029687
0 0.500000 0.814063 1.000000 0.029687
8 0.500000 0.600781 1.000000 0.076563
1 0.068056 0.868750 0.068056 0.038281
0 0.555903 0.862305 0.839583 0.036328
8 0.500000 0.678906 1.000000 0.076563
1 0.068056 0.931055 0.068056 0.006641
0 0.555903 0.928320 0.839583 0.012109
0 0.407639 0.070898 0.523611 0.036328
3 0.068056 0.038281 0.136111 0.076563
3 0.914931 0.071094 0.170139 0.065625
