4 0.500000 0.483594 1.000000 0.901563
4 0.500000 0.527344 1.000000 0.814063
8 0.500000 0.121875 1.000000 0.243750
5 0.500000 0.164062 0.883333 0.043750
0 0.500000 0.200391 1.000000 0.028906
5 0.178125 0.258594 0.239583 0.043750
0 0.156944 0.258594 0.197222 0.025781
0 0.276736 0.258594 0.042361 0.025781
5 0.780556 0.313281 0.322222 0.043750
0 0.795486 0.313281 0.207639 0.025781
0 0.920486 0.313281 0.042361 0.025781
3 0.128472 0.313281 0.140278 0.043750
1 0.951389 0.264062 0.097222 0.054688
0 0.500000 0.349609 0.883333 0.028906
1 0.078472 0.076563 0.077778 0.043750
4 0.519444 0.076563 0.726389 0.065625
3 0.315625 0.067578 0.318750 0.047656
6 0.707986 0.076563 0.349306 0.043750
0 0.535417 0.076563 0.004167 0.043750
1 0.576389 0.076563 0.077778 0.043750
0 0.745833 0.076563 0.261111 0.043750
1 0.931250 0.076563 0.058333 0.032813
