0 0.500000 0.065625 0.961111 0.043750
5 0.500000 0.121289 0.337500 0.067578
0 0.419792 0.129492 0.099306 0.029297
4 0.500000 0.490039 0.961111 0.648047
8 0.095833 0.054688 0.191667 0.076563
1 0.115278 0.220703 0.097222 0.054688
8 0.287500 0.054688 0.191667 0.076563
1 0.306944 0.220703 0.097222 0.054688
8 0.479167 0.054688 0.191667 0.076563
1 0.498611 0.220703 0.097222 0.054688
8 0.670833 0.054688 0.191667 0.076563
1 0.690278 0.220703 0.097222 0.054688
8 0.862500 0.054688 0.191667 0.076563
1 0.881944 0.220703 0.097222 0.054688
8 0.095833 0.131250 0.191667 0.076563
1 0.115278 0.297266 0.097222 0.054688
8 0.287500 0.131250 0.191667 0.076563
1 0.306944 0.297266 0.097222 0.054688
8 0.479167 0.131250 0.191667 0.076563
1 0.498611 0.297266 0.097222 0.054688
8 0.670833 0.131250 0.191667 0.076563
1 0.690278 0.297266 0.097222 0.054688
8 0.862500 0.131250 0.191667 0.076563
1 0.881944 0.297266 0.097222 0.054688
8 0.095833 0.207813 0.191667 0.076563
1 0.115278 0.373828 0.097222 0.054688
8 0.287500 0.207813 0.191667 0.076563
1 0.306944 0.373828 0.097222 0.054688
8 0.479167 0.207813 0.191667 0.076563
1 0.498611 0.373828 0.097222 0.054688
8 0.670833 0.207813 0.191667 0.076563
1 0.690278 0.373828 0.097222 0.054688
8 0.862500 0.207813 0.191667 0.076563
1 0.881944 0.373828 0.097222 0.054688
8 0.095833 0.284375 0.191667 0.076563
1 0.115278 0.450391 0.097222 0.054688
8 0.287500 0.284375 0.191667 0.076563
1 0.306944 0.450391 0.097222 0.054688
8 0.479167 0.284375 0.191667 0.076563
1 0.498611 0.450391 0.097222 0.054688
8 0.670833 0.284375 0.191667 0.076563
1 0.690278 0.450391 0.097222 0.054688
8 0.862500 0.284375 0.191667 0.076563
1 0.881944 0.450391 0.097222 0.054688
3 0.500000 0.890625 0.443056 0.065625
