0 0.324306 0.070898 0.298611 0.036328
3 0.068056 0.038281 0.136111 0.076563
4 0.500000 0.176172 0.926389 0.092188
0 0.518403 0.156641 0.889583 0.025781
0 0.500000 0.192383 0.852778 0.045703
4 0.500000 0.268359 0.926389 0.092188
0 0.518403 0.248828 0.889583 0.025781
0 0.500000 0.284570 0.852778 0.045703
1 0.900000 0.222266 0.126389 0.071094
4 0.500000 0.370898 0.852778 0.109766
0 0.124306 0.335938 0.101389 0.025781
0 0.141667 0.385156 0.136111 0.072656
0 0.258681 0.397852 0.072917 0.027734
0 0.253819 0.373437 0.063194 0.029687
6 0.868750 0.466602 0.188889 0.037109
0 0.423958 0.466797 0.700694 0.038281
3 0.500000 0.564258 0.852778 0.068359
1 0.065972 0.676953 0.058333 0.032813
0 0.535417 0.686523 0.855556 0.051953
