0 0.251042 0.070898 0.210417 0.036328
3 0.068056 0.038281 0.136111 0.076563
4 0.854167 0.071094 0.058333 0.049219
1 0.854167 0.071094 0.058333 0.049219
3 0.941667 0.071094 0.116667 0.065625
4 0.500000 0.523242 1.000000 0.822266
8 0.500000 0.038281 1.000000 0.076563
8 0.500000 0.135547 1.000000 0.114844
3 0.499653 0.247656 0.531250 0.065625
8 0.500000 0.231836 1.000000 0.074609
8 0.464583 0.343945 0.861111 0.036328
8 0.947569 0.343750 0.036806 0.016406
8 0.500000 0.308008 1.000000 0.074609
8 0.500000 0.420117 0.931944 0.036328
8 0.500000 0.384180 1.000000 0.074609
8 0.500000 0.496289 0.931944 0.036328
8 0.500000 0.484570 1.000000 0.123047
3 0.500000 0.589844 0.325000 0.065625
8 0.500000 0.581445 1.000000 0.067578
0 0.500000 0.693555 0.931944 0.029297
4 0.250000 0.038281 0.500000 0.076563
1 0.186458 0.147656 0.072917 0.027344
0 0.286458 0.147656 0.127083 0.025781
4 0.750000 0.038281 0.500000 0.076563
1 0.673958 0.147656 0.072917 0.027344
0 0.786111 0.147656 0.151389 0.025781
