2 0.070833 0.071488 0.044444 0.026756
0 0.499653 0.036580 0.229861 0.035535
0 0.207292 0.142349 0.317361 0.038880
4 0.500000 0.205686 0.902778 0.058528
0 0.512153 0.205686 0.878472 0.058528
1 0.030556 0.018395 0.061111 0.036789
4 0.500000 0.278846 0.902778 0.058528
0 0.512153 0.278846 0.878472 0.058528
4 0.500000 0.352007 0.902778 0.058528
0 0.512153 0.352007 0.878472 0.058528
3 0.500000 0.439799 0.902778 0.058528
1 0.842014 0.029055 0.072917 0.043896
4 0.500000 0.527592 0.902778 0.058528
0 0.451389 0.029264 0.902778 0.058528
