4 0.127083 0.053512 0.186111 0.107023
4 0.313194 0.053512 0.186111 0.107023
4 0.499306 0.053512 0.186111 0.107023
4 0.685417 0.053512 0.186111 0.107023
4 0.871528 0.053512 0.186111 0.107023
4 0.127083 0.160535 0.186111 0.107023
4 0.313194 0.160535 0.186111 0.107023
4 0.499306 0.160535 0.186111 0.107023
4 0.685417 0.160535 0.186111 0.107023
4 0.871528 0.160535 0.186111 0.107023
1 0.944097 0.428721 0.111806 0.067308
4 0.465972 0.035953 0.931944 0.071906
2 0.053472 0.498328 0.038889 0.023411
4 0.465972 0.107860 0.931944 0.071906
2 0.053472 0.570234 0.038889 0.023411
4 0.465972 0.179766 0.931944 0.071906
2 0.053472 0.642140 0.038889 0.023411
3 0.500000 0.043896 1.000000 0.087793
0 0.499653 0.043896 0.284028 0.027592
4 0.100000 0.035117 0.200000 0.070234
1 0.099653 0.034908 0.072917 0.043896
3 0.300000 0.035117 0.200000 0.070234
3 0.500000 0.035117 0.200000 0.070234
3 0.700000 0.035117 0.200000 0.070234
4 0.900000 0.035117 0.200000 0.070234
