0 0.509722 0.072461 0.669444 0.036328
3 0.068056 0.038281 0.136111 0.076563
3 0.931944 0.071094 0.136111 0.065625
8 0.500000 0.037891 1.000000 0.075781
0 0.386806 0.150000 0.773611 0.075781
4 0.879514 0.150000 0.211806 0.075781
0 0.845486 0.149609 0.124306 0.025781
1 0.941667 0.149609 0.068056 0.032813
8 0.500000 0.221875 1.000000 0.067969
0 0.548611 0.221875 0.902778 0.067969
1 0.068056 0.221875 0.058333 0.067969
8 0.500000 0.289844 1.000000 0.067969
0 0.548611 0.289844 0.902778 0.067969
1 0.068056 0.289844 0.058333 0.067969
8 0.500000 0.357812 1.000000 0.067969
0 0.548611 0.357812 0.902778 0.067969
1 0.068056 0.357812 0.058333 0.067969
8 0.500000 0.425781 1.000000 0.067969
0 0.548611 0.425781 0.902778 0.067969
1 0.068056 0.425781 0.058333 0.067969
8 0.500000 0.493750 1.000000 0.067969
0 0.548611 0.493750 0.902778 0.067969
1 0.068056 0.493750 0.058333 0.067969
8 0.500000 0.561719 1.000000 0.067969
0 0.548611 0.561719 0.902778 0.067969
1 0.068056 0.561719 0.058333 0.067969
8 0.500000 0.629687 1.000000 0.067969
0 0.548611 0.629687 0.902778 0.067969
1 0.068056 0.629687 0.058333 0.067969
8 0.500000 0.697656 1.000000 0.067969
0 0.548611 0.697656 0.902778 0.067969
1 0.068056 0.697656 0.058333 0.067969
8 0.500000 0.765625 1.000000 0.067969
0 0.548611 0.765625 0.902778 0.067969
1 0.068056 0.765625 0.058333 0.067969
8 0.500000 0.833594 1.000000 0.067969
0 0.548611 0.833594 0.902778 0.067969
1 0.068056 0.833594 0.058333 0.067969
8 0.500000 0.900977 1.000000 0.066797
0 0.548611 0.900977 0.902778 0.066797
1 0.068056 0.900977 0.058333 0.066797
4 0.893056 0.797656 0.136111 0.076563
