4 0.500000 0.488281 1.000000 0.757812
8 0.500000 0.164844 1.000000 0.329688
5 0.500000 0.153125 0.961111 0.049219
0 0.500000 0.231641 0.922222 0.025781
0 0.500000 0.280664 0.922222 0.050391
0 0.202778 0.333398 0.327778 0.022266
3 0.429514 0.333398 0.106250 0.033203
0 0.500000 0.406250 1.000000 0.065625
8 0.500000 0.362500 1.000000 0.065625
1 0.068056 0.471875 0.058333 0.032813
0 0.577778 0.471875 0.844444 0.029687
8 0.500000 0.428125 1.000000 0.065625
1 0.068056 0.537500 0.058333 0.032813
0 0.577778 0.537500 0.844444 0.029687
8 0.500000 0.493750 1.000000 0.065625
1 0.068056 0.603125 0.058333 0.032813
0 0.577778 0.603125 0.844444 0.029687
8 0.500000 0.559375 1.000000 0.065625
1 0.068056 0.668750 0.058333 0.032813
0 0.577778 0.668750 0.844444 0.029687
8 0.500000 0.625000 1.000000 0.065625
1 0.068056 0.734375 0.058333 0.032813
0 0.577778 0.734375 0.844444 0.029687
8 0.500000 0.690625 1.000000 0.065625
1 0.068056 0.800000 0.058333 0.032813
0 0.577778 0.800000 0.844444 0.029687
8 0.500000 0.756250 1.000000 0.065625
1 0.068056 0.858203 0.058333 0.017969
0 0.577778 0.858984 0.844444 0.016406
3 0.500000 0.901563 1.000000 0.065625
0 0.187847 0.070898 0.297917 0.036328
