5 0.500000 0.127344 1.000000 0.136719
4 0.500000 0.565820 1.000000 0.737109
8 0.500000 0.100000 1.000000 0.098437
8 0.930208 0.297266 0.027083 0.023438
0 0.142361 0.285156 0.216667 0.036719
0 0.198611 0.315625 0.329167 0.024219
8 0.500000 0.198437 1.000000 0.098437
8 0.930208 0.395703 0.027083 0.023438
0 0.125347 0.383594 0.182639 0.036719
0 0.160069 0.414062 0.252083 0.024219
8 0.500000 0.296875 1.000000 0.098437
8 0.930208 0.494141 0.027083 0.023438
0 0.165625 0.482031 0.263194 0.036719
0 0.175347 0.512500 0.282639 0.024219
8 0.500000 0.395313 1.000000 0.098437
8 0.930208 0.592578 0.027083 0.023438
0 0.150000 0.580469 0.231944 0.036719
0 0.188542 0.610938 0.309028 0.024219
8 0.500000 0.493750 1.000000 0.098437
8 0.930208 0.691016 0.027083 0.023438
0 0.120833 0.678906 0.173611 0.036719
0 0.271181 0.709375 0.474306 0.024219
8 0.500000 0.592187 1.000000 0.098437
8 0.930208 0.789453 0.027083 0.023438
0 0.155556 0.777344 0.243056 0.036719
0 0.292708 0.807813 0.517361 0.024219
8 0.500000 0.690625 1.000000 0.098437
8 0.930208 0.887891 0.027083 0.023438
0 0.100694 0.875781 0.133333 0.036719
0 0.162500 0.906250 0.256944 0.024219
4 0.052431 0.029492 0.104861 0.058984
1 0.052083 0.029297 0.051389 0.028906
0 0.499653 0.029297 0.232639 0.026562
