0 0.235764 0.070898 0.179861 0.036328
3 0.068056 0.038281 0.136111 0.076563
4 0.500000 0.521875 1.000000 0.825000
8 0.500000 0.133203 1.000000 0.047656
8 0.500000 0.098828 1.000000 0.099219
0 0.146528 0.195312 0.215278 0.029687
0 0.435069 0.223047 0.792361 0.025781
8 0.500000 0.283203 1.000000 0.047656
8 0.500000 0.255859 1.000000 0.113281
0 0.190278 0.339844 0.302778 0.029687
0 0.461111 0.381445 0.844444 0.048047
6 0.936806 0.365234 0.077778 0.043750
8 0.500000 0.447266 1.000000 0.047656
8 0.500000 0.408789 1.000000 0.091016
0 0.137847 0.503906 0.197917 0.029687
0 0.427778 0.534375 0.777778 0.025781
6 0.936806 0.517969 0.077778 0.043750
8 0.500000 0.501367 1.000000 0.091016
0 0.204861 0.596484 0.331944 0.029687
0 0.415972 0.626953 0.754167 0.025781
6 0.936806 0.610547 0.077778 0.043750
8 0.500000 0.593945 1.000000 0.091016
0 0.143403 0.689063 0.209028 0.029687
0 0.332292 0.719531 0.586806 0.025781
6 0.936806 0.703125 0.077778 0.043750
8 0.500000 0.686523 1.000000 0.091016
0 0.156944 0.781641 0.236111 0.029687
0 0.281250 0.812109 0.484722 0.025781
8 0.500000 0.779102 1.000000 0.091016
0 0.150347 0.874219 0.222917 0.029687
0 0.275000 0.904687 0.472222 0.025781
