4 0.500000 0.521875 1.000000 0.825000
8 0.500000 0.026953 1.000000 0.053906
0 0.117361 0.120898 0.156944 0.023047
6 0.922222 0.125391 0.077778 0.032031
8 0.500000 0.163477 1.000000 0.000391
8 0.500000 0.098047 1.000000 0.087500
0 0.157292 0.207227 0.236806 0.026172
6 0.922222 0.207422 0.077778 0.043750
8 0.500000 0.251367 1.000000 0.000391
8 0.500000 0.185938 1.000000 0.087500
0 0.160764 0.295117 0.243750 0.026172
6 0.922222 0.295312 0.077778 0.043750
8 0.500000 0.339258 1.000000 0.000391
8 0.500000 0.273828 1.000000 0.087500
0 0.159375 0.383008 0.240972 0.026172
6 0.922222 0.383203 0.077778 0.043750
8 0.500000 0.427148 1.000000 0.000391
8 0.500000 0.361719 1.000000 0.087500
0 0.198264 0.470898 0.318750 0.026172
6 0.922222 0.471094 0.077778 0.043750
8 0.500000 0.554102 1.000000 0.078516
8 0.500000 0.527734 1.000000 0.087500
0 0.157292 0.636914 0.236806 0.026172
8 0.500000 0.681055 1.000000 0.000391
8 0.500000 0.615625 1.000000 0.087500
0 0.181597 0.724805 0.285417 0.026172
6 0.922222 0.725000 0.077778 0.043750
8 0.500000 0.768945 1.000000 0.000391
8 0.500000 0.703516 1.000000 0.087500
0 0.243403 0.812695 0.409028 0.026172
6 0.922222 0.812891 0.077778 0.043750
8 0.500000 0.856836 1.000000 0.000391
8 0.500000 0.791406 1.000000 0.087500
0 0.193403 0.900586 0.309028 0.026172
3 0.068056 0.038281 0.136111 0.076563
1 0.038889 0.038281 0.077778 0.043750
3 0.941667 0.071094 0.116667 0.065625
