4 0.068056 0.071697 0.136111 0.073161
0 0.499653 0.071697 0.159028 0.035535
4 0.500000 0.147784 1.000000 0.079013
0 0.194444 0.039298 0.340278 0.031773
1 0.917361 0.039298 0.116667 0.070234
4 0.500000 0.228470 1.000000 0.079013
0 0.176389 0.213629 0.304167 0.031773
0 0.189931 0.244147 0.331250 0.025920
1 0.928819 0.039507 0.093750 0.056438
0 0.176736 0.290134 0.304861 0.031773
5 0.500000 0.336747 0.951389 0.046405
4 0.500000 0.423286 1.000000 0.079013
0 0.127083 0.039298 0.205556 0.031773
4 0.500000 0.503972 1.000000 0.079013
0 0.169097 0.039298 0.289583 0.031773
4 0.500000 0.584657 1.000000 0.079013
0 0.107639 0.039298 0.166667 0.031773
4 0.500000 0.665343 1.000000 0.079013
0 0.076042 0.039298 0.103472 0.031773
