0 0.320833 0.075878 0.350000 0.038880
3 0.068056 0.040970 0.136111 0.081940
4 0.500000 0.558528 1.000000 0.882943
8 0.500000 0.051839 1.000000 0.103679
0 0.214931 0.155100 0.313194 0.031773
0 0.342361 0.184783 0.568056 0.027592
6 0.912500 0.168896 0.097222 0.058528
8 0.500000 0.167015 1.000000 0.127508
0 0.143750 0.258361 0.170833 0.031773
0 0.436806 0.299958 0.756944 0.051421
6 0.912500 0.283863 0.097222 0.058528
8 0.500000 0.294105 1.000000 0.127508
0 0.214236 0.385452 0.311806 0.031773
0 0.436806 0.427048 0.756944 0.051421
6 0.912500 0.410953 0.097222 0.058528
