4 0.500000 0.521875 1.000000 0.825000
8 0.500000 0.049609 1.000000 0.099219
0 0.212500 0.146094 0.347222 0.029687
0 0.285069 0.173828 0.492361 0.025781
6 0.903472 0.158789 0.115278 0.037109
8 0.500000 0.150391 1.000000 0.099219
0 0.143403 0.246875 0.209028 0.029687
0 0.228472 0.274609 0.379167 0.025781
6 0.903472 0.259570 0.115278 0.037109
8 0.500000 0.334766 1.000000 0.047656
8 0.500000 0.300391 1.000000 0.099219
0 0.138194 0.396875 0.198611 0.029687
0 0.292361 0.424609 0.506944 0.025781
8 0.500000 0.484766 1.000000 0.047656
8 0.500000 0.450391 1.000000 0.099219
0 0.212847 0.546875 0.347917 0.029687
0 0.303472 0.574609 0.529167 0.025781
8 0.500000 0.551172 1.000000 0.099219
0 0.098958 0.647656 0.120139 0.029687
0 0.132986 0.675391 0.188194 0.025781
0 0.235764 0.070898 0.179861 0.036328
3 0.068056 0.038281 0.136111 0.076563
