0 0.264931 0.070898 0.179861 0.036328
3 0.068056 0.038281 0.136111 0.076563
4 0.500000 0.521875 1.000000 0.825000
8 0.500000 0.035937 1.000000 0.071875
1 0.087500 0.145313 0.058333 0.032813
0 0.202431 0.132422 0.132639 0.029687
0 0.364583 0.160156 0.456944 0.025781
8 0.500000 0.107813 1.000000 0.071875
1 0.087500 0.217188 0.058333 0.032813
0 0.239236 0.204297 0.206250 0.029687
0 0.273264 0.232031 0.274306 0.025781
8 0.500000 0.179688 1.000000 0.071875
1 0.087500 0.289062 0.058333 0.032813
0 0.188542 0.276172 0.104861 0.029687
0 0.341319 0.303906 0.410417 0.025781
8 0.500000 0.251563 1.000000 0.071875
1 0.087500 0.360938 0.058333 0.032813
0 0.185764 0.348047 0.099306 0.029687
0 0.294444 0.375781 0.316667 0.025781
8 0.500000 0.323437 1.000000 0.071875
1 0.087500 0.432812 0.058333 0.032813
0 0.231250 0.419922 0.190278 0.029687
0 0.343056 0.447656 0.413889 0.025781
8 0.500000 0.395313 1.000000 0.071875
1 0.087500 0.504687 0.058333 0.032813
0 0.225347 0.491797 0.178472 0.029687
0 0.374306 0.519531 0.476389 0.025781
8 0.500000 0.467187 1.000000 0.071875
1 0.087500 0.576562 0.058333 0.032813
0 0.189931 0.563672 0.107639 0.029687
0 0.312153 0.591406 0.352083 0.025781
8 0.500000 0.539062 1.000000 0.071875
1 0.087500 0.648438 0.058333 0.032813
0 0.251042 0.635547 0.229861 0.029687
0 0.409028 0.663281 0.545833 0.025781
8 0.500000 0.610938 1.000000 0.071875
1 0.087500 0.720313 0.058333 0.032813
0 0.189931 0.707422 0.107639 0.029687
0 0.422917 0.735156 0.573611 0.025781
8 0.500000 0.682813 1.000000 0.071875
1 0.087500 0.792188 0.058333 0.032813
0 0.185069 0.779297 0.097917 0.029687
0 0.307639 0.807031 0.343056 0.025781
8 0.500000 0.754687 1.000000 0.071875
1 0.087500 0.864062 0.058333 0.032813
0 0.187847 0.851172 0.103472 0.029687
0 0.268403 0.878906 0.264583 0.025781
