4 0.500000 0.521875 1.000000 0.825000
8 0.500000 0.020898 1.000000 0.041797
0 0.309722 0.119336 0.541667 0.019922
8 0.500000 0.092969 1.000000 0.099219
0 0.188542 0.189453 0.299306 0.029687
0 0.413889 0.217188 0.750000 0.025781
8 0.500000 0.277344 1.000000 0.047656
8 0.500000 0.242969 1.000000 0.099219
0 0.140972 0.339453 0.204167 0.029687
0 0.442708 0.367188 0.807639 0.025781
8 0.500000 0.343750 1.000000 0.099219
0 0.178125 0.440234 0.278472 0.029687
0 0.380556 0.467969 0.683333 0.025781
8 0.500000 0.528125 1.000000 0.047656
8 0.500000 0.493750 1.000000 0.099219
0 0.144097 0.590234 0.210417 0.029687
0 0.109375 0.617969 0.140972 0.025781
8 0.500000 0.594531 1.000000 0.099219
0 0.206250 0.691016 0.334722 0.029687
0 0.331250 0.718750 0.584722 0.025781
8 0.500000 0.695312 1.000000 0.099219
0 0.231250 0.791797 0.384722 0.029687
0 0.351389 0.819531 0.625000 0.025781
8 0.500000 0.796094 1.000000 0.099219
0 0.159028 0.892578 0.240278 0.029687
0 0.211806 0.920312 0.345833 0.025781
0 0.241667 0.070898 0.191667 0.036328
3 0.068056 0.038281 0.136111 0.076563
3 0.941667 0.071094 0.116667 0.065625
