0 0.264931 0.070898 0.179861 0.036328
3 0.068056 0.038281 0.136111 0.076563
4 0.500000 0.521875 1.000000 0.825000
8 0.500000 0.036719 1.000000 0.073438
0 0.227778 0.146094 0.377778 0.029687
8 0.500000 0.135742 1.000000 0.121484
0 0.124306 0.221094 0.170833 0.029687
0 0.293403 0.259961 0.509028 0.048047
8 0.500000 0.247656 1.000000 0.099219
0 0.190278 0.344141 0.302778 0.029687
0 0.148958 0.371875 0.220139 0.025781
8 0.500000 0.348438 1.000000 0.099219
0 0.345833 0.444922 0.613889 0.029687
0 0.095833 0.472656 0.113889 0.025781
8 0.500000 0.449219 1.000000 0.099219
0 0.186111 0.545703 0.294444 0.029687
0 0.136806 0.573438 0.195833 0.025781
6 0.922222 0.558594 0.077778 0.043750
8 0.500000 0.550000 1.000000 0.099219
0 0.172569 0.646484 0.267361 0.029687
0 0.376042 0.674219 0.674306 0.025781
6 0.922222 0.659375 0.077778 0.043750
