0 0.344792 0.070898 0.397917 0.036328
3 0.068056 0.038281 0.136111 0.076563
4 0.500000 0.522266 1.000000 0.824219
8 0.500000 0.049609 1.000000 0.099219
0 0.204861 0.146875 0.331944 0.029687
0 0.306597 0.174609 0.535417 0.025781
6 0.922222 0.159766 0.077778 0.043750
8 0.500000 0.150391 1.000000 0.099219
0 0.166667 0.247656 0.255556 0.029687
0 0.095139 0.275391 0.112500 0.025781
8 0.500000 0.251172 1.000000 0.099219
0 0.189931 0.348438 0.302083 0.029687
0 0.241667 0.376172 0.405556 0.025781
8 0.500000 0.351953 1.000000 0.099219
0 0.167014 0.449219 0.256250 0.029687
0 0.072569 0.476953 0.067361 0.025781
8 0.500000 0.452734 1.000000 0.099219
0 0.208333 0.550000 0.338889 0.029687
0 0.120833 0.577734 0.163889 0.025781
8 0.500000 0.553516 1.000000 0.099219
0 0.105208 0.650781 0.132639 0.029687
0 0.070833 0.678516 0.063889 0.025781
