0 0.228819 0.070898 0.379861 0.033984
3 0.286111 0.603125 0.213889 0.100000
4 0.500000 0.603125 0.213889 0.100000
0 0.500000 0.591016 0.040278 0.053906
0 0.500000 0.630078 0.065278 0.024219
4 0.713889 0.603125 0.213889 0.100000
0 0.713889 0.591016 0.040278 0.053906
0 0.713889 0.630078 0.063889 0.024219
4 0.286111 0.703125 0.213889 0.100000
0 0.286111 0.691016 0.040278 0.053906
0 0.286111 0.730078 0.055556 0.024219
4 0.500000 0.703125 0.213889 0.100000
0 0.500000 0.691016 0.040278 0.053906
0 0.499653 0.730078 0.059028 0.024219
4 0.713889 0.703125 0.213889 0.100000
0 0.713889 0.691016 0.040278 0.053906
0 0.713542 0.730078 0.074306 0.024219
4 0.286111 0.803125 0.213889 0.100000
0 0.286111 0.791016 0.040278 0.053906
0 0.286111 0.830078 0.086111 0.024219
4 0.500000 0.803125 0.213889 0.100000
0 0.500000 0.791016 0.040278 0.053906
0 0.500000 0.830078 0.061111 0.024219
4 0.713889 0.803125 0.213889 0.100000
0 0.713889 0.791016 0.040278 0.053906
0 0.713542 0.830078 0.086806 0.024219
3 0.500000 0.893750 0.213889 0.081250
3 0.713889 0.893750 0.213889 0.081250
