4 0.500000 0.521875 1.000000 0.825000
8 0.500000 0.049609 1.000000 0.099219
0 0.159375 0.146094 0.240972 0.029687
0 0.181944 0.173828 0.286111 0.025781
6 0.922222 0.158984 0.077778 0.043750
8 0.500000 0.150391 1.000000 0.099219
0 0.157986 0.246875 0.238194 0.029687
0 0.328819 0.274609 0.579861 0.025781
6 0.922222 0.259766 0.077778 0.043750
8 0.500000 0.251172 1.000000 0.099219
0 0.111111 0.347656 0.144444 0.029687
0 0.300694 0.375391 0.523611 0.025781
6 0.922222 0.360547 0.077778 0.043750
8 0.500000 0.351953 1.000000 0.099219
0 0.195833 0.448437 0.313889 0.029687
0 0.290278 0.476172 0.502778 0.025781
6 0.922222 0.461328 0.077778 0.043750
8 0.500000 0.452734 1.000000 0.099219
0 0.157292 0.549219 0.236806 0.029687
0 0.331944 0.576953 0.586111 0.025781
8 0.500000 0.637109 1.000000 0.047656
8 0.500000 0.589844 1.000000 0.073438
0 0.242361 0.699219 0.406944 0.029687
6 0.922222 0.699219 0.077778 0.043750
8 0.500000 0.664844 1.000000 0.073438
0 0.241667 0.774219 0.405556 0.029687
6 0.922222 0.774219 0.077778 0.043750
3 0.068056 0.038281 0.136111 0.076563
0 0.323958 0.070898 0.356250 0.036328
3 0.048611 0.038281 0.097222 0.065625
