4 0.500000 0.552676 1.000000 0.894649
8 0.500000 0.037207 0.922222 0.071906
0 0.511111 0.142349 0.900000 0.035535
8 0.500000 0.110786 0.922222 0.071906
0 0.511111 0.215928 0.900000 0.035535
8 0.500000 0.184365 0.922222 0.071906
0 0.511111 0.289507 0.900000 0.035535
8 0.500000 0.257943 0.922222 0.071906
0 0.511111 0.363085 0.900000 0.035535
8 0.500000 0.331522 0.922222 0.071906
0 0.511111 0.436664 0.900000 0.035535
8 0.500000 0.410744 0.922222 0.083194
0 0.511111 0.532191 0.900000 0.027592
8 0.500000 0.489967 0.922222 0.071906
0 0.511111 0.595109 0.900000 0.035535
8 0.500000 0.563545 0.922222 0.071906
0 0.511111 0.668687 0.900000 0.035535
8 0.500000 0.637124 0.922222 0.071906
0 0.511111 0.742266 0.900000 0.035535
8 0.500000 0.710702 0.922222 0.071906
0 0.511111 0.815844 0.900000 0.035535
8 0.500000 0.821488 0.922222 0.146321
3 0.499653 0.934156 0.617361 0.073161
4 0.297917 0.035117 0.555556 0.070234
1 0.068750 0.070234 0.077778 0.046823
0 0.336806 0.070025 0.438889 0.035535
3 0.931944 0.070234 0.136111 0.070234
