4 0.500000 0.521875 1.000000 0.825000
8 0.500000 0.032813 1.000000 0.065625
0 0.134375 0.142187 0.152083 0.033594
8 0.500000 0.098437 1.000000 0.065625
0 0.233681 0.207813 0.350694 0.033594
8 0.500000 0.164062 1.000000 0.065625
0 0.183681 0.273438 0.250694 0.033594
8 0.500000 0.229687 1.000000 0.065625
0 0.156597 0.339062 0.196528 0.033594
8 0.500000 0.295312 1.000000 0.065625
0 0.299653 0.404687 0.482639 0.033594
8 0.500000 0.360938 1.000000 0.065625
0 0.106250 0.470313 0.095833 0.033594
3 0.068056 0.038281 0.136111 0.076563
0 0.235764 0.070898 0.179861 0.036328
