1 0.422222 0.070234 0.844444 0.070234
4 0.922222 0.070234 0.155556 0.070234
0 0.500000 0.130435 1.000000 0.050167
3 0.500000 0.191472 1.000000 0.070234
0 0.500000 0.035326 1.000000 0.070652
0 0.133681 0.035117 0.267361 0.070234
0 0.044097 0.334030 0.088194 0.070234
4 0.500000 0.334030 1.000000 0.070234
3 0.500000 0.404264 1.000000 0.070234
3 0.500000 0.475334 1.000000 0.070234
3 0.500000 0.546405 1.000000 0.070234
3 0.500000 0.638796 1.000000 0.070234
3 0.500000 0.709866 1.000000 0.070234
0 0.500000 0.781145 1.000000 0.070652
3 0.500000 0.852425 1.000000 0.070234
3 0.500000 0.923495 1.000000 0.070234
0 0.500000 0.962166 1.000000 0.005435
