0 0.499653 0.067308 0.231250 0.064381
3 0.939236 0.067308 0.121528 0.064381
4 0.500000 0.549749 1.000000 0.900502
8 0.500000 0.104933 1.000000 0.010870
8 0.500000 0.142349 1.000000 0.063127
8 0.500000 0.205895 1.000000 0.063127
8 0.500000 0.269440 1.000000 0.063127
8 0.500000 0.332985 1.000000 0.063127
8 0.500000 0.396530 1.000000 0.063127
8 0.500000 0.460075 1.000000 0.063127
8 0.500000 0.523620 1.000000 0.063127
8 0.500000 0.587166 1.000000 0.063127
8 0.500000 0.650711 1.000000 0.063127
8 0.500000 0.714256 1.000000 0.063127
8 0.500000 0.777801 1.000000 0.063127
8 0.500000 0.841346 1.000000 0.063127
8 0.500000 0.904891 1.000000 0.063127
8 0.500000 0.968436 1.000000 0.063127
