0 0.500000 0.177539 0.926389 0.081641
0 0.166319 0.273047 0.124306 0.036719
0 0.166667 0.306641 0.141667 0.030469
4 0.500000 0.047852 0.333333 0.095703
0 0.499653 0.273047 0.125694 0.036719
0 0.500000 0.306641 0.145833 0.030469
4 0.833333 0.047852 0.333333 0.095703
0 0.832986 0.273047 0.125694 0.036719
0 0.832986 0.306641 0.204861 0.030469
8 0.500000 0.471875 1.000000 0.271094
4 0.500000 0.135547 0.755556 0.229687
1 0.377778 0.066602 0.158333 0.078516
0 0.500000 0.528320 0.681944 0.062109
0 0.332986 0.666797 0.518750 0.035937
0 0.111111 0.700000 0.075000 0.030469
2 0.876736 0.053711 0.025694 0.023828
4 0.500000 0.778516 0.926389 0.082031
0 0.177431 0.776172 0.207639 0.035937
2 0.876736 0.040820 0.025694 0.023828
4 0.500000 0.862109 0.926389 0.082031
0 0.220139 0.859766 0.293056 0.035937
4 0.500000 0.919531 0.926389 0.029687
0 0.408681 0.929883 0.670139 0.008984
2 0.012153 0.070898 0.024306 0.023828
1 0.110764 0.071094 0.153472 0.039844
0 0.458681 0.071094 0.503472 0.037500
