0 0.567857 0.092504 0.655357 0.040295
4 0.971429 0.092504 0.057143 0.063692
4 0.450000 0.026863 0.900000 0.053726
0 0.425000 0.150780 0.369643 0.032929
0 0.815179 0.150780 0.316071 0.032929
2 0.997768 0.150780 0.004464 0.024263
0 0.620089 0.226820 0.759821 0.036828
0 0.455357 0.279896 0.430357 0.032929
4 0.850893 0.279896 0.298214 0.050260
0 0.787500 0.279896 0.171429 0.050260
0 0.936607 0.279896 0.126786 0.050260
4 0.450000 0.209705 0.900000 0.053726
0 0.337500 0.333622 0.194643 0.032929
0 0.727679 0.333622 0.491071 0.032929
2 0.997768 0.333622 0.004464 0.024263
0 0.620089 0.409662 0.759821 0.036828
4 0.850893 0.410745 0.298214 0.050260
0 0.787500 0.410745 0.171429 0.050260
0 0.936607 0.410745 0.126786 0.050260
4 0.450000 0.338821 0.900000 0.053726
0 0.302232 0.462738 0.124107 0.032929
2 0.997768 0.462738 0.004464 0.024263
0 0.455357 0.516464 0.430357 0.032929
4 0.850893 0.516464 0.298214 0.050260
0 0.787500 0.516464 0.171429 0.050260
0 0.936607 0.516464 0.126786 0.050260
0 0.455357 0.570191 0.430357 0.032929
4 0.850893 0.570191 0.298214 0.050260
0 0.787500 0.570191 0.171429 0.050260
0 0.936607 0.570191 0.126786 0.050260
0 0.455357 0.623917 0.430357 0.032929
4 0.850893 0.623917 0.298214 0.050260
0 0.787500 0.623917 0.171429 0.050260
0 0.936607 0.623917 0.126786 0.050260
0 0.455357 0.677643 0.430357 0.032929
4 0.850893 0.677643 0.298214 0.050260
0 0.787500 0.677643 0.171429 0.050260
0 0.936607 0.677643 0.126786 0.050260
0 0.455357 0.731369 0.430357 0.032929
4 0.850893 0.731369 0.298214 0.050260
0 0.787500 0.731369 0.171429 0.050260
0 0.936607 0.731369 0.126786 0.050260
0 0.455357 0.785095 0.430357 0.032929
4 0.850893 0.785095 0.298214 0.050260
0 0.787500 0.785095 0.171429 0.050260
0 0.936607 0.785095 0.126786 0.050260
0 0.455357 0.838821 0.430357 0.032929
4 0.850893 0.838821 0.298214 0.050260
0 0.787500 0.838821 0.171429 0.050260
0 0.936607 0.838821 0.126786 0.050260
0 0.455357 0.892548 0.430357 0.032929
4 0.850893 0.892548 0.298214 0.050260
0 0.787500 0.892548 0.171429 0.050260
0 0.936607 0.892548 0.126786 0.050260
0 0.455357 0.946274 0.430357 0.032929
4 0.850893 0.946274 0.298214 0.050260
0 0.787500 0.946274 0.171429 0.050260
0 0.936607 0.946274 0.126786 0.050260
0 0.455357 0.991768 0.430357 0.016464
4 0.850893 0.987435 0.298214 0.025130
0 0.787500 0.987435 0.171429 0.025130
0 0.936607 0.987435 0.126786 0.025130
