4 0.500000 0.552676 0.941667 0.894649
8 0.487847 0.128763 0.917361 0.046823
8 0.458681 0.094482 0.917361 0.093645
1 0.106944 0.199833 0.116667 0.070234
0 0.288194 0.199624 0.206944 0.035535
6 0.863889 0.199833 0.077778 0.046823
8 0.458681 0.188963 0.917361 0.093645
1 0.106944 0.294314 0.116667 0.070234
0 0.367708 0.294105 0.365972 0.035535
6 0.863889 0.294314 0.077778 0.046823
8 0.487847 0.365385 0.917361 0.046823
8 0.458681 0.331104 0.917361 0.093645
1 0.106944 0.436455 0.116667 0.070234
0 0.322569 0.436246 0.275694 0.035535
6 0.863889 0.436455 0.077778 0.046823
8 0.458681 0.425585 0.917361 0.093645
1 0.106944 0.530936 0.116667 0.070234
0 0.369097 0.530727 0.368750 0.035535
6 0.863889 0.530936 0.077778 0.046823
8 0.487847 0.602007 0.917361 0.046823
8 0.458681 0.567726 0.917361 0.093645
1 0.106944 0.673077 0.116667 0.070234
0 0.303125 0.672868 0.236806 0.035535
3 0.045139 0.035117 0.090278 0.070234
1 0.045139 0.070443 0.090278 0.043896
0 0.500000 0.070025 0.177778 0.038880
