4 0.500000 0.483594 1.000000 0.901563
8 0.500000 0.073828 1.000000 0.082031
4 0.068056 0.038281 0.136111 0.076563
0 0.373958 0.070898 0.397917 0.036328
8 0.500000 0.140234 1.000000 0.047656
8 0.500000 0.193555 1.000000 0.121484
0 0.196181 0.202344 0.314583 0.029687
0 0.500000 0.241211 0.922222 0.048047
8 0.500000 0.312500 1.000000 0.047656
8 0.500000 0.354687 1.000000 0.099219
0 0.208333 0.374609 0.338889 0.029687
0 0.383333 0.402344 0.688889 0.025781
8 0.500000 0.466602 1.000000 0.121484
0 0.258333 0.475391 0.438889 0.029687
0 0.441667 0.514258 0.805556 0.048047
6 0.922222 0.499219 0.077778 0.043750
8 0.500000 0.578516 1.000000 0.099219
0 0.220139 0.598437 0.362500 0.029687
0 0.403819 0.626172 0.729861 0.025781
6 0.922222 0.611328 0.077778 0.043750
8 0.500000 0.686328 1.000000 0.047656
8 0.500000 0.750781 1.000000 0.143750
0 0.188194 0.748437 0.298611 0.029687
0 0.441667 0.798438 0.805556 0.070312
6 0.922222 0.783594 0.077778 0.043750
