0 0.128819 0.070898 0.179861 0.036328
8 0.500000 0.034766 1.000000 0.069531
0 0.500000 0.144141 1.000000 0.069531
8 0.500000 0.118750 1.000000 0.098437
1 0.072917 0.228125 0.068056 0.038281
3 0.500000 0.228125 1.000000 0.098437
8 0.500000 0.213672 1.000000 0.069531
0 0.500000 0.323047 1.000000 0.069531
8 0.500000 0.297656 1.000000 0.098437
1 0.072917 0.407031 0.068056 0.038281
3 0.500000 0.407031 1.000000 0.098437
8 0.500000 0.396094 1.000000 0.098437
1 0.072917 0.505469 0.068056 0.038281
3 0.500000 0.505469 1.000000 0.098437
8 0.500000 0.491016 1.000000 0.069531
0 0.500000 0.600391 1.000000 0.069531
8 0.500000 0.575000 1.000000 0.098437
1 0.072917 0.684375 0.068056 0.038281
3 0.500000 0.684375 1.000000 0.098437
8 0.500000 0.673438 1.000000 0.098437
1 0.072917 0.782813 0.068056 0.038281
3 0.500000 0.782813 1.000000 0.098437
8 0.500000 0.771875 1.000000 0.098437
3 0.500000 0.844922 1.000000 0.025781
4 0.125347 0.896094 0.209028 0.076563
1 0.125000 0.896094 0.058333 0.032813
4 0.334375 0.896094 0.209028 0.076563
1 0.334028 0.896094 0.058333 0.032813
4 0.543403 0.896094 0.209028 0.076563
1 0.543056 0.896094 0.058333 0.032813
4 0.813194 0.896094 0.330556 0.076563
1 0.813194 0.882422 0.058333 0.032813
0 0.813194 0.911719 0.330556 0.025781
