0 0.125347 0.068387 0.172917 0.035041
0 0.500000 0.149586 1.000000 0.045968
3 0.500000 0.207988 1.000000 0.070836
3 0.500000 0.278824 1.000000 0.070836
0 0.500000 0.358704 1.000000 0.045968
3 0.500000 0.417106 1.000000 0.070836
3 0.500000 0.488320 1.000000 0.070836
0 0.500000 0.567822 1.000000 0.045968
3 0.500000 0.626225 1.000000 0.070836
3 0.500000 0.697438 1.000000 0.070836
3 0.500000 0.768651 1.000000 0.070836
3 0.500000 0.813301 1.000000 0.017709
4 0.166667 0.864356 0.333333 0.073851
1 0.166667 0.854936 0.058333 0.031650
0 0.166667 0.881123 0.275000 0.021477
4 0.500000 0.864356 0.333333 0.073851
1 0.500000 0.854936 0.058333 0.031650
0 0.500000 0.881123 0.275000 0.021477
4 0.833333 0.864356 0.333333 0.073851
1 0.833333 0.849661 0.063889 0.034665
0 0.833333 0.879427 0.275000 0.024868
