0 0.235764 0.070898 0.179861 0.036328
3 0.068056 0.038281 0.136111 0.076563
4 0.500000 0.521875 1.000000 0.825000
8 0.500000 0.133203 1.000000 0.047656
8 0.500000 0.109961 1.000000 0.121484
0 0.313889 0.195312 0.550000 0.029687
0 0.441667 0.234180 0.805556 0.048047
6 0.922222 0.219141 0.077778 0.043750
8 0.500000 0.208984 1.000000 0.073438
0 0.194792 0.318359 0.311806 0.029687
8 0.500000 0.283984 1.000000 0.073438
0 0.193750 0.393359 0.309722 0.029687
8 0.500000 0.355078 1.000000 0.065625
8 0.500000 0.426172 1.000000 0.073438
0 0.184722 0.535547 0.291667 0.029687
8 0.500000 0.514062 1.000000 0.099219
0 0.135069 0.610547 0.192361 0.029687
0 0.123958 0.638281 0.170139 0.025781
8 0.500000 0.598047 1.000000 0.065625
8 0.500000 0.765625 1.000000 0.047656
8 0.500000 0.718359 1.000000 0.073438
0 0.152083 0.827734 0.226389 0.029687
8 0.500000 0.793359 1.000000 0.073438
0 0.210069 0.902734 0.342361 0.029687
