4 0.500000 0.521875 1.000000 0.825000
8 0.500000 0.133203 1.000000 0.047656
8 0.500000 0.098828 1.000000 0.099219
0 0.123611 0.195312 0.169444 0.029687
0 0.294444 0.223047 0.511111 0.025781
8 0.500000 0.199609 1.000000 0.099219
0 0.236806 0.296094 0.395833 0.029687
0 0.358681 0.323828 0.639583 0.025781
6 0.922222 0.308984 0.077778 0.043750
8 0.500000 0.383984 1.000000 0.047656
8 0.500000 0.349609 1.000000 0.099219
0 0.145486 0.446094 0.213194 0.029687
0 0.254514 0.473828 0.431250 0.025781
8 0.500000 0.450391 1.000000 0.099219
0 0.149306 0.546875 0.220833 0.029687
0 0.284028 0.574609 0.490278 0.025781
8 0.500000 0.551172 1.000000 0.099219
0 0.153819 0.647656 0.229861 0.029687
0 0.280903 0.675391 0.484028 0.025781
8 0.500000 0.735547 1.000000 0.047656
8 0.500000 0.701172 1.000000 0.099219
0 0.123264 0.797656 0.168750 0.029687
0 0.239931 0.825391 0.402083 0.025781
8 0.500000 0.801953 1.000000 0.099219
0 0.340625 0.898438 0.603472 0.029687
0 0.321181 0.923828 0.564583 0.021094
0 0.235764 0.070898 0.179861 0.036328
3 0.068056 0.038281 0.136111 0.076563
