1 0.500000 0.012860 1.000000 0.025720
1 0.048958 0.049755 0.072917 0.032149
0 0.196528 0.024189 0.222222 0.037355
1 0.028819 0.033068 0.057639 0.066136
0 0.123611 0.013013 0.198611 0.026026
3 0.753819 0.128751 0.129861 0.035824
3 0.883681 0.128751 0.129861 0.035824
1 0.028819 0.032762 0.057639 0.065524
0 0.148611 0.013013 0.248611 0.026026
3 0.753819 0.194887 0.129861 0.035824
3 0.883681 0.194887 0.129861 0.035824
4 0.500000 0.261023 0.902778 0.065830
1 0.024306 0.032762 0.048611 0.021433
0 0.091667 0.013013 0.134722 0.026026
0 0.821875 0.261023 0.159028 0.026026
4 0.500000 0.471525 0.902778 0.355175
1 0.085069 0.325321 0.072917 0.032149
3 0.543750 0.325321 0.815278 0.026026
1 0.500000 0.447642 0.902778 0.201470
2 0.934375 0.354409 0.034028 0.015003
0 0.500000 0.570576 0.902778 0.044397
3 0.821875 0.616197 0.259028 0.035824
1 0.025694 0.011329 0.051389 0.022658
0 0.214931 0.011329 0.327083 0.022658
3 0.189583 0.718616 0.145833 0.025720
3 0.336111 0.718616 0.145833 0.025720
3 0.482639 0.718616 0.145833 0.025720
3 0.629167 0.718616 0.145833 0.025720
3 0.775694 0.718616 0.145833 0.025720
3 0.876042 0.718616 0.053472 0.025720
