0 0.388194 0.055624 0.484722 0.028501
3 0.068056 0.030034 0.136111 0.060067
6 0.155556 0.133006 0.213889 0.051486
0 0.655556 0.135765 0.688889 0.045970
6 0.155556 0.205945 0.213889 0.051486
0 0.492708 0.205945 0.363194 0.019001
6 0.452431 0.259577 0.661806 0.034324
6 0.309028 0.299418 0.375000 0.034324
6 0.336458 0.339258 0.429861 0.034324
6 0.155556 0.403616 0.213889 0.051486
0 0.655556 0.406375 0.688889 0.035550
6 0.155556 0.476555 0.213889 0.051486
0 0.619097 0.481765 0.615972 0.019001
6 0.155556 0.549494 0.213889 0.051486
0 0.655556 0.552253 0.688889 0.035550
6 0.155556 0.622433 0.213889 0.051486
0 0.655556 0.625192 0.688889 0.035550
6 0.155556 0.695372 0.213889 0.051486
0 0.515278 0.695372 0.408333 0.019001
