0 0.139583 0.139648 0.230556 0.033203
5 0.615278 0.140234 0.720833 0.061719
0 0.139583 0.192773 0.230556 0.033203
6 0.329167 0.192969 0.148611 0.043750
6 0.478472 0.192969 0.150000 0.043750
6 0.613194 0.192969 0.119444 0.043750
0 0.139583 0.245117 0.230556 0.033203
5 0.615278 0.245703 0.720833 0.061719
5 0.500000 0.295703 0.951389 0.038281
0 0.500000 0.327734 0.951389 0.025781
0 0.139583 0.370898 0.230556 0.033203
5 0.615278 0.371484 0.720833 0.061719
0 0.129167 0.418945 0.202778 0.033203
0 0.177083 0.448437 0.106944 0.025781
5 0.615278 0.433203 0.720833 0.061719
6 0.500000 0.494141 0.951389 0.043750
6 0.500000 0.537891 0.951389 0.043750
3 0.500000 0.600781 0.951389 0.065625
0 0.167014 0.070898 0.256250 0.036328
