0 0.264931 0.070898 0.179861 0.036328
3 0.068056 0.038281 0.136111 0.076563
4 0.500000 0.521875 1.000000 0.825000
8 0.500000 0.049609 1.000000 0.099219
0 0.225000 0.146094 0.372222 0.029687
0 0.306944 0.173828 0.536111 0.025781
6 0.903472 0.158789 0.115278 0.037109
8 0.500000 0.172656 1.000000 0.143750
0 0.255208 0.246875 0.432639 0.029687
0 0.422917 0.296875 0.768056 0.070312
6 0.903472 0.281836 0.115278 0.037109
8 0.500000 0.282813 1.000000 0.073438
0 0.210069 0.392188 0.342361 0.029687
8 0.500000 0.454297 1.000000 0.047656
8 0.500000 0.407031 1.000000 0.073438
0 0.155556 0.516406 0.233333 0.029687
8 0.500000 0.482031 1.000000 0.073438
0 0.157639 0.591406 0.237500 0.029687
8 0.500000 0.557031 1.000000 0.073438
0 0.182639 0.666406 0.287500 0.029687
8 0.500000 0.632031 1.000000 0.073438
0 0.229861 0.741406 0.381944 0.029687
8 0.500000 0.803516 1.000000 0.047656
8 0.500000 0.769141 1.000000 0.099219
1 0.059028 0.878516 0.058333 0.032813
0 0.241667 0.865625 0.131944 0.029687
0 0.213889 0.893359 0.076389 0.025781
