4 0.500000 0.412500 1.000000 0.825000
8 0.500000 0.019141 1.000000 0.038281
4 0.500000 0.019141 1.000000 0.038281
3 0.512153 0.128516 0.975694 0.025781
8 0.500000 0.067187 1.000000 0.054688
1 0.957292 0.027148 0.075694 0.042578
8 0.500000 0.123438 1.000000 0.054688
8 0.500000 0.171484 1.000000 0.038281
3 0.512153 0.280859 0.975694 0.025781
8 0.500000 0.219531 1.000000 0.054688
3 0.243056 0.328906 0.437500 0.029687
3 0.756944 0.328906 0.437500 0.029687
8 0.500000 0.275781 1.000000 0.054688
3 0.243056 0.385156 0.437500 0.029687
3 0.756944 0.385156 0.437500 0.029687
8 0.500000 0.332031 1.000000 0.054688
3 0.243056 0.441406 0.437500 0.029687
3 0.756944 0.441406 0.437500 0.029687
8 0.500000 0.388281 1.000000 0.054688
3 0.243056 0.497656 0.437500 0.029687
6 0.914931 0.497656 0.121528 0.038281
8 0.500000 0.436328 1.000000 0.038281
3 0.512153 0.545703 0.975694 0.025781
8 0.500000 0.484375 1.000000 0.054688
3 0.243056 0.593750 0.437500 0.029687
6 0.914931 0.593750 0.121528 0.038281
8 0.500000 0.540625 1.000000 0.054688
8 0.500000 0.588672 1.000000 0.038281
3 0.512153 0.698047 0.975694 0.025781
8 0.500000 0.636719 1.000000 0.054688
8 0.500000 0.684766 1.000000 0.038281
3 0.512153 0.794141 0.975694 0.025781
8 0.500000 0.732812 1.000000 0.054688
0 0.296875 0.070898 0.179861 0.036328
3 0.098611 0.038281 0.197222 0.076563
