0 0.591071 0.278522 0.817857 0.075087
3 0.422321 0.373690 0.428571 0.081490
3 0.824554 0.373690 0.350893 0.081490
0 0.461161 0.465658 0.518750 0.073341
6 0.860268 0.465658 0.279464 0.073341
0 0.441071 0.074796 0.882143 0.149593
0 0.461161 0.716240 0.518750 0.086729
3 0.868304 0.716240 0.263393 0.086729
0 0.461161 0.813446 0.518750 0.086729
3 0.868304 0.813446 0.263393 0.086729
0 0.461161 0.915891 0.518750 0.118161
3 0.839732 0.915600 0.238393 0.081490
4 0.979464 0.915891 0.041071 0.118161
0 0.461161 0.987485 0.518750 0.025029
4 0.839732 0.996508 0.238393 0.006985
4 0.979464 0.987485 0.041071 0.025029
