4 0.500000 0.517559 1.000000 0.964883
0 0.259722 0.075878 0.227778 0.038880
3 0.068056 0.040970 0.136111 0.081940
0 0.121528 0.136915 0.243056 0.039716
0 0.380556 0.191681 0.712500 0.024666
5 0.858333 0.191681 0.243056 0.043896
0 0.858681 0.191681 0.114583 0.043896
0 0.380556 0.261915 0.712500 0.024666
5 0.858333 0.261915 0.243056 0.043896
0 0.858333 0.261915 0.109722 0.043896
0 0.383333 0.320443 0.718056 0.024666
3 0.859028 0.320652 0.233333 0.046823
0 0.138194 0.363921 0.276389 0.039716
0 0.376389 0.406145 0.704167 0.024666
6 0.794097 0.407191 0.131250 0.046823
6 0.923611 0.407191 0.127778 0.046823
0 0.376389 0.476380 0.704167 0.024666
6 0.794097 0.477425 0.131250 0.046823
6 0.923611 0.477425 0.127778 0.046823
0 0.376389 0.546614 0.704167 0.024666
6 0.794097 0.547659 0.131250 0.046823
6 0.923611 0.547659 0.127778 0.046823
4 0.245139 0.630435 0.490278 0.066054
4 0.754861 0.630435 0.490278 0.066054
4 0.250000 0.032818 0.500000 0.065635
4 0.750000 0.032818 0.500000 0.065635
3 0.499653 0.758988 0.242361 0.053930
