0 0.259375 0.070898 0.168750 0.036328
3 0.068056 0.038281 0.136111 0.076563
4 0.500000 0.164062 1.000000 0.095312
0 0.232986 0.164062 0.261806 0.029687
1 0.046181 0.163867 0.092361 0.051953
4 0.500000 0.259375 1.000000 0.084375
0 0.229861 0.259375 0.255556 0.029687
1 0.046181 0.259180 0.092361 0.051953
0 0.412153 0.324219 0.746528 0.025781
0 0.109375 0.393750 0.140972 0.025781
4 0.500000 0.459766 1.000000 0.084375
0 0.204167 0.459766 0.204167 0.029687
1 0.046181 0.459570 0.092361 0.051953
4 0.500000 0.555078 1.000000 0.084375
0 0.219097 0.555078 0.234028 0.029687
1 0.046181 0.554883 0.092361 0.051953
4 0.500000 0.650391 1.000000 0.095312
0 0.251389 0.650391 0.298611 0.029687
1 0.046181 0.650195 0.092361 0.051953
