4 0.100000 0.036580 0.200000 0.073161
1 0.100000 0.964047 0.200000 0.046823
4 0.300000 0.036580 0.200000 0.073161
1 0.300000 0.964047 0.200000 0.046823
4 0.500000 0.036580 0.200000 0.073161
1 0.500000 0.964047 0.200000 0.046823
4 0.700000 0.036580 0.200000 0.073161
1 0.700000 0.964047 0.200000 0.046823
4 0.900000 0.036580 0.200000 0.073161
1 0.900000 0.964047 0.200000 0.046823
0 0.499653 0.071279 0.206250 0.035535
0 0.499653 0.140677 0.277083 0.035535
3 0.500000 0.209657 0.926389 0.073161
3 0.500000 0.281564 0.926389 0.073161
3 0.500000 0.376881 0.926389 0.073161
0 0.500000 0.475125 0.438889 0.035535
3 0.500000 0.542851 0.926389 0.073161
0 0.500000 0.619356 0.658333 0.035535
3 0.500000 0.695861 0.926389 0.073161
3 0.500000 0.767768 0.926389 0.073161
3 0.500000 0.839674 0.926389 0.073161
3 0.500000 0.900920 0.926389 0.051839
