4 0.500000 0.517559 1.000000 0.964883
8 0.500000 0.060619 1.000000 0.051003
8 0.500000 0.091973 1.000000 0.078595
0 0.179514 0.127090 0.281250 0.031773
8 0.500000 0.172241 1.000000 0.078595
0 0.242708 0.207358 0.407639 0.031773
8 0.500000 0.252508 1.000000 0.078595
0 0.145139 0.287625 0.212500 0.031773
8 0.500000 0.354097 1.000000 0.051003
8 0.500000 0.385452 1.000000 0.078595
0 0.213542 0.420569 0.349306 0.031773
8 0.500000 0.465719 1.000000 0.078595
0 0.198264 0.500836 0.318750 0.031773
8 0.500000 0.567308 1.000000 0.051003
8 0.500000 0.598662 1.000000 0.078595
0 0.216319 0.633779 0.354861 0.031773
8 0.500000 0.700251 1.000000 0.051003
8 0.500000 0.731605 1.000000 0.078595
0 0.200694 0.766722 0.323611 0.031773
8 0.500000 0.833194 1.000000 0.051003
8 0.500000 0.864548 1.000000 0.078595
0 0.093056 0.899666 0.108333 0.031773
8 0.500000 0.944816 1.000000 0.078595
0 0.121528 0.979933 0.165278 0.031773
