0 0.326042 0.070898 0.574306 0.036328
3 0.931944 0.071094 0.136111 0.065625
3 0.080556 0.033008 0.161111 0.066016
3 0.320833 0.033008 0.319444 0.066016
3 0.579861 0.033008 0.198611 0.066016
3 0.763194 0.033008 0.168056 0.066016
8 0.500000 0.492969 1.000000 0.635156
3 0.500000 0.232813 0.309722 0.071094
8 0.500000 0.065234 0.922222 0.119531
4 0.465972 0.059766 0.912500 0.119531
0 0.156597 0.325977 0.138194 0.033203
0 0.456250 0.361914 0.737500 0.033203
3 0.236806 0.391406 0.298611 0.025781
4 0.893056 0.355469 0.097222 0.054688
4 0.388889 0.034180 0.777778 0.068359
