0 0.076389 0.121128 0.075000 0.022973
0 0.519444 0.166203 0.961111 0.042812
3 0.145833 0.235642 0.213889 0.047337
3 0.398611 0.235642 0.213889 0.047337
0 0.102083 0.319527 0.126389 0.022973
6 0.500000 0.367734 1.000000 0.060912
0 0.422917 0.367560 0.768056 0.026453
6 0.903472 0.367734 0.115278 0.033066
3 0.500000 0.429342 1.000000 0.060912
0 0.137847 0.495649 0.197917 0.022973
6 0.500000 0.543857 1.000000 0.060912
0 0.422917 0.543683 0.768056 0.026453
6 0.903472 0.543857 0.115278 0.033066
6 0.500000 0.605465 1.000000 0.060912
0 0.422917 0.605291 0.768056 0.026453
6 0.903472 0.605465 0.115278 0.033066
6 0.500000 0.667073 1.000000 0.060912
0 0.422917 0.666899 0.768056 0.026453
6 0.903472 0.667073 0.115278 0.033066
0 0.069097 0.733380 0.060417 0.022973
4 0.500000 0.781587 1.000000 0.060912
0 0.166319 0.781413 0.254861 0.026453
4 0.500000 0.822659 1.000000 0.019840
0 0.163542 0.831187 0.249306 0.002785
0 0.128819 0.063174 0.179861 0.032370
3 0.941667 0.063348 0.116667 0.058475
