4 0.500000 0.552676 1.000000 0.894649
8 0.500000 0.052258 0.922222 0.104515
0 0.335764 0.131898 0.554861 0.035535
0 0.429514 0.175376 0.742361 0.051421
6 0.878472 0.157609 0.077778 0.046823
8 0.500000 0.152174 0.922222 0.093645
0 0.276736 0.257316 0.436806 0.035535
6 0.878472 0.257525 0.077778 0.046823
8 0.500000 0.246656 0.922222 0.093645
0 0.274306 0.338002 0.431944 0.035535
0 0.377778 0.369565 0.638889 0.027592
6 0.878472 0.352007 0.077778 0.046823
8 0.500000 0.341137 0.922222 0.093645
0 0.274306 0.432483 0.431944 0.035535
0 0.231597 0.464047 0.346528 0.027592
6 0.878472 0.446488 0.077778 0.046823
4 0.282986 0.035117 0.525694 0.070234
1 0.068750 0.070234 0.077778 0.046823
0 0.321875 0.070025 0.409028 0.035535
3 0.931944 0.070234 0.136111 0.070234
