0 0.252431 0.065430 0.154861 0.036328
3 0.068056 0.032813 0.136111 0.065625
4 0.500000 0.516406 1.000000 0.835938
8 0.500000 0.045312 1.000000 0.087500
0 0.122569 0.143750 0.167361 0.029687
8 0.500000 0.134375 1.000000 0.087500
0 0.139236 0.232813 0.200694 0.029687
8 0.500000 0.223438 1.000000 0.087500
0 0.201042 0.321875 0.324306 0.029687
8 0.500000 0.312500 1.000000 0.087500
0 0.194444 0.410938 0.311111 0.029687
4 0.500000 0.904297 1.000000 0.060156
1 0.402083 0.904297 0.058333 0.032813
0 0.528819 0.904297 0.195139 0.029687
