4 0.500000 0.521875 1.000000 0.825000
8 0.500000 0.071289 1.000000 0.142578
4 0.500000 0.026758 1.000000 0.053516
4 0.500000 0.097266 0.922222 0.087500
6 0.884028 0.206445 0.115278 0.037109
8 0.500000 0.213477 1.000000 0.141797
8 0.500000 0.328516 1.000000 0.088281
4 0.500000 0.043750 0.922222 0.087500
8 0.500000 0.416797 1.000000 0.088281
8 0.500000 0.512891 1.000000 0.103906
4 0.500000 0.051562 0.922222 0.103125
6 0.884028 0.621680 0.115278 0.037109
8 0.500000 0.608984 1.000000 0.088281
6 0.884028 0.717773 0.115278 0.037109
8 0.500000 0.705469 1.000000 0.104688
6 0.884028 0.813867 0.115278 0.037109
8 0.500000 0.828711 1.000000 0.141797
3 0.068056 0.038281 0.136111 0.076563
3 0.048611 0.038281 0.097222 0.076563
