4 0.500000 0.552676 1.000000 0.894649
8 0.500000 0.052258 0.922222 0.104515
0 0.391319 0.131898 0.665972 0.035535
0 0.429514 0.175376 0.742361 0.051421
6 0.878472 0.157609 0.077778 0.046823
8 0.500000 0.152174 0.922222 0.093645
0 0.173264 0.243520 0.229861 0.035535
0 0.376736 0.275084 0.636806 0.027592
8 0.500000 0.246656 0.922222 0.093645
0 0.237847 0.338002 0.359028 0.035535
0 0.243056 0.369565 0.369444 0.027592
8 0.500000 0.341137 0.922222 0.093645
0 0.133333 0.432483 0.150000 0.035535
0 0.232292 0.464047 0.347917 0.027592
8 0.500000 0.435619 0.922222 0.093645
0 0.185069 0.526965 0.253472 0.035535
0 0.268403 0.558528 0.420139 0.027592
8 0.500000 0.530100 0.922222 0.093645
0 0.271875 0.621446 0.427083 0.035535
0 0.224653 0.653010 0.332639 0.027592
8 0.500000 0.624582 0.922222 0.093645
0 0.231597 0.715928 0.346528 0.035535
0 0.243403 0.747492 0.370139 0.027592
4 0.339931 0.035117 0.639583 0.070234
1 0.068750 0.070234 0.077778 0.046823
0 0.378819 0.070025 0.522917 0.035535
