0 0.500000 0.138378 0.951389 0.066054
3 0.500000 0.207358 0.951389 0.066054
3 0.500000 0.273829 0.951389 0.066054
0 0.500000 0.340301 0.951389 0.066054
3 0.500000 0.409281 0.951389 0.066054
0 0.500000 0.475753 0.951389 0.066054
3 0.500000 0.544732 0.951389 0.066054
0 0.500000 0.611204 0.951389 0.066054
3 0.500000 0.680184 0.951389 0.066054
3 0.500000 0.746656 0.951389 0.066054
3 0.500000 0.813127 0.951389 0.066054
4 0.500000 0.859114 1.000000 0.071070
1 0.175347 0.964465 0.302083 0.066054
0 0.750000 0.964465 0.451389 0.066054
3 0.162153 0.035117 0.324306 0.070234
1 0.030208 0.070234 0.060417 0.029264
1 0.073958 0.070234 0.045139 0.028428
0 0.205556 0.070025 0.198611 0.040552
