0 0.264931 0.070898 0.179861 0.036328
3 0.068056 0.038281 0.136111 0.076563
4 0.500000 0.521875 0.972222 0.825000
8 0.486111 0.036719 0.972222 0.073438
0 0.212500 0.146094 0.319444 0.029687
8 0.486111 0.124609 0.972222 0.099219
0 0.177778 0.221094 0.250000 0.029687
0 0.418750 0.248828 0.731944 0.025781
6 0.889583 0.233789 0.115278 0.037109
8 0.486111 0.236523 0.972222 0.121484
0 0.235069 0.321875 0.364583 0.029687
0 0.441667 0.360742 0.777778 0.048047
6 0.908333 0.345703 0.077778 0.043750
8 0.486111 0.348438 0.972222 0.099219
0 0.163194 0.444922 0.220833 0.029687
0 0.253819 0.472656 0.402083 0.025781
8 0.500000 0.532813 0.972222 0.047656
8 0.486111 0.509570 0.972222 0.121484
0 0.212153 0.594922 0.318750 0.029687
0 0.500000 0.633789 0.894444 0.048047
8 0.486111 0.608594 0.972222 0.073438
0 0.091667 0.717969 0.077778 0.029687
8 0.500000 0.780078 0.972222 0.047656
8 0.486111 0.745703 0.972222 0.099219
0 0.162153 0.842187 0.218750 0.029687
0 0.406597 0.869922 0.707639 0.025781
8 0.486111 0.846484 0.972222 0.099219
0 0.190625 0.931250 0.275694 0.006250
