0 0.096875 0.017559 0.120139 0.025920
4 0.500000 0.118729 0.926389 0.052676
0 0.148264 0.118729 0.149306 0.027592
1 0.900000 0.118729 0.077778 0.046823
4 0.500000 0.193562 0.926389 0.052676
0 0.207292 0.193562 0.267361 0.027592
1 0.900000 0.193562 0.077778 0.046823
4 0.500000 0.268395 0.926389 0.052676
0 0.213889 0.268395 0.280556 0.027592
1 0.900000 0.268395 0.077778 0.046823
4 0.500000 0.343227 0.926389 0.052676
0 0.192014 0.343227 0.236806 0.027592
1 0.900000 0.343227 0.077778 0.046823
4 0.500000 0.418060 0.926389 0.052676
0 0.210069 0.418060 0.272917 0.027592
1 0.900000 0.418060 0.077778 0.046823
