0 0.115257 0.069540 0.078248 0.035632
3 0.029607 0.037548 0.059215 0.075096
3 0.021148 0.037548 0.042296 0.064368
7 0.563142 0.032184 0.166767 0.064368
0 0.034441 0.139464 0.068882 0.025287
7 0.735650 0.032184 0.178248 0.064368
0 0.170695 0.139464 0.152870 0.025287
7 0.912387 0.032184 0.175227 0.064368
0 0.347432 0.139464 0.149849 0.025287
4 0.217523 0.544061 0.435045 0.744828
8 0.217523 0.195019 0.435045 0.046743
8 0.217523 0.096935 0.435045 0.097318
0 0.105891 0.255939 0.177946 0.029119
0 0.136858 0.283142 0.239879 0.025287
6 0.401208 0.268582 0.033837 0.042912
8 0.217523 0.217625 0.435045 0.140996
0 0.067221 0.354789 0.100604 0.029119
0 0.192145 0.403831 0.350453 0.068966
6 0.401208 0.389272 0.033837 0.042912
8 0.217523 0.349234 0.435045 0.119157
0 0.098187 0.497318 0.162538 0.029119
0 0.192145 0.535441 0.350453 0.047126
6 0.401208 0.520690 0.033837 0.042912
8 0.217523 0.459004 0.435045 0.097318
0 0.069033 0.618008 0.104230 0.029119
0 0.148187 0.645211 0.262538 0.025287
6 0.401208 0.630651 0.033837 0.042912
8 0.217523 0.579693 0.435045 0.140996
0 0.093958 0.716858 0.154079 0.029119
0 0.192145 0.765900 0.350453 0.068966
6 0.401208 0.751341 0.033837 0.042912
8 0.217523 0.711303 0.435045 0.119157
0 0.106193 0.859387 0.178550 0.029119
0 0.192145 0.895211 0.350453 0.042529
6 0.401208 0.882759 0.033837 0.042912
