0 0.484375 0.070898 0.695139 0.033203
4 0.913542 0.070898 0.163194 0.035547
2 0.136458 0.038086 0.000694 0.000391
4 0.068056 0.071094 0.136111 0.076563
8 0.451389 0.210547 0.870833 0.175000
4 0.451389 0.210547 0.870833 0.175000
1 0.109722 0.175000 0.058333 0.049219
0 0.525694 0.166992 0.644444 0.033203
0 0.525694 0.215430 0.644444 0.027734
0 0.525694 0.256836 0.644444 0.027734
8 0.957986 0.210547 0.084028 0.175000
4 0.957986 0.210547 0.084028 0.175000
1 0.984028 0.172852 0.031944 0.044922
4 0.500000 0.557617 1.000000 0.491797
8 0.500000 0.341016 1.000000 0.058594
0 0.108681 0.341016 0.159028 0.025781
8 0.500000 0.401172 1.000000 0.058594
0 0.135764 0.401172 0.213194 0.025781
8 0.500000 0.472461 1.000000 0.080859
0 0.108681 0.461328 0.159028 0.025781
0 0.432639 0.485352 0.806944 0.022266
8 0.500000 0.543750 1.000000 0.058594
0 0.116667 0.543750 0.175000 0.025781
8 0.500000 0.603906 1.000000 0.058594
0 0.140278 0.603906 0.222222 0.025781
4 0.500000 0.834766 1.000000 0.062500
0 0.500000 0.834766 1.000000 0.062500
1 0.906250 0.847461 0.187500 0.037109
4 0.500000 0.034180 1.000000 0.068359
