4 0.500000 0.521875 1.000000 0.825000
8 0.500000 0.133203 1.000000 0.047656
8 0.500000 0.098828 1.000000 0.099219
0 0.149306 0.195312 0.220833 0.029687
0 0.244444 0.223047 0.411111 0.025781
6 0.903472 0.208008 0.115278 0.037109
8 0.500000 0.199609 1.000000 0.099219
0 0.134028 0.296094 0.190278 0.029687
0 0.166319 0.323828 0.254861 0.025781
6 0.903472 0.308789 0.115278 0.037109
8 0.500000 0.300391 1.000000 0.099219
0 0.144444 0.396875 0.211111 0.029687
0 0.081597 0.424609 0.085417 0.025781
8 0.500000 0.401172 1.000000 0.099219
0 0.102778 0.497656 0.127778 0.029687
0 0.204514 0.525391 0.331250 0.025781
6 0.922222 0.510547 0.077778 0.043750
8 0.500000 0.501953 1.000000 0.099219
0 0.182639 0.598437 0.287500 0.029687
0 0.308333 0.626172 0.538889 0.025781
6 0.922222 0.611328 0.077778 0.043750
8 0.500000 0.602734 1.000000 0.099219
0 0.189931 0.699219 0.302083 0.029687
0 0.060069 0.726953 0.042361 0.025781
8 0.500000 0.703516 1.000000 0.099219
0 0.128472 0.800000 0.179167 0.029687
0 0.117014 0.827734 0.156250 0.025781
3 0.068056 0.038281 0.136111 0.076563
0 0.237500 0.070898 0.183333 0.036328
