0 0.500000 0.052885 0.980556 0.033863
4 0.500000 0.535953 1.000000 0.928094
8 0.500000 0.046823 0.922222 0.093645
0 0.175694 0.104724 0.200000 0.043060
0 0.139236 0.140050 0.127083 0.027592
8 0.500000 0.141304 0.922222 0.093645
0 0.313542 0.199206 0.475694 0.043060
0 0.210069 0.234532 0.268750 0.027592
8 0.500000 0.235786 0.922222 0.093645
0 0.322222 0.293687 0.493056 0.043060
0 0.210069 0.329013 0.268750 0.027592
8 0.500000 0.330268 0.922222 0.093645
0 0.305208 0.388169 0.459028 0.043060
0 0.463542 0.423495 0.775694 0.027592
8 0.500000 0.433946 0.922222 0.112040
0 0.392361 0.480142 0.633333 0.043060
0 0.452778 0.527383 0.754167 0.051421
6 0.890625 0.505853 0.092361 0.070234
8 0.500000 0.537625 0.922222 0.093645
0 0.427431 0.595527 0.703472 0.043060
0 0.352431 0.630853 0.553472 0.027592
6 0.890625 0.609532 0.092361 0.070234
8 0.500000 0.641304 0.922222 0.112040
0 0.339931 0.687500 0.528472 0.043060
0 0.452778 0.734741 0.754167 0.051421
6 0.890625 0.713211 0.092361 0.070234
8 0.500000 0.744983 0.922222 0.093645
0 0.212847 0.802885 0.274306 0.043060
0 0.218750 0.838211 0.286111 0.027592
6 0.890625 0.816890 0.092361 0.070234
8 0.500000 0.839465 0.922222 0.093645
0 0.220139 0.897366 0.288889 0.043060
0 0.306597 0.932692 0.461806 0.027592
6 0.890625 0.911371 0.092361 0.070234
8 0.500000 0.933946 0.922222 0.093645
0 0.264931 0.985159 0.378472 0.029682
6 0.890625 0.985368 0.092361 0.029264
