8 0.500000 0.131250 0.922222 0.043750
8 0.500000 0.087500 0.922222 0.087500
0 0.218750 0.183789 0.286111 0.040234
0 0.317708 0.216797 0.484028 0.025781
6 0.897917 0.196875 0.077778 0.043750
8 0.500000 0.175000 0.922222 0.087500
0 0.311458 0.284180 0.471528 0.040234
6 0.897917 0.284375 0.077778 0.043750
8 0.500000 0.262500 0.922222 0.087500
0 0.287500 0.371680 0.423611 0.040234
8 0.500000 0.350000 0.922222 0.087500
0 0.329167 0.459180 0.506944 0.040234
8 0.500000 0.437500 0.922222 0.087500
0 0.281944 0.546680 0.412500 0.040234
8 0.500000 0.612500 0.922222 0.043750
8 0.500000 0.568750 0.922222 0.087500
0 0.185069 0.677930 0.218750 0.040234
8 0.500000 0.656250 0.922222 0.087500
0 0.335764 0.765430 0.520139 0.040234
6 0.897917 0.765625 0.077778 0.043750
8 0.500000 0.831250 0.922222 0.043750
8 0.500000 0.787500 0.922222 0.087500
0 0.316319 0.896680 0.481250 0.040234
0 0.405903 0.070898 0.520139 0.036328
3 0.068056 0.038281 0.136111 0.076563
