0 0.264931 0.070898 0.179861 0.036328
3 0.068056 0.038281 0.136111 0.076563
4 0.500000 0.521875 1.000000 0.825000
8 0.500000 0.024805 1.000000 0.049609
0 0.077431 0.134180 0.077083 0.049609
8 0.500000 0.082422 1.000000 0.065625
1 0.924653 0.191602 0.053472 0.030078
0 0.500000 0.191602 0.922222 0.033203
8 0.500000 0.153906 1.000000 0.077344
0 0.500000 0.252148 0.922222 0.033203
0 0.500000 0.279883 0.922222 0.022266
8 0.500000 0.231250 1.000000 0.077344
0 0.500000 0.329492 0.922222 0.033203
0 0.500000 0.357227 0.922222 0.022266
8 0.500000 0.302734 1.000000 0.065625
0 0.131597 0.412109 0.185417 0.065625
8 0.500000 0.374219 1.000000 0.077344
0 0.500000 0.472461 0.922222 0.033203
0 0.500000 0.500195 0.922222 0.022266
8 0.500000 0.451562 1.000000 0.077344
0 0.500000 0.549805 0.922222 0.033203
0 0.500000 0.577539 0.922222 0.022266
8 0.500000 0.528906 1.000000 0.077344
0 0.500000 0.627148 0.922222 0.033203
0 0.500000 0.654883 0.922222 0.022266
8 0.500000 0.600391 1.000000 0.065625
1 0.922222 0.709766 0.077778 0.043750
0 0.453819 0.709570 0.829861 0.033203
8 0.500000 0.666016 1.000000 0.065625
1 0.922222 0.775391 0.077778 0.043750
0 0.453819 0.775195 0.829861 0.033203
8 0.500000 0.731641 1.000000 0.065625
0 0.083333 0.841016 0.088889 0.065625
8 0.500000 0.797266 1.000000 0.065625
1 0.922222 0.906641 0.077778 0.043750
0 0.453819 0.906445 0.829861 0.033203
