4 0.500000 0.521875 1.000000 0.825000
8 0.500000 0.053516 1.000000 0.107031
0 0.214931 0.148047 0.352083 0.033594
0 0.100347 0.179688 0.122917 0.029687
8 0.500000 0.162109 1.000000 0.107031
0 0.236111 0.256641 0.394444 0.033594
0 0.361458 0.288281 0.645139 0.029687
6 0.922222 0.271484 0.077778 0.043750
8 0.500000 0.255859 1.000000 0.077344
0 0.216319 0.365234 0.354861 0.033594
6 0.922222 0.365234 0.077778 0.043750
8 0.500000 0.334766 1.000000 0.077344
0 0.308681 0.444141 0.539583 0.033594
6 0.922222 0.444141 0.077778 0.043750
8 0.500000 0.428516 1.000000 0.107031
0 0.189236 0.523047 0.300694 0.033594
0 0.127778 0.554688 0.177778 0.029687
8 0.500000 0.537109 1.000000 0.107031
0 0.203819 0.631641 0.329861 0.033594
0 0.398611 0.663281 0.719444 0.029687
8 0.500000 0.727344 1.000000 0.051562
8 0.500000 0.698828 1.000000 0.107031
0 0.171875 0.793359 0.265972 0.033594
0 0.110069 0.825000 0.142361 0.029687
8 0.500000 0.807422 1.000000 0.107031
0 0.273611 0.901953 0.469444 0.033594
0 0.372917 0.926562 0.668056 0.015625
6 0.922222 0.914648 0.077778 0.039453
3 0.068056 0.038281 0.136111 0.076563
0 0.254514 0.070898 0.217361 0.036328
