4 0.500000 0.483594 1.000000 0.901563
8 0.500000 0.056641 1.000000 0.047656
8 0.500000 0.098828 1.000000 0.099219
0 0.149306 0.118750 0.220833 0.029687
0 0.334375 0.146484 0.590972 0.025781
6 0.922222 0.131641 0.077778 0.043750
8 0.500000 0.186719 1.000000 0.073438
0 0.168403 0.219531 0.259028 0.029687
8 0.500000 0.261719 1.000000 0.073438
0 0.100347 0.294531 0.122917 0.029687
6 0.922222 0.294531 0.077778 0.043750
8 0.500000 0.336719 1.000000 0.073438
0 0.128125 0.369531 0.178472 0.029687
6 0.922222 0.369531 0.077778 0.043750
