1 0.079167 0.065599 0.158333 0.073347
0 0.500000 0.065427 0.486111 0.034435
4 0.500000 0.461949 1.000000 0.723485
8 0.500000 0.137741 1.000000 0.075069
0 0.230903 0.137052 0.388194 0.029614
1 0.500000 0.174587 1.000000 0.001377
8 0.500000 0.190944 1.000000 0.031336
8 0.500000 0.244146 1.000000 0.075069
0 0.238889 0.243457 0.404167 0.029614
2 0.963542 0.243457 0.024306 0.015840
1 0.500000 0.280992 1.000000 0.001377
8 0.500000 0.319215 1.000000 0.075069
0 0.212847 0.318526 0.352083 0.029614
2 0.963542 0.318526 0.024306 0.015840
1 0.500000 0.356061 1.000000 0.001377
8 0.500000 0.394284 1.000000 0.075069
4 0.500000 0.393595 1.000000 0.073691
0 0.327778 0.381543 0.581944 0.029614
0 0.327778 0.408230 0.581944 0.023760
1 0.934028 0.393595 0.083333 0.053030
1 0.500000 0.431129 1.000000 0.001377
8 0.500000 0.469353 1.000000 0.075069
4 0.500000 0.468664 1.000000 0.073691
0 0.267014 0.468664 0.460417 0.029614
1 0.934028 0.468664 0.083333 0.053030
1 0.500000 0.506198 1.000000 0.001377
8 0.500000 0.544421 1.000000 0.075069
0 0.157986 0.543733 0.242361 0.029614
2 0.963542 0.543733 0.024306 0.015840
1 0.500000 0.581267 1.000000 0.001377
8 0.500000 0.619490 1.000000 0.075069
0 0.257986 0.618802 0.442361 0.029614
2 0.963542 0.618802 0.024306 0.015840
1 0.500000 0.656336 1.000000 0.001377
