3 0.068056 0.038281 0.136111 0.076563
0 0.314931 0.070898 0.279861 0.036328
4 0.500000 0.521875 1.000000 0.825000
8 0.500000 0.041016 1.000000 0.082031
0 0.418056 0.150391 0.836111 0.082031
6 0.918056 0.152539 0.163889 0.049609
8 0.500000 0.124609 1.000000 0.082031
0 0.418056 0.233984 0.836111 0.082031
6 0.918056 0.236133 0.163889 0.049609
8 0.500000 0.208203 1.000000 0.082031
0 0.418056 0.317578 0.836111 0.082031
6 0.918056 0.319727 0.163889 0.049609
8 0.500000 0.291797 1.000000 0.082031
0 0.418056 0.401172 0.836111 0.082031
6 0.918056 0.403320 0.163889 0.049609
8 0.500000 0.375391 1.000000 0.082031
0 0.418056 0.484766 0.836111 0.082031
6 0.918056 0.486914 0.163889 0.049609
8 0.500000 0.458984 1.000000 0.082031
0 0.418056 0.568359 0.836111 0.082031
6 0.918056 0.570508 0.163889 0.049609
8 0.500000 0.542578 1.000000 0.082031
0 0.418056 0.651953 0.836111 0.082031
6 0.918056 0.654102 0.163889 0.049609
8 0.500000 0.626172 1.000000 0.082031
0 0.418056 0.735547 0.836111 0.082031
6 0.918056 0.737695 0.163889 0.049609
