0 0.264931 0.070898 0.179861 0.036328
3 0.068056 0.038281 0.136111 0.076563
4 0.500000 0.521875 1.000000 0.825000
8 0.500000 0.133203 1.000000 0.047656
8 0.500000 0.098828 1.000000 0.099219
0 0.094097 0.195312 0.110417 0.029687
0 0.333333 0.223047 0.588889 0.025781
8 0.500000 0.186719 1.000000 0.073438
0 0.100347 0.296094 0.122917 0.029687
6 0.922222 0.296094 0.077778 0.043750
8 0.500000 0.274609 1.000000 0.099219
0 0.121181 0.371094 0.164583 0.029687
0 0.360764 0.398828 0.643750 0.025781
6 0.922222 0.383984 0.077778 0.043750
8 0.500000 0.375391 1.000000 0.099219
0 0.186111 0.471875 0.294444 0.029687
0 0.321181 0.499609 0.564583 0.025781
6 0.922222 0.484766 0.077778 0.043750
8 0.500000 0.463281 1.000000 0.073438
0 0.233681 0.572656 0.389583 0.029687
6 0.922222 0.572656 0.077778 0.043750
8 0.500000 0.634766 1.000000 0.047656
8 0.500000 0.600391 1.000000 0.099219
0 0.243750 0.696875 0.409722 0.029687
0 0.156250 0.724609 0.234722 0.025781
8 0.500000 0.701172 1.000000 0.099219
0 0.274653 0.797656 0.471528 0.029687
0 0.271181 0.825391 0.464583 0.025781
8 0.500000 0.801953 1.000000 0.099219
0 0.210764 0.898438 0.343750 0.029687
0 0.410417 0.923828 0.743056 0.021094
6 0.922222 0.911328 0.077778 0.043750
