0 0.235764 0.070898 0.179861 0.036328
3 0.068056 0.038281 0.136111 0.076563
4 0.500000 0.521875 1.000000 0.825000
8 0.500000 0.135156 1.000000 0.051562
8 0.500000 0.106641 1.000000 0.107031
0 0.112500 0.201172 0.147222 0.033594
0 0.342361 0.232813 0.606944 0.029687
8 0.500000 0.215234 1.000000 0.107031
0 0.181597 0.309766 0.285417 0.033594
0 0.325347 0.341406 0.572917 0.029687
8 0.500000 0.405469 1.000000 0.051562
8 0.500000 0.362109 1.000000 0.077344
0 0.246528 0.471484 0.415278 0.033594
6 0.922222 0.471484 0.077778 0.043750
8 0.500000 0.455859 1.000000 0.107031
0 0.317361 0.550391 0.556944 0.033594
0 0.376736 0.582031 0.675694 0.029687
6 0.922222 0.565234 0.077778 0.043750
8 0.500000 0.549609 1.000000 0.077344
0 0.210069 0.658984 0.342361 0.033594
