0 0.327083 0.070898 0.148611 0.036328
1 0.213889 0.038281 0.077778 0.043750
3 0.068056 0.038281 0.136111 0.076563
3 0.941667 0.071094 0.116667 0.065625
8 0.500000 0.412500 1.000000 0.825000
4 0.291667 0.521875 0.583333 0.825000
8 0.291667 0.032813 0.583333 0.065625
1 0.058333 0.142187 0.116667 0.065625
0 0.350000 0.142187 0.466667 0.065625
8 0.291667 0.100000 0.583333 0.065625
1 0.058333 0.209375 0.116667 0.065625
0 0.350000 0.209375 0.466667 0.065625
8 0.291667 0.167187 0.583333 0.065625
1 0.058333 0.276562 0.116667 0.065625
0 0.350000 0.276562 0.466667 0.065625
8 0.291667 0.234375 0.583333 0.065625
1 0.058333 0.343750 0.116667 0.065625
0 0.350000 0.343750 0.466667 0.065625
8 0.291667 0.301563 0.583333 0.065625
1 0.058333 0.410938 0.116667 0.065625
0 0.350000 0.410938 0.466667 0.065625
8 0.291667 0.368750 0.583333 0.065625
1 0.058333 0.478125 0.116667 0.065625
0 0.350000 0.478125 0.466667 0.065625
8 0.291667 0.435937 0.583333 0.065625
1 0.058333 0.545312 0.116667 0.065625
0 0.350000 0.545312 0.466667 0.065625
8 0.291667 0.503125 0.583333 0.065625
1 0.058333 0.612500 0.116667 0.065625
0 0.350000 0.612500 0.466667 0.065625
