0 0.264931 0.070898 0.179861 0.036328
3 0.068056 0.038281 0.136111 0.076563
4 0.500000 0.521875 1.000000 0.825000
8 0.500000 0.133203 0.922222 0.047656
8 0.500000 0.085938 0.922222 0.073438
0 0.196181 0.195312 0.236806 0.029687
6 0.883333 0.195312 0.077778 0.043750
8 0.500000 0.160938 0.922222 0.073438
0 0.395486 0.270313 0.635417 0.029687
6 0.883333 0.270313 0.077778 0.043750
8 0.500000 0.248828 0.922222 0.099219
0 0.188889 0.345313 0.222222 0.029687
0 0.267708 0.373047 0.379861 0.025781
8 0.500000 0.433203 0.922222 0.047656
8 0.500000 0.398828 0.922222 0.099219
0 0.143056 0.495312 0.130556 0.029687
0 0.253819 0.523047 0.352083 0.025781
8 0.500000 0.499609 0.922222 0.099219
0 0.230556 0.596094 0.305556 0.029687
0 0.408681 0.623828 0.661806 0.025781
8 0.500000 0.683984 0.922222 0.047656
8 0.500000 0.636719 0.922222 0.073438
0 0.268403 0.746094 0.381250 0.029687
8 0.500000 0.711719 0.922222 0.073438
0 0.251042 0.821094 0.346528 0.029687
8 0.500000 0.786719 0.922222 0.073438
0 0.314583 0.896094 0.473611 0.029687
