4 0.500000 0.483594 1.000000 0.901563
8 0.500000 0.049609 1.000000 0.099219
0 0.097222 0.069531 0.116667 0.029687
0 0.219097 0.097266 0.360417 0.025781
6 0.922222 0.082422 0.077778 0.043750
8 0.500000 0.161523 1.000000 0.121484
0 0.161111 0.170313 0.244444 0.029687
0 0.441667 0.209180 0.805556 0.048047
6 0.922222 0.194141 0.077778 0.043750
8 0.500000 0.284570 1.000000 0.121484
0 0.270486 0.293359 0.463194 0.029687
0 0.441667 0.332227 0.805556 0.048047
6 0.922222 0.317188 0.077778 0.043750
8 0.500000 0.407617 1.000000 0.121484
0 0.238194 0.416406 0.398611 0.029687
0 0.441667 0.455273 0.805556 0.048047
6 0.922222 0.440234 0.077778 0.043750
8 0.500000 0.524609 1.000000 0.043750
8 0.500000 0.587109 1.000000 0.143750
0 0.265278 0.584766 0.452778 0.029687
0 0.441667 0.634766 0.805556 0.070312
6 0.922222 0.619922 0.077778 0.043750
8 0.500000 0.732422 1.000000 0.143750
0 0.356597 0.730078 0.635417 0.029687
0 0.441667 0.780078 0.805556 0.070312
6 0.922222 0.765234 0.077778 0.043750
