3 0.127778 0.024609 0.255556 0.049219
3 0.365972 0.024609 0.220833 0.049219
3 0.604861 0.024609 0.256944 0.049219
0 0.500000 0.180664 1.000000 0.044141
0 0.060417 0.013867 0.120833 0.027734
0 0.177083 0.013867 0.112500 0.027734
0 0.067708 0.313867 0.135417 0.068359
0 0.208333 0.313867 0.145833 0.068359
0 0.354167 0.313867 0.145833 0.068359
0 0.500000 0.313867 0.145833 0.068359
0 0.645833 0.313867 0.145833 0.068359
0 0.791667 0.313867 0.145833 0.068359
0 0.932292 0.313867 0.135417 0.068359
3 0.500000 0.889648 0.926389 0.048047
3 0.345833 0.073242 0.691667 0.072266
3 0.782292 0.073242 0.181250 0.041797
4 0.934028 0.073047 0.083333 0.037500
