8 0.500000 0.133203 1.000000 0.047656
8 0.500000 0.106250 1.000000 0.073438
0 0.154514 0.215625 0.231250 0.029687
8 0.500000 0.277734 1.000000 0.047656
8 0.500000 0.274805 1.000000 0.121484
0 0.164583 0.360156 0.251389 0.029687
0 0.500000 0.399023 0.922222 0.048047
8 0.500000 0.470313 1.000000 0.047656
8 0.500000 0.452539 1.000000 0.091797
0 0.500000 0.561914 0.922222 0.048047
8 0.500000 0.633203 1.000000 0.047656
8 0.500000 0.604297 1.000000 0.069531
0 0.340278 0.713672 0.602778 0.025781
8 0.500000 0.773828 1.000000 0.047656
8 0.500000 0.759766 1.000000 0.099219
0 0.170486 0.856250 0.263194 0.029687
0 0.086806 0.883984 0.095833 0.025781
8 0.500000 0.860547 1.000000 0.099219
3 0.068056 0.038281 0.136111 0.076563
0 0.264931 0.070898 0.179861 0.036328
