4 0.500000 0.521875 1.000000 0.825000
8 0.500000 0.049609 1.000000 0.099219
0 0.140278 0.146094 0.202778 0.029687
0 0.368750 0.173828 0.659722 0.025781
8 0.500000 0.150391 1.000000 0.099219
0 0.147222 0.246875 0.216667 0.029687
0 0.310764 0.274609 0.543750 0.025781
8 0.500000 0.262305 1.000000 0.121484
0 0.243750 0.347656 0.409722 0.029687
0 0.441667 0.386523 0.805556 0.048047
6 0.922222 0.371484 0.077778 0.043750
8 0.500000 0.457813 1.000000 0.047656
8 0.500000 0.423438 1.000000 0.099219
0 0.171528 0.519922 0.265278 0.029687
0 0.343750 0.547656 0.609722 0.025781
6 0.922222 0.532813 0.077778 0.043750
8 0.500000 0.524219 1.000000 0.099219
0 0.213889 0.620703 0.350000 0.029687
0 0.229167 0.648438 0.380556 0.025781
8 0.500000 0.708594 1.000000 0.047656
8 0.500000 0.674219 1.000000 0.099219
0 0.222569 0.770703 0.367361 0.029687
0 0.366667 0.798438 0.655556 0.025781
6 0.922222 0.783594 0.077778 0.043750
8 0.500000 0.775000 1.000000 0.099219
0 0.172917 0.871484 0.268056 0.029687
0 0.228472 0.899219 0.379167 0.025781
3 0.068056 0.038281 0.136111 0.076563
0 0.340278 0.070898 0.388889 0.036328
