8 0.500000 0.029687 0.922222 0.059375
0 0.285417 0.192773 0.419444 0.035547
6 0.878472 0.191406 0.116667 0.032813
8 0.500000 0.103125 0.922222 0.087500
0 0.241667 0.265039 0.331944 0.040234
0 0.131944 0.298047 0.112500 0.025781
8 0.500000 0.190625 0.922222 0.087500
0 0.420833 0.365430 0.690278 0.040234
6 0.878472 0.365625 0.116667 0.034375
8 0.500000 0.431250 0.922222 0.043750
8 0.500000 0.321875 0.922222 0.087500
0 0.244444 0.483789 0.337500 0.040234
0 0.120139 0.516797 0.088889 0.025781
8 0.500000 0.409375 0.922222 0.087500
0 0.224653 0.584180 0.297917 0.040234
8 0.500000 0.496875 0.922222 0.087500
0 0.244792 0.671680 0.338194 0.040234
8 0.500000 0.737500 0.922222 0.043750
8 0.500000 0.628125 0.922222 0.087500
0 0.289236 0.802930 0.427083 0.040234
6 0.878472 0.803125 0.116667 0.034375
8 0.500000 0.715625 0.922222 0.087500
0 0.223264 0.890430 0.295139 0.040234
0 0.274653 0.070898 0.257639 0.036328
3 0.068056 0.038281 0.136111 0.076563
4 0.168403 0.032813 0.331250 0.065625
0 0.168403 0.142187 0.149306 0.065625
4 0.502431 0.032813 0.331250 0.065625
0 0.502083 0.142187 0.173611 0.065625
4 0.835417 0.032813 0.329167 0.065625
0 0.836806 0.142187 0.111111 0.065625
