4 0.500000 0.483594 1.000000 0.901563
8 0.500000 0.056641 1.000000 0.047656
8 0.500000 0.098828 1.000000 0.099219
0 0.204167 0.118750 0.330556 0.029687
0 0.441319 0.146484 0.804861 0.025781
6 0.922222 0.131641 0.077778 0.043750
8 0.500000 0.199609 1.000000 0.099219
0 0.134722 0.219531 0.191667 0.029687
0 0.463194 0.247266 0.848611 0.025781
8 0.500000 0.311523 1.000000 0.121484
0 0.249653 0.320312 0.421528 0.029687
0 0.441667 0.359180 0.805556 0.048047
6 0.922222 0.344141 0.077778 0.043750
8 0.500000 0.434570 1.000000 0.121484
0 0.293403 0.443359 0.509028 0.029687
0 0.441667 0.482227 0.805556 0.048047
6 0.922222 0.467187 0.077778 0.043750
8 0.500000 0.553516 1.000000 0.047656
8 0.500000 0.595703 1.000000 0.099219
0 0.160764 0.615625 0.243750 0.029687
0 0.296181 0.643359 0.514583 0.025781
6 0.922222 0.628516 0.077778 0.043750
8 0.500000 0.696484 1.000000 0.099219
0 0.226389 0.716406 0.375000 0.029687
0 0.416319 0.744141 0.754861 0.025781
8 0.500000 0.797266 1.000000 0.099219
0 0.177083 0.817187 0.276389 0.029687
0 0.126389 0.866797 0.097222 0.025781
0 0.213542 0.866797 0.067361 0.025781
5 0.609028 0.866211 0.704167 0.024609
8 0.500000 0.905078 1.000000 0.047656
8 0.500000 0.934375 1.000000 0.073438
