4 0.500000 0.517559 1.000000 0.964883
8 0.500000 0.069189 1.000000 0.138378
4 0.070833 0.083612 0.106944 0.064381
0 0.499653 0.042433 0.195139 0.063963
0 0.500000 0.149875 1.000000 0.047241
8 0.500000 0.186037 1.000000 0.093645
0 0.224306 0.207149 0.369444 0.043060
0 0.266319 0.242475 0.453472 0.027592
8 0.500000 0.280518 1.000000 0.093645
0 0.179167 0.301630 0.279167 0.043060
0 0.266319 0.336957 0.453472 0.027592
6 0.951042 0.315635 0.092361 0.070234
8 0.500000 0.375000 1.000000 0.093645
0 0.269097 0.409908 0.459028 0.043060
6 0.951042 0.410117 0.092361 0.070234
8 0.500000 0.469482 1.000000 0.093645
0 0.156250 0.504390 0.233333 0.043060
8 0.500000 0.563963 1.000000 0.093645
0 0.255903 0.585075 0.432639 0.043060
0 0.294444 0.620401 0.509722 0.027592
8 0.500000 0.658445 1.000000 0.093645
0 0.167361 0.679557 0.255556 0.043060
0 0.294444 0.714883 0.509722 0.027592
8 0.500000 0.752926 1.000000 0.093645
0 0.196875 0.787834 0.314583 0.043060
8 0.500000 0.877508 1.000000 0.153846
0 0.464931 0.886915 0.850694 0.080686
0 0.464931 0.952968 0.850694 0.051421
6 0.951042 0.912625 0.092361 0.070234
8 0.500000 0.977634 1.000000 0.044732
