0 0.235764 0.070898 0.179861 0.036328
3 0.068056 0.038281 0.136111 0.076563
4 0.500000 0.522266 1.000000 0.824219
8 0.500000 0.049609 1.000000 0.099219
0 0.090625 0.146875 0.103472 0.029687
0 0.142708 0.174609 0.207639 0.025781
8 0.500000 0.137500 1.000000 0.073438
0 0.105208 0.247656 0.132639 0.029687
8 0.500000 0.212500 1.000000 0.073438
0 0.168750 0.322656 0.259722 0.029687
8 0.500000 0.287500 1.000000 0.073438
0 0.160764 0.397656 0.243750 0.029687
8 0.500000 0.362500 1.000000 0.073438
0 0.196181 0.472656 0.314583 0.029687
8 0.500000 0.437500 1.000000 0.073438
0 0.173958 0.547656 0.270139 0.029687
8 0.500000 0.512500 1.000000 0.073438
0 0.197917 0.622656 0.318056 0.029687
8 0.500000 0.587500 1.000000 0.073438
0 0.233333 0.697656 0.388889 0.029687
