0 0.264931 0.070898 0.179861 0.036328
4 0.068056 0.038281 0.136111 0.076563
8 0.500000 0.018555 1.000000 0.037109
0 0.117708 0.116992 0.157639 0.015234
8 0.500000 0.099414 1.000000 0.121484
0 0.149306 0.184766 0.220833 0.029687
0 0.441667 0.223633 0.805556 0.048047
6 0.922222 0.208594 0.077778 0.043750
8 0.500000 0.292187 1.000000 0.042188
8 0.500000 0.253516 1.000000 0.099219
0 0.325000 0.350000 0.572222 0.029687
0 0.420139 0.377734 0.762500 0.025781
8 0.500000 0.354297 1.000000 0.099219
0 0.337153 0.450781 0.596528 0.029687
0 0.135069 0.478516 0.192361 0.025781
8 0.500000 0.535937 1.000000 0.042188
8 0.500000 0.508398 1.000000 0.121484
0 0.198958 0.593750 0.320139 0.029687
0 0.441667 0.632617 0.805556 0.048047
6 0.922222 0.617578 0.077778 0.043750
8 0.500000 0.701172 1.000000 0.042188
8 0.500000 0.718164 1.000000 0.210547
0 0.173611 0.758984 0.269444 0.029687
0 0.441667 0.842383 0.805556 0.137109
6 0.922222 0.827344 0.077778 0.043750
