0 0.568056 0.071094 0.863889 0.076563
3 0.068056 0.038281 0.136111 0.076563
0 0.502431 0.157227 0.917361 0.051953
3 0.528125 0.213477 0.235417 0.027734
3 0.832639 0.213477 0.256944 0.027734
4 0.500000 0.335352 1.000000 0.172266
0 0.512153 0.303711 0.927083 0.040234
0 0.512153 0.339648 0.927083 0.031641
0 0.512153 0.371289 0.927083 0.031641
4 0.500000 0.372852 1.000000 0.118359
0 0.138889 0.463281 0.180556 0.025781
0 0.131250 0.495117 0.165278 0.037891
0 0.738194 0.482031 0.130556 0.035156
0 0.877431 0.482031 0.147917 0.035156
0 0.157639 0.583594 0.218056 0.029687
0 0.186806 0.609570 0.276389 0.022266
6 0.918056 0.587305 0.115278 0.037109
3 0.500000 0.690234 1.000000 0.084375
3 0.500000 0.776172 1.000000 0.084375
3 0.500000 0.860547 1.000000 0.084375
3 0.500000 0.918555 1.000000 0.031641
