0 0.235764 0.070898 0.179861 0.036328
3 0.068056 0.038281 0.136111 0.076563
3 0.941667 0.071094 0.116667 0.065625
4 0.500000 0.521875 1.000000 0.825000
8 0.500000 0.035547 1.000000 0.071094
6 0.903472 0.127344 0.115278 0.035937
8 0.500000 0.126172 1.000000 0.107031
8 0.500000 0.316406 1.000000 0.051562
8 0.500000 0.287891 1.000000 0.107031
8 0.500000 0.396484 1.000000 0.107031
8 0.500000 0.505078 1.000000 0.107031
8 0.500000 0.613672 1.000000 0.107031
8 0.500000 0.707422 1.000000 0.077344
8 0.500000 0.786328 1.000000 0.077344
