4 0.500000 0.070189 1.000000 0.075588
1 0.024306 0.070189 0.048611 0.026996
0 0.158681 0.069996 0.195139 0.039722
0 0.463542 0.163710 0.765972 0.035866
1 0.802431 0.020247 0.072917 0.040494
4 0.086458 0.009641 0.172917 0.019283
2 0.086111 0.009641 0.034722 0.019283
4 0.259375 0.009641 0.172917 0.019283
4 0.432292 0.009641 0.172917 0.019283
4 0.605208 0.009641 0.172917 0.019283
4 0.777778 0.009641 0.172222 0.019283
0 0.463542 0.415156 0.765972 0.035866
6 0.500000 0.484574 0.115278 0.036637
0 0.500000 0.548592 0.912500 0.047435
0 0.463542 0.661975 0.765972 0.035866
0 0.200694 0.725800 0.044444 0.025453
5 0.490278 0.725607 0.534722 0.024296
0 0.789583 0.725800 0.063889 0.025453
0 0.499653 0.771886 0.310417 0.039722
0 0.500000 0.829155 0.905556 0.025453
0 0.463542 0.911878 0.765972 0.021211
