0 0.264931 0.070898 0.179861 0.036328
3 0.068056 0.038281 0.136111 0.076563
4 0.500000 0.524023 1.000000 0.820703
8 0.500000 0.006445 1.000000 0.012891
8 0.500000 0.064062 1.000000 0.099219
0 0.127778 0.164844 0.177778 0.029687
0 0.364236 0.192578 0.650694 0.025781
6 0.922222 0.177734 0.077778 0.043750
8 0.500000 0.164844 1.000000 0.099219
0 0.100347 0.265625 0.122917 0.029687
0 0.268750 0.293359 0.459722 0.025781
8 0.500000 0.353516 1.000000 0.047656
8 0.500000 0.314844 1.000000 0.099219
1 0.068750 0.428516 0.077778 0.043750
0 0.283681 0.415625 0.215972 0.029687
0 0.546875 0.443359 0.742361 0.025781
8 0.500000 0.415625 1.000000 0.099219
1 0.068750 0.529297 0.077778 0.043750
0 0.259722 0.516406 0.168056 0.029687
0 0.270486 0.544141 0.189583 0.025781
8 0.500000 0.516406 1.000000 0.099219
1 0.068750 0.630078 0.077778 0.043750
0 0.235417 0.617188 0.119444 0.029687
0 0.270486 0.644922 0.189583 0.025781
8 0.500000 0.617188 1.000000 0.099219
0 0.143403 0.717969 0.209028 0.029687
0 0.400694 0.745703 0.723611 0.025781
8 0.500000 0.717969 1.000000 0.099219
0 0.119444 0.818750 0.161111 0.029687
0 0.291319 0.846484 0.504861 0.025781
8 0.500000 0.818750 1.000000 0.099219
0 0.196528 0.919531 0.315278 0.029687
