8 0.500000 0.483594 1.000000 0.901563
0 0.249306 0.060352 0.237500 0.027734
0 0.249306 0.117383 0.061111 0.069922
0 0.750000 0.060352 0.237500 0.027734
6 0.750000 0.113477 0.115278 0.037109
0 0.499653 0.183398 0.167361 0.027734
0 0.500000 0.241992 0.061111 0.073047
0 0.499653 0.306836 0.110417 0.027734
0 0.500000 0.424023 0.383333 0.181641
0 0.499653 0.543164 0.078472 0.027734
0 0.500000 0.601758 0.430556 0.073047
4 0.249653 0.700391 0.499306 0.122656
0 0.249653 0.666602 0.175694 0.027734
0 0.249306 0.725195 0.061111 0.073047
0 0.750347 0.666602 0.199306 0.027734
0 0.750347 0.725195 0.147917 0.073047
1 0.500000 0.848437 0.437500 0.082031
1 0.878472 0.848437 0.145833 0.082031
