0 0.264931 0.072461 0.179861 0.036328
3 0.068056 0.038281 0.136111 0.076563
3 0.931944 0.071094 0.136111 0.065625
3 0.500000 0.148828 1.000000 0.073438
4 0.500000 0.223828 1.000000 0.073438
0 0.416667 0.223828 0.833333 0.073438
0 0.916667 0.223828 0.166667 0.073438
3 0.500000 0.298828 1.000000 0.073438
3 0.500000 0.373828 1.000000 0.073438
4 0.500000 0.448828 1.000000 0.073438
0 0.414236 0.448828 0.828472 0.073438
0 0.914236 0.448828 0.171528 0.073438
3 0.500000 0.523828 1.000000 0.073438
3 0.500000 0.598828 1.000000 0.073438
3 0.500000 0.673828 1.000000 0.073438
3 0.500000 0.748828 1.000000 0.073438
