0 0.408333 0.070898 0.466667 0.036328
3 0.068056 0.038281 0.136111 0.076563
4 0.500000 0.521875 1.000000 0.825000
8 0.500000 0.021094 1.000000 0.042188
0 0.269444 0.119531 0.461111 0.020313
8 0.500000 0.080469 1.000000 0.073438
0 0.276389 0.189844 0.475000 0.029687
8 0.500000 0.251953 1.000000 0.047656
8 0.500000 0.204687 1.000000 0.073438
1 0.073611 0.314063 0.087500 0.049219
0 0.291319 0.314063 0.231250 0.029687
3 0.818056 0.314063 0.286111 0.065625
8 0.500000 0.376172 1.000000 0.047656
8 0.500000 0.341797 1.000000 0.099219
0 0.191667 0.438281 0.305556 0.029687
0 0.073958 0.466016 0.070139 0.025781
8 0.500000 0.526172 1.000000 0.047656
8 0.500000 0.478906 1.000000 0.073438
0 0.162500 0.588281 0.247222 0.029687
8 0.500000 0.650391 1.000000 0.047656
8 0.500000 0.603125 1.000000 0.073438
0 0.233333 0.712500 0.388889 0.029687
8 0.500000 0.678125 1.000000 0.073438
0 0.130903 0.787500 0.184028 0.029687
8 0.500000 0.753125 1.000000 0.073438
0 0.085764 0.862500 0.093750 0.029687
8 0.500000 0.841016 1.000000 0.099219
0 0.189583 0.928516 0.301389 0.011719
