4 0.500000 0.521875 1.000000 0.825000
8 0.500000 0.025781 1.000000 0.051562
0 0.157639 0.111328 0.237500 0.003906
0 0.273264 0.126172 0.468750 0.025781
6 0.922222 0.121289 0.077778 0.023828
8 0.500000 0.186328 1.000000 0.047656
8 0.500000 0.139063 1.000000 0.073438
0 0.193403 0.248438 0.309028 0.029687
6 0.922222 0.248438 0.077778 0.043750
8 0.500000 0.214062 1.000000 0.073438
0 0.168056 0.323437 0.258333 0.029687
6 0.922222 0.323437 0.077778 0.043750
8 0.500000 0.385547 1.000000 0.047656
8 0.500000 0.338281 1.000000 0.073438
0 0.129514 0.447656 0.181250 0.029687
8 0.500000 0.413281 1.000000 0.073438
0 0.223958 0.522656 0.370139 0.029687
8 0.500000 0.488281 1.000000 0.073438
0 0.149653 0.597656 0.221528 0.029687
8 0.500000 0.563281 1.000000 0.073438
0 0.189236 0.672656 0.300694 0.029687
8 0.500000 0.651172 1.000000 0.099219
0 0.215972 0.747656 0.354167 0.029687
0 0.329167 0.775391 0.580556 0.025781
6 0.922222 0.760547 0.077778 0.043750
8 0.500000 0.835547 1.000000 0.047656
8 0.500000 0.788281 1.000000 0.073438
0 0.212153 0.897656 0.346528 0.029687
6 0.922222 0.897656 0.077778 0.043750
0 0.302431 0.070898 0.313194 0.036328
3 0.068056 0.038281 0.136111 0.076563
