4 0.068056 0.038281 0.136111 0.076563
0 0.225347 0.038086 0.159028 0.033203
4 0.500000 0.521875 1.000000 0.825000
8 0.500000 0.133203 0.922222 0.047656
8 0.500000 0.098828 0.922222 0.099219
0 0.187153 0.195312 0.218750 0.029687
0 0.093403 0.223047 0.031250 0.025781
8 0.500000 0.199609 0.922222 0.099219
0 0.179514 0.296094 0.203472 0.029687
0 0.111458 0.323828 0.067361 0.025781
8 0.500000 0.300391 0.922222 0.099219
0 0.154167 0.396875 0.152778 0.029687
0 0.112847 0.424609 0.070139 0.025781
8 0.500000 0.401172 0.922222 0.099219
0 0.186806 0.497656 0.218056 0.029687
0 0.107639 0.525391 0.059722 0.025781
8 0.500000 0.501953 0.922222 0.099219
0 0.184375 0.598437 0.213194 0.029687
0 0.110764 0.626172 0.065972 0.025781
8 0.500000 0.686328 0.922222 0.047656
8 0.500000 0.651953 0.922222 0.099219
0 0.260069 0.748437 0.364583 0.029687
0 0.207292 0.776172 0.259028 0.025781
8 0.500000 0.836328 0.922222 0.047656
8 0.500000 0.801953 0.922222 0.099219
0 0.184375 0.898438 0.213194 0.029687
0 0.112847 0.923828 0.070139 0.021094
