0 0.297899 0.262304 0.197479 0.064900
0 0.501261 0.341806 0.604202 0.041103
6 0.935714 0.342077 0.128571 0.051379
0 0.576050 0.431044 0.847899 0.083288
0 0.363866 0.519740 0.329412 0.076798
5 0.852521 0.519740 0.294958 0.045430
0 0.757143 0.519740 0.104202 0.041103
0 0.576050 0.608978 0.847899 0.083288
0 0.297059 0.697674 0.195798 0.041103
6 0.935714 0.697945 0.128571 0.051379
0 0.368487 0.792320 0.338655 0.041103
6 0.935714 0.792591 0.128571 0.051379
0 0.576050 0.881558 0.847899 0.083288
0 0.397059 0.970254 0.395798 0.041103
6 0.935714 0.970525 0.128571 0.051379
