0 0.213889 0.060742 0.136111 0.027734
0 0.216667 0.084961 0.141667 0.020703
3 0.068056 0.038281 0.136111 0.076563
4 0.439236 0.521875 0.878472 0.825000
8 0.439236 0.036719 0.800694 0.073438
1 0.107639 0.146094 0.077778 0.043750
0 0.353125 0.146094 0.277083 0.029687
8 0.439236 0.111719 0.800694 0.073438
1 0.107639 0.221094 0.077778 0.043750
0 0.346875 0.221094 0.264583 0.029687
8 0.439236 0.186719 0.800694 0.073438
1 0.107639 0.296094 0.077778 0.043750
0 0.325000 0.296094 0.220833 0.029687
8 0.439236 0.261719 0.800694 0.073438
1 0.107639 0.371094 0.077778 0.043750
0 0.268750 0.371094 0.108333 0.029687
8 0.439236 0.336719 0.800694 0.073438
1 0.107639 0.446094 0.077778 0.043750
0 0.335069 0.446094 0.240972 0.029687
8 0.439236 0.411719 0.800694 0.073438
1 0.107639 0.521094 0.077778 0.043750
0 0.393056 0.521094 0.356944 0.029687
8 0.439236 0.486719 0.800694 0.073438
1 0.107639 0.596094 0.077778 0.043750
0 0.287847 0.596094 0.146528 0.029687
8 0.439236 0.561719 0.800694 0.073438
1 0.107639 0.671094 0.077778 0.043750
0 0.352431 0.671094 0.275694 0.029687
4 0.939236 0.521875 0.121528 0.825000
8 0.958681 0.133203 0.082639 0.047656
8 0.500000 0.098828 0.922222 0.099219
0 0.978125 0.195312 0.043750 0.029687
0 0.978125 0.223047 0.043750 0.025781
8 0.500000 0.199609 0.922222 0.099219
0 0.978125 0.296094 0.043750 0.029687
0 0.978125 0.323828 0.043750 0.025781
8 0.500000 0.293945 0.922222 0.086328
0 0.978125 0.390430 0.043750 0.033203
0 0.978125 0.419922 0.043750 0.025781
8 0.500000 0.388281 0.922222 0.099219
0 0.978125 0.484766 0.043750 0.029687
0 0.978125 0.512500 0.043750 0.025781
8 0.500000 0.489063 0.922222 0.099219
0 0.978125 0.585547 0.043750 0.029687
0 0.978125 0.613281 0.043750 0.025781
8 0.500000 0.589844 0.922222 0.099219
0 0.978125 0.686328 0.043750 0.029687
0 0.978125 0.714063 0.043750 0.025781
8 0.958681 0.774219 0.082639 0.047656
8 0.500000 0.739844 0.922222 0.099219
0 0.978125 0.836328 0.043750 0.029687
0 0.978125 0.864062 0.043750 0.025781
