4 0.500000 0.483594 1.000000 0.901563
8 0.500000 0.056641 1.000000 0.047656
8 0.500000 0.098828 1.000000 0.099219
0 0.230208 0.118750 0.382639 0.029687
0 0.263542 0.146484 0.449306 0.025781
6 0.922222 0.131641 0.077778 0.043750
8 0.500000 0.186719 1.000000 0.073438
0 0.163889 0.219531 0.250000 0.029687
8 0.500000 0.274609 1.000000 0.099219
0 0.260417 0.294531 0.443056 0.029687
0 0.433333 0.322266 0.788889 0.025781
6 0.922222 0.307422 0.077778 0.043750
8 0.500000 0.386523 1.000000 0.121484
0 0.256944 0.395313 0.436111 0.029687
0 0.441667 0.434180 0.805556 0.048047
6 0.922222 0.419141 0.077778 0.043750
8 0.500000 0.509570 1.000000 0.121484
0 0.102083 0.518359 0.126389 0.029687
0 0.441667 0.557227 0.805556 0.048047
6 0.922222 0.542188 0.077778 0.043750
8 0.500000 0.632617 1.000000 0.121484
0 0.312847 0.641406 0.547917 0.029687
0 0.441667 0.680273 0.805556 0.048047
6 0.922222 0.665234 0.077778 0.043750
8 0.500000 0.755664 1.000000 0.121484
0 0.204514 0.764453 0.331250 0.029687
0 0.441667 0.803320 0.805556 0.048047
6 0.922222 0.788281 0.077778 0.043750
8 0.500000 0.867578 1.000000 0.099219
0 0.280556 0.887500 0.483333 0.029687
0 0.359375 0.915234 0.640972 0.025781
6 0.922222 0.900391 0.077778 0.043750
