3 0.068056 0.038281 0.136111 0.076563
0 0.264931 0.070898 0.179861 0.036328
4 0.500000 0.521875 1.000000 0.825000
8 0.500000 0.041016 1.000000 0.082031
0 0.418750 0.150391 0.837500 0.082031
0 0.894444 0.152539 0.113889 0.049609
8 0.500000 0.124609 1.000000 0.082031
0 0.500000 0.233984 1.000000 0.082031
8 0.500000 0.208203 1.000000 0.082031
0 0.500000 0.317578 1.000000 0.082031
8 0.500000 0.291797 1.000000 0.082031
0 0.500000 0.401172 1.000000 0.082031
8 0.500000 0.375391 1.000000 0.082031
0 0.500000 0.484766 1.000000 0.082031
8 0.500000 0.458984 1.000000 0.082031
0 0.500000 0.568359 1.000000 0.082031
8 0.500000 0.542578 1.000000 0.082031
0 0.500000 0.651953 1.000000 0.082031
8 0.500000 0.626172 1.000000 0.082031
0 0.500000 0.735547 1.000000 0.082031
8 0.500000 0.709766 1.000000 0.082031
0 0.500000 0.819141 1.000000 0.082031
8 0.500000 0.793359 1.000000 0.082031
0 0.500000 0.898047 1.000000 0.072656
