0 0.500000 0.051546 1.000000 0.015620
4 0.500000 0.074039 1.000000 0.028116
0 0.188889 0.074039 0.304167 0.011559
4 0.500000 0.102780 1.000000 0.028116
0 0.188889 0.102780 0.304167 0.011559
0 0.372569 0.102780 0.014583 0.011559
0 0.500000 0.133005 1.000000 0.015776
0 0.285417 0.164792 0.497222 0.011559
6 0.760764 0.164870 0.404861 0.014839
0 0.217014 0.196813 0.360417 0.011559
6 0.692361 0.196892 0.541667 0.014839
0 0.217014 0.233365 0.360417 0.023743
6 0.692361 0.228913 0.541667 0.014839
0 0.217014 0.269759 0.360417 0.011559
6 0.692361 0.269838 0.541667 0.014839
0 0.217014 0.309435 0.360417 0.011559
6 0.692361 0.309513 0.541667 0.014839
0 0.217014 0.341456 0.360417 0.011559
6 0.692361 0.341534 0.541667 0.014839
3 0.068056 0.015308 0.136111 0.030615
3 0.941667 0.028429 0.116667 0.026242
0 0.261806 0.028429 0.173611 0.014683
