4 0.500000 0.552676 1.000000 0.894649
8 0.500000 0.128763 0.922222 0.046823
8 0.500000 0.094482 0.922222 0.093645
0 0.217361 0.185828 0.318056 0.035535
0 0.239583 0.217391 0.362500 0.027592
6 0.878472 0.199833 0.077778 0.046823
8 0.500000 0.188963 0.922222 0.093645
0 0.276389 0.294105 0.436111 0.035535
6 0.878472 0.294314 0.077778 0.046823
8 0.500000 0.365385 0.922222 0.046823
8 0.500000 0.331104 0.922222 0.093645
0 0.135069 0.436246 0.153472 0.035535
6 0.878472 0.436455 0.077778 0.046823
8 0.500000 0.425585 0.922222 0.093645
0 0.110069 0.530727 0.103472 0.035535
8 0.500000 0.520067 0.922222 0.093645
0 0.137847 0.625209 0.159028 0.035535
6 0.878472 0.625418 0.077778 0.046823
8 0.500000 0.614548 0.922222 0.093645
0 0.139583 0.719691 0.162500 0.035535
6 0.878472 0.719900 0.077778 0.046823
8 0.500000 0.709030 0.922222 0.093645
0 0.252778 0.814172 0.388889 0.035535
6 0.878472 0.814381 0.077778 0.046823
8 0.500000 0.803512 0.922222 0.093645
0 0.267014 0.908654 0.417361 0.035535
6 0.878472 0.908863 0.077778 0.046823
8 0.500000 0.978261 0.922222 0.043478
3 0.147917 0.035117 0.295833 0.070234
2 0.019444 0.070234 0.038889 0.023411
1 0.068750 0.070234 0.077778 0.046823
0 0.196875 0.070025 0.159028 0.035535
