4 0.500000 0.521875 1.000000 0.825000
8 0.500000 0.036719 1.000000 0.073438
1 0.059028 0.146094 0.058333 0.032813
0 0.235764 0.146094 0.120139 0.029687
8 0.500000 0.111719 1.000000 0.073438
1 0.059028 0.221094 0.058333 0.032813
0 0.309722 0.221094 0.268056 0.029687
8 0.500000 0.186719 1.000000 0.073438
1 0.059028 0.296094 0.058333 0.032813
0 0.361111 0.296094 0.370833 0.029687
8 0.500000 0.261719 1.000000 0.073438
1 0.059028 0.371094 0.058333 0.032813
0 0.293750 0.371094 0.236111 0.029687
8 0.500000 0.336719 1.000000 0.073438
1 0.059028 0.446094 0.058333 0.032813
0 0.317361 0.446094 0.283333 0.029687
8 0.500000 0.411719 1.000000 0.073438
1 0.059028 0.521094 0.058333 0.032813
0 0.350347 0.521094 0.349306 0.029687
8 0.500000 0.486719 1.000000 0.073438
1 0.059028 0.596094 0.058333 0.032813
0 0.336111 0.596094 0.320833 0.029687
0 0.485417 0.038086 0.679167 0.036328
3 0.068056 0.038281 0.136111 0.076563
