1 0.072917 0.081104 0.068056 0.091973
3 0.548611 0.081104 0.825000 0.091973
4 0.500000 0.564381 0.941667 0.871237
8 0.470833 0.040970 0.941667 0.081940
0 0.188542 0.169732 0.260417 0.081940
8 0.470833 0.123746 0.941667 0.081940
0 0.096875 0.252508 0.077083 0.027592
0 0.764931 0.252508 0.353472 0.046823
8 0.470833 0.206522 0.941667 0.081940
0 0.181597 0.335284 0.246528 0.027592
0 0.764931 0.335284 0.353472 0.046823
8 0.470833 0.289298 0.941667 0.081940
0 0.500000 0.418060 0.883333 0.027592
8 0.470833 0.372074 0.941667 0.081940
0 0.105556 0.500836 0.094444 0.027592
0 0.764931 0.500836 0.353472 0.046823
8 0.470833 0.454849 0.941667 0.081940
0 0.217361 0.583612 0.318056 0.081940
8 0.470833 0.537625 0.941667 0.081940
0 0.500000 0.666388 0.883333 0.027592
8 0.470833 0.620401 0.941667 0.081940
0 0.171181 0.749164 0.225694 0.027592
0 0.764931 0.749164 0.353472 0.046823
8 0.470833 0.703177 0.941667 0.081940
0 0.150694 0.831940 0.184722 0.027592
0 0.764931 0.831940 0.353472 0.046823
