3 0.500000 0.071488 0.194444 0.040970
0 0.500000 0.152383 1.000000 0.058946
3 0.500000 0.215928 1.000000 0.064799
0 0.500000 0.185828 1.000000 0.058946
3 0.500000 0.357651 1.000000 0.064799
0 0.500000 0.325878 1.000000 0.058946
3 0.500000 0.497701 1.000000 0.064799
0 0.500000 0.465928 1.000000 0.058946
3 0.500000 0.637751 1.000000 0.064799
0 0.500000 0.715928 1.000000 0.058946
3 0.500000 0.779473 1.000000 0.064799
0 0.500000 0.857651 1.000000 0.058946
4 0.100000 0.943980 0.190278 0.106187
1 0.099653 0.931856 0.085417 0.066054
0 0.099653 0.976798 0.109028 0.023829
4 0.300000 0.943980 0.190278 0.106187
1 0.299653 0.931856 0.085417 0.066054
0 0.300000 0.976798 0.063889 0.023829
4 0.500000 0.943980 0.190278 0.106187
1 0.499653 0.931856 0.085417 0.066054
0 0.500000 0.976798 0.077778 0.023829
4 0.700000 0.943980 0.190278 0.106187
1 0.699653 0.931856 0.085417 0.066054
0 0.699653 0.976798 0.124306 0.023829
4 0.900000 0.943980 0.190278 0.106187
1 0.899653 0.931856 0.085417 0.066054
0 0.900000 0.976798 0.109722 0.023829
