4 0.931944 0.071094 0.097222 0.054688
4 0.872569 0.318945 0.215972 0.030859
3 0.872569 0.318945 0.177083 0.022266
8 0.236458 0.050391 0.468750 0.098437
8 0.724653 0.050391 0.468750 0.098437
8 0.480556 0.041406 0.956944 0.025781
8 0.236458 0.114453 0.468750 0.098437
8 0.724653 0.114453 0.468750 0.098437
8 0.236458 0.223828 0.468750 0.098437
8 0.724653 0.223828 0.468750 0.098437
8 0.236458 0.333203 0.468750 0.098437
8 0.724653 0.333203 0.468750 0.098437
4 0.166667 0.896094 0.333333 0.076563
4 0.500000 0.896094 0.333333 0.076563
4 0.833333 0.896094 0.333333 0.076563
