4 0.500000 0.521875 1.000000 0.825000
8 0.500000 0.049609 1.000000 0.099219
1 0.088194 0.158984 0.116667 0.065625
0 0.234028 0.146094 0.116667 0.029687
0 0.491319 0.173828 0.631250 0.025781
8 0.500000 0.150391 1.000000 0.099219
0 0.105208 0.246875 0.132639 0.029687
0 0.244444 0.274609 0.411111 0.025781
8 0.500000 0.251172 1.000000 0.099219
0 0.098264 0.347656 0.118750 0.029687
0 0.302083 0.375391 0.526389 0.025781
8 0.500000 0.351953 1.000000 0.099219
0 0.101736 0.448437 0.125694 0.029687
0 0.261806 0.476172 0.445833 0.025781
8 0.500000 0.452734 1.000000 0.099219
0 0.148264 0.549219 0.218750 0.029687
0 0.245833 0.576953 0.413889 0.025781
8 0.500000 0.553516 1.000000 0.099219
0 0.149306 0.650000 0.220833 0.029687
0 0.271181 0.677734 0.464583 0.025781
8 0.500000 0.654297 1.000000 0.099219
0 0.125000 0.750781 0.172222 0.029687
0 0.344444 0.778516 0.611111 0.025781
8 0.500000 0.742188 1.000000 0.073438
0 0.190278 0.851562 0.302778 0.029687
8 0.500000 0.817187 1.000000 0.073438
0 0.226042 0.923047 0.374306 0.022656
3 0.068056 0.038281 0.136111 0.076563
0 0.235764 0.070898 0.179861 0.036328
