0 0.499653 0.075878 0.159028 0.035535
4 0.052083 0.076087 0.104167 0.081940
0 0.500000 0.032400 1.000000 0.064799
4 0.500000 0.212375 1.000000 0.061037
0 0.239931 0.030518 0.402083 0.031773
1 0.920833 0.212166 0.080556 0.020485
4 0.500000 0.273411 1.000000 0.061037
0 0.168056 0.030518 0.258333 0.031773
0 0.893403 0.273411 0.071528 0.031773
2 0.951389 0.273202 0.019444 0.022157
4 0.500000 0.334448 1.000000 0.061037
0 0.170139 0.030518 0.262500 0.031773
1 0.920833 0.334239 0.080556 0.020485
4 0.500000 0.395485 1.000000 0.061037
0 0.221181 0.030518 0.364583 0.031773
1 0.920833 0.395276 0.080556 0.020485
0 0.500000 0.341346 1.000000 0.064799
4 0.500000 0.521321 1.000000 0.061037
0 0.129861 0.030518 0.181944 0.031773
2 0.951389 0.030309 0.019444 0.022157
4 0.500000 0.582358 1.000000 0.061037
4 0.500000 0.653219 1.000000 0.080686
0 0.258681 0.040134 0.439583 0.031773
3 0.888194 0.653219 0.145833 0.051421
4 0.500000 0.724080 1.000000 0.061037
0 0.273958 0.030518 0.470139 0.031773
1 0.920833 0.723871 0.080556 0.020485
4 0.500000 0.785117 1.000000 0.061037
0 0.236111 0.030518 0.394444 0.031773
1 0.920833 0.784908 0.080556 0.020485
4 0.500000 0.846154 1.000000 0.061037
0 0.226389 0.030518 0.375000 0.031773
1 0.920833 0.845945 0.080556 0.020485
4 0.500000 0.907191 1.000000 0.061037
0 0.185764 0.907191 0.293750 0.031773
4 0.500000 0.968227 1.000000 0.061037
0 0.118750 0.968227 0.159722 0.031773
