0 0.227431 0.149414 0.377083 0.036328
3 0.147917 0.211328 0.218056 0.065625
0 0.255903 0.296680 0.434028 0.036328
5 0.500000 0.347461 0.922222 0.043359
0 0.500000 0.340625 0.922222 0.029687
0 0.249653 0.408008 0.421528 0.036328
5 0.500000 0.458789 0.922222 0.043359
0 0.500000 0.451953 0.922222 0.029687
0 0.162153 0.519336 0.246528 0.036328
5 0.500000 0.570117 0.922222 0.043359
0 0.500000 0.563281 0.922222 0.029687
0 0.322222 0.630664 0.566667 0.036328
5 0.500000 0.681445 0.922222 0.043359
0 0.500000 0.674609 0.922222 0.029687
0 0.115972 0.762695 0.154167 0.036328
6 0.166319 0.813672 0.254861 0.043750
3 0.221181 0.908984 0.364583 0.050781
0 0.235764 0.070898 0.179861 0.036328
3 0.068056 0.038281 0.136111 0.076563
