5 0.500000 0.148829 0.951389 0.057692
5 0.500000 0.206522 0.951389 0.057692
4 0.500000 0.617684 0.951389 0.764632
8 0.500000 0.270485 0.951389 0.070234
8 0.500000 0.341555 0.951389 0.070234
8 0.500000 0.412625 0.951389 0.070234
8 0.500000 0.483696 0.951389 0.070234
8 0.500000 0.554766 0.951389 0.070234
8 0.500000 0.625836 0.951389 0.070234
8 0.500000 0.696906 0.951389 0.070234
8 0.500000 0.767977 0.951389 0.070234
8 0.500000 0.839047 0.951389 0.070234
8 0.500000 0.910117 0.951389 0.070234
8 0.500000 0.973035 0.951389 0.053930
4 0.265278 0.035117 0.490278 0.070234
1 0.068750 0.070234 0.077778 0.046823
0 0.304167 0.070025 0.373611 0.035535
3 0.892708 0.070234 0.214583 0.070234
