4 0.500000 0.521875 1.000000 0.825000
8 0.500000 0.148633 1.000000 0.078516
8 0.500000 0.122266 1.000000 0.087500
0 0.106250 0.231445 0.134722 0.026172
8 0.500000 0.275586 1.000000 0.000391
8 0.500000 0.210156 1.000000 0.087500
0 0.164583 0.319336 0.251389 0.026172
8 0.500000 0.363477 1.000000 0.000391
8 0.500000 0.298047 1.000000 0.087500
0 0.157639 0.407227 0.237500 0.026172
8 0.500000 0.451367 1.000000 0.000391
8 0.500000 0.385937 1.000000 0.087500
0 0.245486 0.495117 0.413194 0.026172
8 0.500000 0.539258 1.000000 0.000391
8 0.500000 0.473828 1.000000 0.087500
0 0.231597 0.583008 0.385417 0.026172
6 0.922222 0.583203 0.077778 0.043750
8 0.500000 0.666211 1.000000 0.078516
8 0.500000 0.639844 1.000000 0.087500
0 0.252778 0.749023 0.427778 0.026172
6 0.922222 0.749219 0.077778 0.043750
8 0.500000 0.727344 1.000000 0.087500
0 0.231597 0.836523 0.385417 0.026172
6 0.922222 0.836719 0.077778 0.043750
8 0.500000 0.907422 1.000000 0.053906
3 0.068056 0.038281 0.136111 0.076563
1 0.038889 0.038281 0.077778 0.043750
