4 0.072917 0.066992 0.145833 0.068359
1 0.060417 0.033984 0.058333 0.032813
4 0.145486 0.066992 0.290972 0.068359
0 0.194097 0.066797 0.145139 0.029687
1 0.499653 0.203711 0.315972 0.177734
1 0.613889 0.260937 0.087500 0.049219
5 0.499653 0.329883 0.607639 0.047266
5 0.499653 0.373437 0.607639 0.039844
4 0.500000 0.448047 1.000000 0.082031
1 0.085069 0.447852 0.072917 0.041016
0 0.567361 0.448047 0.816667 0.029687
4 0.500000 0.530078 1.000000 0.082031
1 0.048264 0.027148 0.072917 0.041016
0 0.567361 0.530078 0.816667 0.029687
4 0.500000 0.612109 1.000000 0.082031
0 0.567361 0.612109 0.816667 0.029687
4 0.500000 0.694141 1.000000 0.082031
0 0.567361 0.694141 0.816667 0.029687
4 0.500000 0.776172 1.000000 0.082031
0 0.567361 0.776172 0.816667 0.029687
4 0.500000 0.858203 1.000000 0.082031
2 0.048264 0.027344 0.043750 0.016406
0 0.567361 0.858203 0.816667 0.029687
4 0.500000 0.916797 1.000000 0.035156
0 0.567361 0.929883 0.816667 0.008984
