4 0.500000 0.521875 1.000000 0.825000
8 0.500000 0.021680 1.000000 0.043359
0 0.139583 0.120117 0.201389 0.021484
8 0.500000 0.178125 1.000000 0.047656
8 0.500000 0.143750 1.000000 0.099219
0 0.093056 0.240234 0.108333 0.029687
0 0.189583 0.267969 0.301389 0.025781
8 0.500000 0.244531 1.000000 0.099219
0 0.118056 0.341016 0.158333 0.029687
0 0.144792 0.368750 0.211806 0.025781
8 0.500000 0.345313 1.000000 0.099219
0 0.182986 0.441797 0.288194 0.029687
0 0.144792 0.469531 0.211806 0.025781
8 0.500000 0.433203 1.000000 0.073438
0 0.130903 0.542578 0.184028 0.029687
6 0.922222 0.542578 0.077778 0.043750
8 0.500000 0.521094 1.000000 0.099219
0 0.155208 0.617578 0.232639 0.029687
0 0.075000 0.645312 0.072222 0.025781
8 0.500000 0.705469 1.000000 0.047656
8 0.500000 0.671094 1.000000 0.099219
0 0.093056 0.767578 0.108333 0.029687
0 0.241667 0.795312 0.405556 0.025781
8 0.500000 0.771875 1.000000 0.099219
0 0.118056 0.868359 0.158333 0.029687
0 0.144792 0.896094 0.211806 0.025781
8 0.500000 0.872656 1.000000 0.099219
0 0.262847 0.070898 0.447917 0.036328
