0 0.115257 0.069540 0.078248 0.035632
3 0.029607 0.037548 0.059215 0.075096
3 0.021148 0.037548 0.042296 0.064368
7 0.074471 0.032184 0.148943 0.064368
0 0.053172 0.139464 0.106344 0.025287
7 0.247583 0.032184 0.197281 0.064368
0 0.217674 0.139464 0.171903 0.025287
7 0.412991 0.032184 0.133535 0.064368
0 0.382024 0.139464 0.106042 0.025287
8 0.652568 0.372414 0.435045 0.744828
4 0.217523 0.544061 0.435045 0.744828
8 0.217523 0.195019 0.435045 0.046743
8 0.217523 0.084291 0.435045 0.072031
0 0.092447 0.255939 0.151057 0.029119
6 0.401208 0.255939 0.033837 0.042912
8 0.217523 0.170498 0.435045 0.097318
0 0.063746 0.329502 0.093656 0.029119
0 0.151511 0.356705 0.269184 0.025287
8 0.217523 0.269349 0.435045 0.097318
0 0.102115 0.428352 0.170393 0.029119
0 0.171299 0.455556 0.308761 0.025287
8 0.217523 0.368199 0.435045 0.097318
0 0.103323 0.527203 0.172810 0.029119
0 0.161027 0.554406 0.288218 0.025287
8 0.217523 0.613410 0.435045 0.046743
8 0.217523 0.515326 0.435045 0.097318
0 0.078852 0.674330 0.123867 0.029119
0 0.056647 0.701533 0.079456 0.025287
8 0.217523 0.614176 0.435045 0.097318
0 0.093202 0.773180 0.152568 0.029119
0 0.146073 0.800383 0.258308 0.025287
8 0.217523 0.713027 0.435045 0.097318
0 0.089577 0.872031 0.145317 0.029119
0 0.099849 0.899234 0.165861 0.025287
