4 0.500000 0.521875 1.000000 0.825000
8 0.500000 0.036719 1.000000 0.073438
0 0.209375 0.146094 0.340972 0.029687
8 0.500000 0.111719 1.000000 0.073438
0 0.147917 0.221094 0.218056 0.029687
8 0.500000 0.186719 1.000000 0.073438
0 0.139583 0.296094 0.201389 0.029687
8 0.500000 0.274609 1.000000 0.099219
0 0.132292 0.371094 0.186806 0.029687
0 0.238542 0.398828 0.399306 0.025781
8 0.500000 0.375391 1.000000 0.099219
0 0.169097 0.471875 0.260417 0.029687
0 0.391319 0.499609 0.704861 0.025781
8 0.500000 0.559766 1.000000 0.047656
8 0.500000 0.525391 1.000000 0.099219
0 0.243750 0.621875 0.409722 0.029687
0 0.371181 0.649609 0.664583 0.025781
8 0.500000 0.626172 1.000000 0.099219
0 0.231597 0.722656 0.385417 0.029687
0 0.362153 0.750391 0.646528 0.025781
8 0.500000 0.726953 1.000000 0.099219
0 0.176736 0.823438 0.275694 0.029687
0 0.470486 0.851172 0.863194 0.025781
8 0.500000 0.910937 1.000000 0.046875
0 0.421875 0.070898 0.493750 0.036328
3 0.068056 0.038281 0.136111 0.076563
