3 0.853125 0.071094 0.254861 0.065625
0 0.221181 0.070898 0.150694 0.036328
3 0.068056 0.038281 0.136111 0.076563
0 0.269792 0.142383 0.461806 0.022266
0 0.052431 0.186914 0.027083 0.031641
0 0.100694 0.184570 0.059722 0.040234
0 0.337153 0.183594 0.129861 0.027344
0 0.463889 0.183594 0.084722 0.027344
0 0.155556 0.262891 0.233333 0.025781
0 0.313194 0.262891 0.081944 0.025781
0 0.155556 0.299609 0.233333 0.025781
0 0.391667 0.299609 0.238889 0.025781
0 0.155556 0.336328 0.233333 0.025781
0 0.616667 0.336328 0.688889 0.025781
3 0.359722 0.371289 0.641667 0.022266
3 0.499653 0.456250 0.571528 0.065625
