4 0.068056 0.038281 0.136111 0.076563
4 0.500000 0.521875 1.000000 0.825000
8 0.500000 0.133203 1.000000 0.047656
8 0.500000 0.098828 1.000000 0.099219
0 0.197222 0.195312 0.316667 0.029687
0 0.276736 0.223047 0.475694 0.025781
6 0.903472 0.208008 0.115278 0.037109
8 0.500000 0.283203 1.000000 0.047656
8 0.500000 0.293359 1.000000 0.188281
0 0.202083 0.345313 0.326389 0.029687
0 0.422917 0.417578 0.768056 0.114844
6 0.903472 0.402539 0.115278 0.037109
8 0.500000 0.460938 1.000000 0.143750
0 0.188889 0.535156 0.300000 0.029687
0 0.422917 0.585156 0.768056 0.070312
6 0.903472 0.570117 0.115278 0.037109
8 0.500000 0.583984 1.000000 0.099219
0 0.194444 0.680469 0.311111 0.029687
0 0.334722 0.708203 0.591667 0.025781
6 0.903472 0.693164 0.115278 0.037109
8 0.500000 0.768359 1.000000 0.047656
8 0.500000 0.745117 1.000000 0.121484
0 0.188889 0.830469 0.300000 0.029687
0 0.422917 0.869336 0.768056 0.048047
6 0.903472 0.854492 0.115278 0.037109
8 0.500000 0.868164 1.000000 0.121484
