3 0.096875 0.071094 0.193750 0.076563
0 0.500347 0.071094 0.199306 0.043750
3 0.898958 0.071094 0.202083 0.076563
4 0.500000 0.168164 1.000000 0.117578
0 0.101042 0.142969 0.104861 0.039844
5 0.500000 0.183789 0.902778 0.027734
4 0.500000 0.285742 1.000000 0.117578
0 0.152431 0.260547 0.207639 0.039844
5 0.500000 0.301367 0.902778 0.027734
4 0.500000 0.403516 1.000000 0.117969
0 0.190972 0.378125 0.284722 0.039844
5 0.500000 0.418945 0.902778 0.027734
0 0.177778 0.521484 0.258333 0.039844
6 0.756944 0.521484 0.388889 0.045312
3 0.659722 0.521484 0.194444 0.045312
3 0.854167 0.521484 0.194444 0.045312
4 0.500000 0.639453 1.000000 0.117969
0 0.181944 0.639453 0.266667 0.039844
0 0.830556 0.639258 0.241667 0.022266
4 0.500000 0.737695 1.000000 0.078516
0 0.104861 0.737695 0.112500 0.032422
0 0.233333 0.737500 0.119444 0.031250
0 0.879514 0.737500 0.143750 0.025781
4 0.500000 0.816211 1.000000 0.078516
0 0.098611 0.816211 0.100000 0.032422
0 0.262500 0.816016 0.202778 0.031250
0 0.879514 0.816016 0.143750 0.025781
4 0.500000 0.894922 1.000000 0.078906
0 0.093403 0.894727 0.089583 0.032422
0 0.239931 0.894922 0.178472 0.031250
0 0.879514 0.894922 0.143750 0.025781
