0 0.264931 0.070898 0.179861 0.036328
3 0.068056 0.038281 0.136111 0.076563
4 0.500000 0.153125 0.941667 0.087500
0 0.500000 0.153125 0.883333 0.029687
4 0.500000 0.241016 0.941667 0.087500
0 0.500000 0.241016 0.883333 0.029687
4 0.500000 0.328906 0.941667 0.087500
0 0.500000 0.328906 0.883333 0.029687
4 0.500000 0.416797 0.941667 0.087500
0 0.500000 0.416797 0.883333 0.029687
4 0.500000 0.504687 0.941667 0.087500
0 0.500000 0.504687 0.883333 0.029687
0 0.500000 0.854883 1.000000 0.022266
3 0.500000 0.034180 1.000000 0.068359
