4 0.500000 0.521875 1.000000 0.825000
8 0.500000 0.036328 1.000000 0.072656
0 0.192708 0.121875 0.307639 0.025000
0 0.149653 0.147266 0.221528 0.025781
6 0.903472 0.132227 0.115278 0.037109
8 0.500000 0.110937 1.000000 0.073438
0 0.236458 0.220312 0.395139 0.029687
6 0.903472 0.220117 0.115278 0.037109
8 0.500000 0.185938 1.000000 0.073438
0 0.198264 0.295312 0.318750 0.029687
6 0.903472 0.295117 0.115278 0.037109
8 0.500000 0.260937 1.000000 0.073438
0 0.190972 0.370312 0.304167 0.029687
6 0.903472 0.370117 0.115278 0.037109
8 0.500000 0.348828 1.000000 0.099219
0 0.225347 0.445312 0.372917 0.029687
0 0.062500 0.473047 0.047222 0.025781
8 0.500000 0.436719 1.000000 0.073438
0 0.226389 0.546094 0.375000 0.029687
8 0.500000 0.524609 1.000000 0.099219
0 0.202778 0.621094 0.327778 0.029687
0 0.079861 0.648828 0.081944 0.025781
8 0.500000 0.708984 1.000000 0.047656
8 0.500000 0.674609 1.000000 0.099219
0 0.168750 0.771094 0.259722 0.029687
0 0.336458 0.798828 0.595139 0.025781
6 0.903472 0.783789 0.115278 0.037109
8 0.500000 0.775391 1.000000 0.099219
0 0.177431 0.871875 0.277083 0.029687
0 0.062500 0.899609 0.047222 0.025781
0 0.177431 0.070898 0.277083 0.036328
