0 0.229514 0.070898 0.167361 0.036328
3 0.068056 0.038281 0.136111 0.076563
3 0.941667 0.071094 0.116667 0.065625
4 0.500000 0.521875 1.000000 0.825000
8 0.500000 0.049414 1.000000 0.098828
0 0.199653 0.143750 0.321528 0.029687
0 0.071181 0.175000 0.064583 0.025781
1 0.922222 0.158594 0.058333 0.032813
8 0.500000 0.186914 1.000000 0.174609
0 0.183681 0.243359 0.289583 0.029687
0 0.519444 0.338867 0.961111 0.048047
8 0.500000 0.324414 1.000000 0.098828
0 0.143403 0.418750 0.209028 0.029687
8 0.500000 0.424023 1.000000 0.098828
0 0.173958 0.518359 0.270139 0.029687
