1 0.150000 0.080477 0.300000 0.160953
0 0.459722 0.185828 0.222222 0.035535
4 0.500000 0.597199 1.000000 0.661789
8 0.500000 0.046823 0.922222 0.093645
0 0.135417 0.299122 0.119444 0.035535
0 0.131597 0.330686 0.111806 0.027592
8 0.500000 0.141304 0.922222 0.093645
0 0.203472 0.407400 0.255556 0.035535
8 0.500000 0.235786 0.922222 0.093645
3 0.187500 0.501881 0.223611 0.035535
3 0.434028 0.501881 0.244444 0.035535
6 0.897917 0.502090 0.077778 0.046823
4 0.500000 0.964047 1.000000 0.071906
0 0.261806 0.035744 0.401389 0.035535
1 0.700694 0.035953 0.476389 0.040970
3 0.207292 0.035117 0.414583 0.070234
2 0.009028 0.070234 0.018056 0.020903
2 0.009375 0.070443 0.000694 0.000418
0 0.207292 0.070025 0.375694 0.035535
