4 0.500000 0.552676 1.000000 0.894649
8 0.500000 0.046823 0.922222 0.093645
0 0.234375 0.138169 0.352083 0.035535
0 0.485069 0.169732 0.853472 0.027592
8 0.500000 0.141304 0.922222 0.093645
0 0.259375 0.232651 0.402083 0.035535
0 0.441319 0.264214 0.765972 0.027592
8 0.500000 0.235786 0.922222 0.093645
0 0.276736 0.327132 0.436806 0.035535
0 0.381597 0.358696 0.646528 0.027592
8 0.500000 0.335702 0.922222 0.104515
0 0.258681 0.415343 0.400694 0.035535
0 0.429514 0.458821 0.742361 0.051421
6 0.878472 0.441054 0.077778 0.046823
8 0.500000 0.435619 0.922222 0.093645
0 0.312847 0.540761 0.509028 0.035535
8 0.500000 0.530100 0.922222 0.093645
0 0.289583 0.635242 0.462500 0.035535
8 0.500000 0.624582 0.922222 0.093645
0 0.155208 0.729724 0.193750 0.035535
4 0.157986 0.035117 0.275694 0.070234
1 0.068750 0.070234 0.077778 0.046823
0 0.196875 0.070025 0.159028 0.035535
