0 0.184576 0.384293 0.111842 0.076739
3 0.429094 0.363909 0.350877 0.100719
0 0.189327 0.473022 0.121345 0.100719
5 0.593567 0.441547 0.660819 0.037770
0 0.268640 0.580635 0.279971 0.086930
6 0.505117 0.556954 0.166667 0.067146
0 0.243787 0.688849 0.230263 0.093525
5 0.632675 0.660072 0.521199 0.050360
0 0.470395 0.660072 0.196637 0.045564
0 0.256944 0.811151 0.230263 0.093525
5 0.526681 0.782374 0.282895 0.050360
0 0.452851 0.782374 0.135234 0.045564
0 0.256944 0.911871 0.230263 0.093525
5 0.546053 0.883094 0.321637 0.050360
0 0.451754 0.883094 0.133041 0.045564
6 0.500365 0.995204 0.743421 0.009592
