4 0.500000 0.521875 1.000000 0.825000
8 0.500000 0.133203 1.000000 0.047656
8 0.500000 0.098828 1.000000 0.099219
0 0.144792 0.195312 0.211806 0.029687
0 0.255208 0.223047 0.432639 0.025781
8 0.500000 0.283203 1.000000 0.047656
8 0.500000 0.235937 1.000000 0.073438
0 0.257292 0.345313 0.436806 0.029687
8 0.500000 0.334961 1.000000 0.121484
0 0.275694 0.420312 0.473611 0.029687
0 0.500000 0.459180 0.922222 0.048047
8 0.500000 0.530469 1.000000 0.047656
8 0.500000 0.483203 1.000000 0.073438
0 0.197917 0.592578 0.318056 0.029687
8 0.500000 0.558203 1.000000 0.073438
0 0.100347 0.667578 0.122917 0.029687
6 0.903472 0.667383 0.115278 0.037109
8 0.500000 0.633203 1.000000 0.073438
0 0.225694 0.742578 0.373611 0.029687
6 0.903472 0.742383 0.115278 0.037109
0 0.398264 0.070898 0.446528 0.036328
3 0.068056 0.038281 0.136111 0.076563
