0 0.500000 0.141016 1.000000 0.063281
4 0.500000 0.049219 1.000000 0.098437
1 0.068056 0.221875 0.058333 0.032813
0 0.218056 0.221094 0.086111 0.029687
4 0.500000 0.147656 1.000000 0.098437
1 0.068056 0.320312 0.058333 0.032813
0 0.258333 0.319531 0.166667 0.029687
4 0.500000 0.246094 1.000000 0.098437
1 0.068056 0.418750 0.058333 0.032813
0 0.272222 0.417969 0.194444 0.029687
4 0.500000 0.344531 1.000000 0.098437
1 0.068056 0.517188 0.058333 0.032813
0 0.219792 0.516406 0.089583 0.029687
0 0.500000 0.610156 1.000000 0.065625
1 0.068056 0.692187 0.058333 0.032813
0 0.238194 0.691406 0.126389 0.029687
1 0.068056 0.790625 0.058333 0.032813
0 0.349306 0.789844 0.348611 0.029687
1 0.068056 0.889062 0.058333 0.032813
0 0.219444 0.888281 0.088889 0.029687
3 0.941667 0.071094 0.116667 0.065625
0 0.128819 0.070898 0.179861 0.036328
