4 0.500000 0.558528 1.000000 0.882943
8 0.500000 0.142559 1.000000 0.051003
8 0.500000 0.105769 1.000000 0.106187
0 0.131597 0.209030 0.185417 0.031773
0 0.279514 0.238712 0.481250 0.027592
8 0.500000 0.303094 1.000000 0.051003
8 0.500000 0.266304 1.000000 0.106187
0 0.186806 0.369565 0.295833 0.031773
0 0.156597 0.399247 0.235417 0.027592
8 0.500000 0.463629 1.000000 0.051003
8 0.500000 0.426839 1.000000 0.106187
0 0.161458 0.530100 0.245139 0.031773
0 0.169792 0.559783 0.261806 0.027592
8 0.500000 0.534699 1.000000 0.106187
0 0.182639 0.637960 0.287500 0.031773
0 0.164236 0.667642 0.250694 0.027592
8 0.500000 0.642559 1.000000 0.106187
0 0.159375 0.745819 0.240972 0.031773
0 0.193750 0.775502 0.309722 0.027592
8 0.500000 0.750418 1.000000 0.106187
0 0.143403 0.853679 0.209028 0.031773
0 0.178472 0.883361 0.279167 0.027592
8 0.500000 0.858278 1.000000 0.106187
0 0.118750 0.961538 0.159722 0.031773
0 0.154861 0.988712 0.231944 0.022575
0 0.250347 0.075878 0.422917 0.038880
