4 0.087500 0.177258 0.116667 0.070234
0 0.823264 0.158236 0.295139 0.035535
0 0.403472 0.158236 0.486111 0.035535
0 0.565625 0.191263 0.810417 0.041388
4 0.500000 0.381271 1.000000 0.282609
8 0.500000 0.046823 1.000000 0.093645
1 0.077778 0.286789 0.116667 0.070234
0 0.291319 0.286580 0.271528 0.035535
8 0.500000 0.141304 1.000000 0.093645
1 0.077778 0.381271 0.116667 0.070234
0 0.235069 0.381062 0.159028 0.035535
8 0.500000 0.235786 1.000000 0.093645
1 0.077778 0.475753 0.116667 0.070234
0 0.193750 0.475543 0.076389 0.035535
3 0.493403 0.586957 0.247917 0.070234
0 0.359028 0.656982 0.669444 0.029682
6 0.834722 0.657191 0.233333 0.040970
3 0.045139 0.035117 0.090278 0.070234
1 0.045139 0.070443 0.090278 0.043896
0 0.500000 0.070025 0.316667 0.038880
