4 0.500000 0.521875 1.000000 0.825000
8 0.500000 0.049609 1.000000 0.099219
0 0.178472 0.146094 0.279167 0.029687
0 0.111111 0.173828 0.144444 0.025781
8 0.500000 0.150391 1.000000 0.099219
0 0.163194 0.246875 0.248611 0.029687
0 0.093403 0.274609 0.109028 0.025781
8 0.500000 0.251172 1.000000 0.099219
0 0.158333 0.347656 0.238889 0.029687
0 0.160069 0.375391 0.242361 0.025781
8 0.500000 0.351953 1.000000 0.099219
0 0.077431 0.448437 0.077083 0.029687
0 0.212500 0.476172 0.347222 0.025781
8 0.500000 0.452734 1.000000 0.099219
0 0.102778 0.549219 0.127778 0.029687
0 0.112500 0.576953 0.147222 0.025781
8 0.500000 0.553516 1.000000 0.099219
0 0.124306 0.650000 0.170833 0.029687
0 0.095139 0.677734 0.112500 0.025781
8 0.500000 0.654297 1.000000 0.099219
0 0.090278 0.750781 0.102778 0.029687
0 0.181250 0.778516 0.284722 0.025781
3 0.068056 0.038281 0.136111 0.076563
0 0.282292 0.070898 0.272917 0.036328
