0 0.235764 0.070898 0.179861 0.036328
3 0.068056 0.038281 0.136111 0.076563
4 0.500000 0.521875 1.000000 0.825000
8 0.500000 0.133203 1.000000 0.047656
8 0.500000 0.098828 1.000000 0.099219
0 0.146528 0.195312 0.215278 0.029687
0 0.435069 0.223047 0.792361 0.025781
8 0.500000 0.206641 1.000000 0.113281
0 0.241667 0.290625 0.405556 0.029687
0 0.461111 0.332227 0.844444 0.048047
6 0.936806 0.316016 0.077778 0.043750
8 0.500000 0.398047 1.000000 0.047656
8 0.500000 0.359570 1.000000 0.091016
0 0.137847 0.454688 0.197917 0.029687
0 0.427778 0.485156 0.777778 0.025781
6 0.936806 0.468750 0.077778 0.043750
8 0.500000 0.452148 1.000000 0.091016
0 0.204861 0.547266 0.331944 0.029687
0 0.415972 0.577734 0.754167 0.025781
6 0.936806 0.561328 0.077778 0.043750
8 0.500000 0.544727 1.000000 0.091016
0 0.143403 0.639844 0.209028 0.029687
0 0.332292 0.670312 0.586806 0.025781
6 0.936806 0.653906 0.077778 0.043750
8 0.500000 0.637305 1.000000 0.091016
0 0.156944 0.732422 0.236111 0.029687
0 0.281250 0.762891 0.484722 0.025781
8 0.500000 0.729883 1.000000 0.091016
0 0.150347 0.825000 0.222917 0.029687
0 0.275000 0.855469 0.472222 0.025781
8 0.500000 0.822461 1.000000 0.091016
0 0.200347 0.917578 0.322917 0.029687
6 0.936806 0.922070 0.077778 0.024609
