0 0.500000 0.066681 0.145833 0.028010
1 0.057986 0.066681 0.115972 0.063127
0 0.134375 0.128763 0.140972 0.026756
4 0.500000 0.203595 1.000000 0.087793
0 0.108333 0.203386 0.143056 0.028010
1 0.955903 0.203386 0.088194 0.060619
0 0.843750 0.203386 0.136111 0.024666
4 0.500000 0.291388 1.000000 0.087793
0 0.122569 0.291179 0.171528 0.028010
1 0.955903 0.291179 0.088194 0.060619
0 0.856944 0.291179 0.109722 0.024666
4 0.500000 0.379181 1.000000 0.087793
0 0.184028 0.378972 0.294444 0.028010
1 0.955903 0.378972 0.088194 0.060619
0 0.133333 0.453595 0.138889 0.026756
4 0.500000 0.528428 1.000000 0.087793
0 0.179861 0.528219 0.286111 0.028010
1 0.955903 0.528219 0.088194 0.060619
4 0.500000 0.616221 1.000000 0.087793
0 0.151736 0.616012 0.229861 0.028010
1 0.955903 0.616012 0.088194 0.060619
4 0.500000 0.704013 1.000000 0.087793
0 0.132986 0.703804 0.192361 0.028010
1 0.955903 0.703804 0.088194 0.060619
4 0.500000 0.853261 1.000000 0.087793
0 0.108681 0.853052 0.143750 0.028010
0 0.500000 0.960911 0.361111 0.028010
