0 0.500000 0.224219 0.873611 0.074219
1 0.055208 0.022266 0.046528 0.027344
0 0.299306 0.301563 0.251389 0.033594
6 0.841667 0.301563 0.126389 0.044531
1 0.055208 0.040234 0.046528 0.027344
0 0.260417 0.382422 0.173611 0.033594
6 0.841667 0.382422 0.126389 0.044531
1 0.048958 0.044727 0.034028 0.025391
0 0.297569 0.467578 0.242361 0.033594
6 0.841667 0.467773 0.126389 0.053516
2 0.048611 0.044727 0.033333 0.019922
0 0.291319 0.557422 0.231250 0.033594
6 0.841667 0.557617 0.126389 0.053516
2 0.048264 0.044727 0.032639 0.019141
0 0.276389 0.647266 0.202778 0.033594
6 0.841667 0.647461 0.126389 0.053516
3 0.500000 0.736328 0.275000 0.069531
