4 0.500000 0.500000 1.000000 1.000000
8 0.500000 0.023411 0.922222 0.046823
8 0.500000 0.094482 0.922222 0.093645
0 0.184375 0.080477 0.252083 0.035535
0 0.113194 0.112040 0.109722 0.027592
8 0.500000 0.165552 0.922222 0.046823
8 0.500000 0.236622 0.922222 0.093645
0 0.186806 0.222617 0.256944 0.035535
0 0.162847 0.254181 0.209028 0.027592
8 0.500000 0.331104 0.922222 0.093645
0 0.165972 0.317099 0.215278 0.035535
0 0.120486 0.348662 0.124306 0.027592
8 0.500000 0.402174 0.922222 0.046823
8 0.500000 0.473244 0.922222 0.093645
0 0.145486 0.473035 0.174306 0.035535
6 0.878472 0.473244 0.077778 0.046823
8 0.500000 0.544314 0.922222 0.046823
8 0.500000 0.631480 0.922222 0.125836
