0 0.500000 0.052885 0.980556 0.033863
4 0.500000 0.535953 1.000000 0.928094
8 0.500000 0.046823 1.000000 0.093645
0 0.153472 0.118520 0.233333 0.043060
8 0.500000 0.141304 1.000000 0.093645
0 0.230556 0.199206 0.387500 0.043060
0 0.354514 0.234532 0.635417 0.027592
8 0.500000 0.235786 1.000000 0.093645
0 0.165972 0.307483 0.258333 0.043060
8 0.500000 0.330268 1.000000 0.093645
0 0.178819 0.401965 0.284028 0.043060
8 0.500000 0.433946 1.000000 0.112040
0 0.228472 0.480142 0.383333 0.043060
0 0.498958 0.527383 0.924306 0.051421
8 0.500000 0.537625 1.000000 0.093645
0 0.123264 0.595527 0.172917 0.043060
0 0.428472 0.630853 0.783333 0.027592
8 0.500000 0.641304 1.000000 0.112040
0 0.140278 0.687500 0.206944 0.043060
0 0.498958 0.734741 0.924306 0.051421
8 0.500000 0.754181 1.000000 0.112040
0 0.132292 0.800376 0.190972 0.043060
0 0.498958 0.847617 0.924306 0.051421
8 0.500000 0.857860 1.000000 0.093645
0 0.122917 0.915761 0.172222 0.043060
0 0.410069 0.951087 0.746528 0.027592
8 0.500000 0.952759 1.000000 0.094482
0 0.243056 0.993102 0.412500 0.013796
