4 0.500000 0.521875 1.000000 0.825000
8 0.500000 0.133203 1.000000 0.047656
8 0.500000 0.098828 1.000000 0.099219
0 0.187847 0.195312 0.297917 0.029687
0 0.313542 0.223047 0.549306 0.025781
8 0.500000 0.283203 1.000000 0.047656
8 0.500000 0.248828 1.000000 0.099219
0 0.160069 0.345313 0.242361 0.029687
0 0.309722 0.373047 0.541667 0.025781
8 0.500000 0.349609 1.000000 0.099219
0 0.188542 0.446094 0.299306 0.029687
0 0.413889 0.473828 0.750000 0.025781
8 0.500000 0.533984 1.000000 0.047656
8 0.500000 0.499609 1.000000 0.099219
0 0.140972 0.596094 0.204167 0.029687
0 0.442708 0.623828 0.807639 0.025781
8 0.500000 0.600391 1.000000 0.099219
0 0.178125 0.696875 0.278472 0.029687
0 0.380556 0.724609 0.683333 0.025781
8 0.500000 0.784766 1.000000 0.047656
8 0.500000 0.750391 1.000000 0.099219
0 0.144097 0.846875 0.210417 0.029687
0 0.109375 0.874609 0.140972 0.025781
8 0.500000 0.851172 1.000000 0.099219
0 0.206250 0.933594 0.334722 0.001563
0 0.241667 0.070898 0.191667 0.036328
3 0.068056 0.038281 0.136111 0.076563
3 0.941667 0.071094 0.116667 0.065625
