3 0.500000 0.888477 0.961111 0.069922
8 0.500000 0.006445 1.000000 0.012891
8 0.500000 0.209961 1.000000 0.045703
4 0.062847 0.209961 0.047917 0.026953
3 0.906597 0.209961 0.109028 0.044141
3 0.469444 0.209961 0.726389 0.045703
8 0.500000 0.257227 1.000000 0.045703
4 0.062847 0.257227 0.047917 0.026953
3 0.906597 0.257227 0.109028 0.044141
3 0.469444 0.257227 0.726389 0.045703
8 0.500000 0.304492 1.000000 0.045703
4 0.062847 0.304492 0.047917 0.026953
3 0.912153 0.304492 0.097917 0.044141
3 0.475000 0.304492 0.737500 0.045703
8 0.500000 0.415039 1.000000 0.045703
4 0.062500 0.414844 0.047222 0.026562
3 0.906597 0.415039 0.109028 0.044141
3 0.469097 0.415039 0.727083 0.045703
8 0.500000 0.462305 1.000000 0.045703
4 0.062500 0.462109 0.047222 0.026562
3 0.906597 0.462305 0.109028 0.044141
3 0.469097 0.462305 0.727083 0.045703
8 0.500000 0.509570 1.000000 0.045703
4 0.062500 0.509375 0.047222 0.026562
3 0.906597 0.509570 0.109028 0.044141
3 0.469097 0.509570 0.727083 0.045703
8 0.500000 0.556836 1.000000 0.045703
4 0.062500 0.556641 0.047222 0.026562
3 0.906597 0.556836 0.109028 0.044141
3 0.469097 0.556836 0.727083 0.045703
8 0.500000 0.610352 1.000000 0.058203
8 0.500000 0.663867 1.000000 0.045703
8 0.500000 0.717383 1.000000 0.058203
8 0.500000 0.685156 1.000000 0.092969
1 0.082639 0.794531 0.126389 0.071094
1 0.897917 0.794531 0.126389 0.071094
0 0.242014 0.070898 0.192361 0.030859
3 0.068056 0.038281 0.136111 0.076563
