0 0.257986 0.070898 0.224306 0.036328
3 0.068056 0.035547 0.136111 0.071094
4 0.500000 0.521875 1.000000 0.825000
8 0.500000 0.133203 1.000000 0.047656
8 0.500000 0.085938 1.000000 0.073438
0 0.223611 0.195312 0.369444 0.029687
6 0.903472 0.195117 0.115278 0.037109
8 0.500000 0.257422 1.000000 0.047656
8 0.500000 0.210156 1.000000 0.073438
0 0.215278 0.319531 0.352778 0.029687
6 0.903472 0.319336 0.115278 0.037109
8 0.500000 0.381641 1.000000 0.047656
8 0.500000 0.334375 1.000000 0.073438
0 0.170486 0.443750 0.263194 0.029687
6 0.903472 0.443555 0.115278 0.037109
