4 0.500000 0.464018 1.000000 0.865067
0 0.288889 0.068028 0.227778 0.034858
3 0.068056 0.036732 0.136111 0.073463
0 0.121528 0.122751 0.243056 0.035607
0 0.380556 0.171852 0.712500 0.022114
5 0.858333 0.171852 0.243056 0.039355
0 0.858681 0.171852 0.114583 0.039355
0 0.380556 0.234820 0.712500 0.022114
5 0.858333 0.234820 0.243056 0.039355
0 0.858333 0.234820 0.109722 0.039355
0 0.138194 0.284295 0.276389 0.035607
0 0.376389 0.322151 0.704167 0.022114
6 0.794097 0.323088 0.131250 0.041979
6 0.923611 0.323088 0.127778 0.041979
0 0.376389 0.385120 0.704167 0.022114
6 0.794097 0.386057 0.131250 0.041979
6 0.923611 0.386057 0.127778 0.041979
0 0.376389 0.448088 0.704167 0.022114
6 0.794097 0.449025 0.131250 0.041979
6 0.923611 0.449025 0.127778 0.041979
0 0.376389 0.511057 0.704167 0.022114
6 0.794097 0.511994 0.131250 0.041979
6 0.923611 0.511994 0.127778 0.041979
0 0.376389 0.574025 0.704167 0.022114
6 0.794097 0.574963 0.131250 0.041979
6 0.923611 0.574963 0.127778 0.041979
0 0.376389 0.636994 0.704167 0.022114
6 0.794097 0.637931 0.131250 0.041979
6 0.923611 0.637931 0.127778 0.041979
0 0.376389 0.699963 0.704167 0.022114
6 0.794097 0.700900 0.131250 0.041979
6 0.923611 0.700900 0.127778 0.041979
0 0.376389 0.762931 0.704167 0.022114
6 0.794097 0.763868 0.131250 0.041979
6 0.923611 0.763868 0.127778 0.041979
0 0.376389 0.825900 0.704167 0.022114
6 0.794097 0.826837 0.131250 0.041979
6 0.923611 0.826837 0.127778 0.041979
0 0.376389 0.887181 0.704167 0.018741
6 0.794097 0.882684 0.131250 0.027736
6 0.923611 0.882684 0.127778 0.027736
