4 0.068056 0.038281 0.136111 0.076563
4 0.883333 0.071094 0.233333 0.076563
0 0.834722 0.071094 0.136111 0.025000
1 0.961111 0.071094 0.077778 0.043750
0 0.228125 0.071094 0.164583 0.032813
4 0.500000 0.521875 1.000000 0.825000
8 0.500000 0.131836 0.922222 0.044922
8 0.500000 0.093164 0.922222 0.093359
0 0.500000 0.202539 0.844444 0.049609
8 0.500000 0.185156 0.922222 0.087500
0 0.277083 0.294336 0.086111 0.035547
1 0.820139 0.294531 0.077778 0.043750
1 0.897917 0.294531 0.077778 0.043750
8 0.500000 0.363867 0.922222 0.044922
8 0.500000 0.338281 0.922222 0.119531
0 0.175000 0.422852 0.194444 0.026172
0 0.500000 0.460742 0.844444 0.049609
8 0.500000 0.459375 0.922222 0.119531
0 0.202431 0.543945 0.249306 0.026172
0 0.500000 0.581836 0.844444 0.049609
8 0.500000 0.652539 0.922222 0.044922
8 0.500000 0.626953 0.922222 0.119531
0 0.175000 0.711523 0.194444 0.026172
0 0.500000 0.749414 0.844444 0.049609
8 0.500000 0.734766 0.922222 0.092969
0 0.174306 0.832617 0.193056 0.026172
0 0.260417 0.857227 0.365278 0.023047
8 0.500000 0.829297 0.922222 0.092969
0 0.145486 0.924219 0.135417 0.020313
