0 0.235764 0.057274 0.179861 0.029347
3 0.068056 0.030925 0.136111 0.061849
3 0.941667 0.057431 0.116667 0.053014
0 0.224653 0.103818 0.400694 0.028400
6 0.936806 0.146734 0.077778 0.035342
0 0.461111 0.146576 0.873611 0.025560
0 0.120139 0.182234 0.191667 0.025560
0 0.869792 0.182392 0.056250 0.035342
6 0.936806 0.182392 0.077778 0.035342
0 0.118056 0.222310 0.187500 0.025560
0 0.863889 0.222468 0.068056 0.044178
6 0.936806 0.222468 0.077778 0.035342
0 0.151042 0.262386 0.253472 0.025560
0 0.869444 0.262543 0.056944 0.035342
6 0.936806 0.262543 0.077778 0.035342
0 0.170833 0.293310 0.293056 0.025560
0 0.170833 0.315873 0.293056 0.019565
0 0.869097 0.298201 0.057639 0.035342
6 0.936806 0.300410 0.077778 0.030925
0 0.178819 0.344430 0.309028 0.025560
0 0.178819 0.366993 0.309028 0.019565
0 0.856597 0.349322 0.082639 0.035342
6 0.936806 0.351530 0.077778 0.030925
0 0.087500 0.394604 0.126389 0.025560
0 0.865278 0.394762 0.065278 0.035342
6 0.936806 0.394762 0.077778 0.035342
0 0.073958 0.430262 0.099306 0.025560
0 0.865278 0.430420 0.065278 0.035342
6 0.936806 0.430420 0.077778 0.035342
6 0.936806 0.466078 0.077778 0.035342
0 0.461111 0.465920 0.873611 0.025560
6 0.936806 0.501736 0.077778 0.035342
0 0.461111 0.501578 0.873611 0.025560
0 0.500000 0.537709 0.951389 0.036605
0 0.190625 0.597980 0.332639 0.028400
6 0.936806 0.640896 0.077778 0.035342
0 0.461111 0.640738 0.873611 0.025560
6 0.936806 0.676554 0.077778 0.035342
0 0.461111 0.676396 0.873611 0.025560
0 0.500000 0.712528 0.951389 0.036605
6 0.936806 0.744714 0.077778 0.015778
0 0.461111 0.747081 0.873611 0.011044
