4 0.500000 0.065625 1.000000 0.065625
0 0.235764 0.065430 0.179861 0.036328
4 0.068056 0.032813 0.136111 0.065625
4 0.493056 0.516406 0.986111 0.835938
8 0.493056 0.049609 0.986111 0.099219
1 0.088194 0.148047 0.116667 0.065625
0 0.305903 0.135156 0.260417 0.029687
0 0.468403 0.162891 0.585417 0.025781
8 0.493056 0.150391 0.986111 0.099219
1 0.088194 0.248828 0.116667 0.065625
0 0.362153 0.235937 0.372917 0.029687
0 0.362153 0.263672 0.372917 0.025781
8 0.493056 0.251172 0.986111 0.099219
1 0.088194 0.349609 0.116667 0.065625
0 0.230903 0.336719 0.110417 0.029687
0 0.446181 0.364453 0.540972 0.025781
8 0.493056 0.351953 0.986111 0.099219
1 0.088194 0.450391 0.116667 0.065625
0 0.260069 0.437500 0.168750 0.029687
0 0.378819 0.465234 0.406250 0.025781
8 0.493056 0.452734 0.986111 0.099219
1 0.088194 0.551172 0.116667 0.065625
0 0.286806 0.538281 0.222222 0.029687
0 0.448958 0.566016 0.546528 0.025781
8 0.493056 0.553516 0.986111 0.099219
1 0.088194 0.651953 0.116667 0.065625
0 0.339583 0.639062 0.327778 0.029687
0 0.425000 0.666797 0.498611 0.025781
8 0.493056 0.654297 0.986111 0.099219
1 0.088194 0.752734 0.116667 0.065625
0 0.265625 0.739844 0.179861 0.029687
0 0.521875 0.767578 0.692361 0.025781
8 0.493056 0.766211 0.986111 0.121484
1 0.088194 0.864453 0.116667 0.065625
0 0.262847 0.840625 0.174306 0.029687
0 0.561458 0.879492 0.771528 0.048047
8 0.493056 0.878125 0.986111 0.099219
