0 0.288889 0.069727 0.227778 0.036328
3 0.068056 0.038086 0.136111 0.073828
3 0.500000 0.138672 1.000000 0.064062
3 0.500000 0.213477 1.000000 0.084766
3 0.500000 0.298633 1.000000 0.084766
3 0.500000 0.383789 1.000000 0.084766
3 0.500000 0.468945 1.000000 0.084766
3 0.500000 0.554102 1.000000 0.084766
3 0.500000 0.639258 1.000000 0.084766
0 0.500000 0.724414 1.000000 0.084766
6 0.918056 0.724414 0.163889 0.037109
0 0.500000 0.809570 1.000000 0.084766
6 0.893750 0.809570 0.115278 0.037109
3 0.143750 0.887500 0.170833 0.025781
0 0.509722 0.928320 0.902778 0.012109
