0 0.235764 0.070898 0.179861 0.036328
3 0.068056 0.038281 0.136111 0.076563
3 0.500000 0.034180 1.000000 0.068359
8 0.500000 0.043750 1.000000 0.065625
0 0.097222 0.221484 0.116667 0.025781
8 0.500000 0.121875 1.000000 0.087500
8 0.106944 0.299219 0.136111 0.032813
8 0.267708 0.299414 0.185417 0.033203
8 0.500000 0.210938 1.000000 0.087500
8 0.106944 0.388281 0.136111 0.032813
8 0.330903 0.388477 0.311806 0.033203
8 0.500000 0.300000 1.000000 0.087500
8 0.106944 0.477344 0.136111 0.032813
8 0.311458 0.477539 0.272917 0.033203
8 0.500000 0.389062 1.000000 0.087500
8 0.106944 0.566406 0.136111 0.032813
8 0.319444 0.566602 0.288889 0.033203
8 0.500000 0.478125 1.000000 0.087500
8 0.106944 0.655469 0.136111 0.032813
8 0.345833 0.655664 0.341667 0.033203
8 0.500000 0.567187 1.000000 0.087500
8 0.106944 0.744531 0.136111 0.032813
8 0.261458 0.744727 0.172917 0.033203
8 0.500000 0.654687 1.000000 0.087500
8 0.106944 0.832031 0.136111 0.032813
8 0.254167 0.832227 0.158333 0.033203
8 0.500000 0.731250 1.000000 0.065625
0 0.104861 0.908984 0.131944 0.025781
