0 0.264931 0.070898 0.179861 0.036328
3 0.068056 0.038281 0.136111 0.076563
4 0.500000 0.521875 1.000000 0.825000
8 0.500000 0.133203 1.000000 0.047656
8 0.500000 0.085938 1.000000 0.073438
0 0.171875 0.195312 0.265972 0.029687
6 0.903472 0.195117 0.115278 0.037109
8 0.500000 0.160938 1.000000 0.073438
0 0.197222 0.270313 0.316667 0.029687
6 0.903472 0.270117 0.115278 0.037109
8 0.500000 0.248828 1.000000 0.099219
0 0.170139 0.345313 0.262500 0.029687
0 0.074653 0.373047 0.071528 0.025781
8 0.500000 0.336719 1.000000 0.073438
0 0.257639 0.446094 0.437500 0.029687
6 0.903472 0.445898 0.115278 0.037109
8 0.500000 0.508203 1.000000 0.047656
8 0.500000 0.460938 1.000000 0.073438
0 0.269097 0.570312 0.460417 0.029687
6 0.903472 0.570117 0.115278 0.037109
8 0.500000 0.535937 1.000000 0.073438
0 0.329167 0.645312 0.580556 0.029687
6 0.903472 0.645117 0.115278 0.037109
8 0.500000 0.610938 1.000000 0.073438
0 0.319097 0.720313 0.560417 0.029687
6 0.903472 0.720117 0.115278 0.037109
8 0.500000 0.782422 1.000000 0.047656
8 0.500000 0.735156 1.000000 0.073438
0 0.257986 0.844531 0.438194 0.029687
6 0.903472 0.844336 0.115278 0.037109
8 0.500000 0.810156 1.000000 0.073438
0 0.293403 0.919531 0.509028 0.029687
6 0.903472 0.917578 0.115278 0.033594
