4 0.500000 0.521875 1.000000 0.825000
8 0.500000 0.133203 0.922222 0.047656
8 0.500000 0.109961 0.922222 0.121484
0 0.244097 0.195312 0.332639 0.029687
0 0.422917 0.234180 0.690278 0.048047
6 0.864583 0.219336 0.115278 0.037109
8 0.500000 0.244141 0.922222 0.143750
0 0.200694 0.318359 0.245833 0.029687
0 0.500000 0.368359 0.844444 0.070312
8 0.500000 0.450781 0.922222 0.047656
8 0.500000 0.427539 0.922222 0.121484
0 0.166667 0.512891 0.177778 0.029687
0 0.422917 0.551758 0.690278 0.048047
6 0.864583 0.536914 0.115278 0.037109
8 0.500000 0.623047 0.922222 0.047656
8 0.500000 0.575781 0.922222 0.073438
0 0.196528 0.685156 0.237500 0.029687
8 0.500000 0.650781 0.922222 0.073438
0 0.151042 0.760156 0.146528 0.029687
8 0.500000 0.725781 0.922222 0.073438
0 0.129514 0.835156 0.103472 0.029687
0 0.264931 0.070898 0.179861 0.036328
3 0.068056 0.038281 0.136111 0.076563
