0 0.128819 0.070898 0.179861 0.036328
4 0.500000 0.521875 1.000000 0.825000
8 0.500000 0.043750 1.000000 0.087500
1 0.071875 0.152930 0.072917 0.041016
0 0.251736 0.138281 0.215972 0.029687
0 0.487153 0.167969 0.686806 0.029687
8 0.500000 0.131250 1.000000 0.087500
1 0.071875 0.240430 0.072917 0.041016
0 0.182292 0.225781 0.077083 0.029687
0 0.354167 0.255469 0.420833 0.029687
8 0.500000 0.231250 1.000000 0.112500
1 0.067708 0.340430 0.072917 0.041016
0 0.364236 0.312891 0.442361 0.029687
0 0.520486 0.355469 0.754861 0.055469
6 0.936806 0.340625 0.077778 0.043750
8 0.500000 0.343750 1.000000 0.112500
1 0.067708 0.452930 0.072917 0.041016
0 0.470833 0.425391 0.655556 0.029687
0 0.520486 0.467969 0.754861 0.055469
6 0.936806 0.453125 0.077778 0.043750
8 0.500000 0.443750 1.000000 0.087500
1 0.071875 0.552930 0.072917 0.041016
0 0.193750 0.553125 0.100000 0.029687
8 0.500000 0.531250 1.000000 0.087500
1 0.071875 0.640430 0.072917 0.041016
0 0.322917 0.625781 0.358333 0.029687
0 0.186458 0.655469 0.085417 0.029687
