8 0.500000 0.445312 1.000000 0.825000
3 0.500000 0.314063 1.000000 0.562500
4 0.500000 0.445312 1.000000 0.825000
8 0.500000 0.281250 1.000000 0.562500
8 0.500000 0.672266 1.000000 0.153125
1 0.902778 0.672266 0.116667 0.065625
3 0.623958 0.655859 0.382639 0.032813
3 0.690278 0.683203 0.250000 0.021875
8 0.500000 0.803516 1.000000 0.108594
3 0.378472 0.822266 0.156944 0.058594
3 0.617014 0.822266 0.164583 0.058594
4 0.087500 0.595313 0.097222 0.054688
3 0.068056 0.038281 0.136111 0.076563
3 0.708333 0.896094 0.116667 0.065625
3 0.825000 0.896094 0.116667 0.065625
3 0.941667 0.896094 0.116667 0.065625
