4 0.500000 0.467187 1.000000 0.934375
1 0.500000 0.049609 0.116667 0.065625
1 0.500000 0.142187 1.000000 0.284375
1 0.500000 0.332031 0.505556 0.284375
1 0.184722 0.103906 0.369444 0.207813
1 0.097222 0.175000 0.116667 0.065625
4 0.500000 0.649805 1.000000 0.366797
0 0.500000 0.626563 1.000000 0.043750
0 0.500000 0.676953 0.518056 0.035156
4 0.500000 0.333984 1.000000 0.065625
4 0.184722 0.103906 0.369444 0.207813
1 0.156250 0.032813 0.058333 0.032813
0 0.543750 0.833008 0.125000 0.033203
3 0.500000 0.901563 0.502778 0.065625
3 0.007292 0.467187 0.014583 0.934375
