0 0.499653 0.103679 0.559028 0.067726
0 0.499653 0.177258 0.524306 0.032609
8 0.500000 0.608487 1.000000 0.783027
0 0.500000 0.299958 1.000000 0.031355
0 0.188542 0.450251 0.121528 0.105351
1 0.324653 0.432692 0.111806 0.140468
1 0.436458 0.419523 0.072917 0.043896
1 0.436458 0.480978 0.072917 0.043896
0 0.307292 0.525920 0.153472 0.045987
0 0.562847 0.450251 0.121528 0.105351
1 0.689236 0.432692 0.111806 0.140468
1 0.801042 0.419523 0.072917 0.043896
1 0.801042 0.480978 0.072917 0.043896
0 0.662153 0.525920 0.135417 0.045987
0 0.499653 0.609114 0.175694 0.032609
3 0.500000 0.956104 0.534722 0.087793
