0 0.335069 0.070898 0.320139 0.030078
3 0.750694 0.901563 0.498611 0.065625
3 0.249306 0.901563 0.498611 0.065625
6 0.077778 0.812500 0.077778 0.043750
0 0.229514 0.812695 0.186806 0.065234
3 0.509028 0.812695 0.372222 0.065234
0 0.337847 0.146289 0.597917 0.030078
0 0.120486 0.208789 0.240972 0.051172
5 0.357292 0.267969 0.636806 0.064062
5 0.837847 0.265234 0.246528 0.061719
0 0.842708 0.265039 0.236806 0.033203
0 0.500000 0.347461 1.000000 0.051172
5 0.367014 0.403906 0.656250 0.061719
0 0.373264 0.403711 0.643750 0.033203
