1 0.500000 0.205859 0.145833 0.099219
0 0.500000 0.286523 0.580556 0.040234
0 0.500000 0.353906 0.961111 0.061719
6 0.116667 0.564844 0.077778 0.043750
3 0.548611 0.565039 0.747222 0.048047
4 0.500000 0.656055 0.844444 0.068359
1 0.138542 0.656055 0.121528 0.068359
0 0.560764 0.656055 0.722917 0.068359
4 0.500000 0.742383 0.844444 0.068359
1 0.138542 0.742383 0.121528 0.068359
0 0.560764 0.742383 0.722917 0.068359
4 0.500000 0.828711 0.844444 0.068359
1 0.138542 0.828711 0.121528 0.068359
0 0.560764 0.828711 0.722917 0.068359
3 0.500000 0.902148 0.844444 0.042578
