1 0.500000 0.483594 1.000000 0.901563
0 0.500000 0.208203 0.819444 0.350781
4 0.500000 0.449219 0.819444 0.076563
1 0.075694 0.038281 0.077778 0.032813
0 0.538889 0.437891 0.668056 0.029687
0 0.538889 0.463867 0.668056 0.022266
4 0.500000 0.532813 0.819444 0.076563
0 0.538889 0.521484 0.668056 0.029687
0 0.538889 0.547461 0.668056 0.022266
4 0.500000 0.616406 0.819444 0.076563
0 0.538889 0.616406 0.668056 0.029687
4 0.500000 0.709766 0.558333 0.054688
0 0.500000 0.706250 0.461111 0.047656
0 0.500000 0.895898 0.727778 0.022266
