1 0.500000 0.568164 0.388889 0.035547
0 0.500000 0.604297 0.622222 0.025781
4 0.500000 0.678906 0.612500 0.054688
1 0.242361 0.678906 0.097222 0.054688
1 0.292361 0.678906 0.002778 0.054688
0 0.548611 0.678906 0.515278 0.054688
4 0.500000 0.755469 0.612500 0.054688
1 0.242361 0.755469 0.097222 0.054688
1 0.292361 0.755469 0.002778 0.054688
0 0.548611 0.755469 0.515278 0.054688
4 0.500000 0.832031 0.612500 0.054688
1 0.242361 0.832031 0.097222 0.054688
1 0.292361 0.832031 0.002778 0.054688
0 0.548611 0.832031 0.515278 0.054688
3 0.499653 0.894141 0.367361 0.069531
