1 0.499653 0.198579 0.607639 0.070234
4 0.500000 0.406355 0.575000 0.058528
1 0.285417 0.406355 0.048611 0.029264
0 0.548611 0.406355 0.380556 0.025920
4 0.500000 0.479515 0.575000 0.058528
1 0.285417 0.479515 0.048611 0.029264
0 0.548611 0.479515 0.380556 0.025920
4 0.500000 0.552676 0.575000 0.058528
1 0.285417 0.552676 0.048611 0.029264
0 0.548611 0.552676 0.380556 0.025920
4 0.500000 0.625836 0.575000 0.058528
1 0.285417 0.625836 0.048611 0.029264
0 0.519097 0.625836 0.321528 0.025920
3 0.499653 0.799749 0.217361 0.029264
3 0.500000 0.957776 0.461111 0.025920
