0 0.500000 0.094727 0.411111 0.123828
4 0.500000 0.221875 1.000000 0.114062
1 0.140278 0.221875 0.202778 0.114062
0 0.460417 0.221875 0.408333 0.029687
4 0.500000 0.335938 1.000000 0.114062
1 0.140278 0.335938 0.202778 0.114062
0 0.416319 0.335938 0.320139 0.029687
4 0.500000 0.450000 1.000000 0.114062
1 0.140278 0.450000 0.202778 0.114062
0 0.440278 0.450000 0.368056 0.029687
4 0.500000 0.564063 1.000000 0.114062
1 0.140278 0.564063 0.202778 0.114062
0 0.369444 0.564063 0.226389 0.029687
1 0.499653 0.834180 0.114583 0.014453
3 0.250000 0.899609 0.500000 0.069531
3 0.750000 0.899609 0.500000 0.069531
