0 0.500000 0.079687 0.441667 0.044531
0 0.500000 0.759180 0.854167 0.087891
0 0.499653 0.690430 0.429861 0.033203
1 0.500000 0.387891 1.000000 0.522656
8 0.500000 0.006836 0.379167 0.013672
1 0.027083 0.006836 0.054167 0.013672
1 0.081250 0.006836 0.054167 0.013672
1 0.135417 0.006836 0.054167 0.013672
1 0.189583 0.006836 0.054167 0.013672
1 0.243750 0.006836 0.054167 0.013672
1 0.297917 0.006836 0.054167 0.013672
1 0.352083 0.006836 0.054167 0.013672
1 0.445833 0.826367 0.054167 0.013672
3 0.499653 0.887891 0.336806 0.060156
