1 0.562500 0.736622 0.875000 0.526756
0 0.500000 0.253972 1.000000 0.203595
0 0.129861 0.400084 0.176389 0.030100
0 0.588194 0.400920 0.740278 0.027592
1 0.226389 0.853261 0.369444 0.040970
4 0.233333 0.950251 0.466667 0.081940
1 0.233333 0.932692 0.077778 0.046823
0 0.233333 0.969900 0.466667 0.027592
1 0.500000 0.950251 0.066667 0.081940
4 0.766667 0.950251 0.466667 0.081940
1 0.766667 0.932692 0.077778 0.046823
0 0.766667 0.969900 0.466667 0.027592
0 0.140625 0.075878 0.203472 0.038880
4 0.825000 0.076087 0.116667 0.070234
4 0.941667 0.076087 0.116667 0.070234
