1 0.913542 0.048633 0.095139 0.053516
8 0.500000 0.448828 0.833333 0.692187
0 0.499653 0.296875 0.382639 0.069531
0 0.479861 0.555859 0.668056 0.047656
0 0.276736 0.601562 0.261806 0.029687
8 0.927083 0.346094 0.145833 0.692187
2 0.271875 0.008789 0.031250 0.017578
2 0.326042 0.008789 0.031250 0.017578
2 0.380208 0.008789 0.031250 0.017578
2 0.434375 0.008789 0.031250 0.017578
2 0.488542 0.008789 0.031250 0.017578
2 0.542708 0.008789 0.031250 0.017578
2 0.596875 0.008789 0.031250 0.017578
2 0.651042 0.008789 0.031250 0.017578
2 0.705208 0.008789 0.031250 0.017578
3 0.500000 0.901563 1.000000 0.065625
