4 0.500000 0.071094 1.000000 0.076563
0 0.326736 0.070898 0.303472 0.036328
3 0.068056 0.038281 0.136111 0.076563
3 0.941667 0.071094 0.116667 0.065625
8 0.500000 0.306250 1.000000 0.393750
5 0.500000 0.306250 1.000000 0.393750
0 0.204861 0.276172 0.061111 0.061719
0 0.295486 0.306250 0.120139 0.121875
0 0.379861 0.306250 0.048611 0.121875
0 0.464236 0.306250 0.120139 0.121875
0 0.584375 0.306250 0.120139 0.121875
0 0.704514 0.306250 0.120139 0.121875
3 0.250000 0.440625 0.500000 0.065625
3 0.750000 0.440625 0.500000 0.065625
8 0.500000 0.608008 1.000000 0.428516
0 0.500000 0.698828 0.455556 0.029687
0 0.500000 0.737500 0.455556 0.025781
1 0.500000 0.728320 1.000000 0.406641
