4 0.402910 0.450781 0.805820 0.901563
4 0.402910 0.063672 0.805820 0.061719
4 0.132065 0.063672 0.264130 0.049219
1 0.040291 0.063672 0.060436 0.035156
1 0.167320 0.063672 0.173475 0.034375
4 0.402910 0.514453 0.805820 0.839844
4 0.402910 0.467969 0.805820 0.746875
4 0.402910 0.621680 0.805820 0.091016
3 0.220761 0.621680 0.363179 0.091016
3 0.585059 0.621680 0.363179 0.091016
4 0.402910 0.659766 0.805820 0.119531
3 0.081421 0.750977 0.123671 0.112109
3 0.224958 0.750781 0.124231 0.112500
3 0.368495 0.750977 0.123671 0.112109
3 0.509793 0.750977 0.158926 0.112109
3 0.651091 0.750977 0.123671 0.112109
3 0.759373 0.750977 0.053721 0.112109
4 0.402910 0.887891 0.805820 0.092969
3 0.402910 0.898242 0.805820 0.072266
4 0.402910 0.050195 0.805820 0.100391
1 0.034975 0.050195 0.058758 0.041016
0 0.432289 0.050195 0.735870 0.092578
