4 0.099306 0.029264 0.198611 0.058528
1 0.097917 0.971572 0.195833 0.056856
4 0.299306 0.029264 0.198611 0.058528
1 0.297917 0.971572 0.195833 0.056856
4 0.499306 0.029264 0.198611 0.058528
1 0.497917 0.971572 0.195833 0.056856
4 0.699653 0.029264 0.199306 0.058528
1 0.698264 0.971572 0.196528 0.056856
4 0.900347 0.029264 0.199306 0.058528
1 0.900347 0.971572 0.199306 0.056856
1 0.500000 0.079013 1.000000 0.087793
3 0.500000 0.209239 0.902778 0.084866
3 0.500000 0.316263 0.902778 0.084866
0 0.500000 0.436037 0.902778 0.037625
3 0.500000 0.519440 0.902778 0.084866
3 0.500000 0.648829 0.843056 0.114548
3 0.356250 0.703595 0.215278 0.023411
0 0.496875 0.703595 0.065972 0.023411
3 0.640625 0.703595 0.221528 0.023411
