1 0.500000 0.118520 0.951389 0.166806
0 0.500000 0.255435 0.461111 0.077759
8 0.170139 0.397784 0.243056 0.130853
1 0.170139 0.376672 0.194444 0.059365
0 0.170139 0.434783 0.102778 0.027592
8 0.470833 0.397784 0.243056 0.130853
1 0.470833 0.376672 0.194444 0.059365
0 0.470833 0.434783 0.109722 0.027592
8 0.771528 0.397784 0.243056 0.130853
1 0.771528 0.376672 0.194444 0.059365
0 0.771528 0.434783 0.129167 0.027592
8 0.170139 0.552258 0.243056 0.131271
1 0.170139 0.531145 0.194444 0.059783
0 0.170139 0.589465 0.080556 0.027592
8 0.470833 0.552258 0.243056 0.131271
1 0.470833 0.531145 0.194444 0.059783
0 0.470486 0.589465 0.081250 0.027592
8 0.771528 0.552258 0.243056 0.131271
1 0.771528 0.531145 0.194444 0.059783
0 0.771181 0.589465 0.124306 0.027592
