0 0.499653 0.037325 0.863194 0.037872
0 0.499653 0.117338 0.225694 0.030648
0 0.500000 0.138901 0.104167 0.012478
0 0.755903 0.110661 0.267361 0.030867
1 0.038194 0.015762 0.061111 0.019264
0 0.532986 0.200635 0.463194 0.012478
0 0.514931 0.226029 0.427083 0.012478
4 0.500000 0.265652 0.879167 0.038310
0 0.499653 0.265652 0.220139 0.020359
0 0.499653 0.300679 0.468750 0.025613
4 0.500000 0.411449 0.902778 0.068958
1 0.109375 0.026817 0.218750 0.053634
0 0.569792 0.391856 0.531250 0.014448
0 0.615625 0.412653 0.622917 0.027145
4 0.500000 0.345556 0.902778 0.047504
0 0.500000 0.337785 0.512500 0.016637
0 0.500000 0.353875 0.394444 0.015543
4 0.500000 0.488616 0.902778 0.070053
0 0.499653 0.474387 0.434028 0.026270
1 0.451042 0.047395 0.085417 0.026926
0 0.499653 0.519046 0.289583 0.009194
