0 0.538889 0.071094 0.727778 0.076563
3 0.068056 0.038281 0.136111 0.076563
3 0.166667 0.146289 0.333333 0.073828
3 0.500000 0.146289 0.333333 0.073828
3 0.833333 0.146289 0.333333 0.073828
8 0.500000 0.558789 1.000000 0.751172
8 0.500000 0.281836 0.922222 0.153516
0 0.500000 0.259961 0.922222 0.066016
0 0.500000 0.333203 0.922222 0.025781
8 0.500000 0.480078 0.961111 0.543750
1 0.500000 0.663281 0.951389 0.535156
4 0.500000 0.521875 1.000000 0.825000
1 0.499653 0.382227 0.218750 0.123047
0 0.500000 0.509570 0.922222 0.066016
0 0.500000 0.591602 0.922222 0.076172
3 0.500000 0.698047 0.304167 0.049219
