1 0.227431 0.038281 0.377083 0.021875
3 0.825000 0.071094 0.116667 0.065625
3 0.941667 0.071094 0.116667 0.065625
7 0.100000 0.032813 0.200000 0.065625
1 0.100000 0.032813 0.058333 0.032813
7 0.300000 0.032813 0.200000 0.065625
7 0.500000 0.032813 0.200000 0.065625
7 0.700000 0.032813 0.200000 0.065625
7 0.900000 0.032813 0.200000 0.065625
0 0.500000 0.281641 0.902778 0.158594
0 0.500000 0.443164 0.902778 0.051953
0 0.500000 0.503711 0.902778 0.027734
0 0.500000 0.552148 0.902778 0.027734
0 0.500000 0.600586 0.902778 0.027734
0 0.500000 0.649023 0.902778 0.027734
3 0.254861 0.874219 0.412500 0.065625
3 0.730556 0.874219 0.441667 0.065625
