1 0.500000 0.515050 0.748611 0.819398
1 0.500000 0.177258 0.984722 0.134615
0 0.500000 0.301421 0.936111 0.066054
0 0.500000 0.359114 0.936111 0.027592
0 0.500000 0.397575 0.936111 0.027592
0 0.500000 0.436037 0.936111 0.027592
0 0.500000 0.474498 0.936111 0.027592
0 0.500000 0.512960 0.936111 0.027592
0 0.500000 0.551421 0.936111 0.027592
0 0.500000 0.589883 0.936111 0.027592
3 0.499653 0.667015 0.649306 0.079013
3 0.499653 0.755226 0.649306 0.079013
4 0.135764 0.035117 0.193750 0.070234
0 0.126042 0.070025 0.174306 0.035535
3 0.068056 0.035117 0.136111 0.070234
