4 0.500000 0.159570 1.000000 0.075391
1 0.087153 0.159570 0.125694 0.048047
0 0.549306 0.159570 0.750000 0.033203
2 0.962153 0.159570 0.027083 0.009766
8 0.500000 0.332227 1.000000 0.664453
1 0.500000 0.292578 1.000000 0.165625
1 0.500000 0.436719 1.000000 0.095312
0 0.233333 0.275586 0.388889 0.066016
0 0.271181 0.541992 0.464583 0.044141
0 0.341319 0.599414 0.604861 0.040234
0 0.500000 0.649023 0.922222 0.058984
0 0.112153 0.698633 0.146528 0.040234
0 0.390278 0.738867 0.702778 0.040234
3 0.249306 0.904297 0.498611 0.060156
3 0.750694 0.904297 0.498611 0.060156
3 0.068056 0.038281 0.136111 0.076563
3 0.048611 0.038281 0.097222 0.065625
0 0.311458 0.070898 0.331250 0.036328
