8 0.500000 0.450781 1.000000 0.901563
0 0.220833 0.276953 0.202778 0.039844
0 0.500000 0.342578 0.761111 0.091406
0 0.431250 0.402539 0.623611 0.096484
0 0.348611 0.480273 0.458333 0.031641
0 0.371181 0.518945 0.503472 0.031641
0 0.331250 0.557617 0.423611 0.031641
2 0.380556 0.901563 0.019444 0.010937
2 0.417361 0.901563 0.019444 0.010937
2 0.454167 0.901563 0.019444 0.010937
2 0.490972 0.901563 0.019444 0.010937
2 0.527778 0.901563 0.019444 0.010937
2 0.564583 0.901563 0.019444 0.010937
2 0.601389 0.901563 0.019444 0.010937
