4 0.125000 0.065625 0.250000 0.065625
0 0.125000 0.065625 0.220833 0.022656
4 0.375000 0.065625 0.250000 0.065625
0 0.375000 0.065625 0.220833 0.022656
4 0.625000 0.065625 0.250000 0.065625
0 0.625000 0.065625 0.220833 0.022656
4 0.875000 0.065625 0.250000 0.065625
0 0.875000 0.065625 0.220833 0.022656
8 0.500000 0.516406 1.000000 0.835938
1 0.500000 0.136914 1.000000 0.191797
0 0.499653 0.348438 0.218750 0.034375
3 0.500000 0.484570 1.000000 0.128516
3 0.500000 0.613086 1.000000 0.128516
3 0.500000 0.741602 1.000000 0.128516
3 0.500000 0.870117 1.000000 0.128516
